1 0.9183 1.5850 1.5850
2 0.9710 1.9219 2.3219
2 1.3788 2.2359 2.8074
4 1.5305 2.7255 3.1699
4 1.5219 2.9219 3.3219
4 1.4949 3.0958 3.4594
4 1.4591 3.2516 3.5850
5 1.5262 3.3927 3.7004
5 1.5306 3.3788 3.8074
6 1.5058 3.3232 3.9069
6 1.5052 3.4528 4.0000
6 1.4837 3.5725 4.0875
7 1.4591 3.5305 4.1699
7 1.5090 3.6421 4.2479
7 1.5129 3.7464 4.3219
8 1.5100 3.8442 4.3923
8 1.5440 3.9363 4.4594
8 1.5310 4.0231 4.5236
8 1.5157 4.1054 4.5850
8 1.6973 4.1035 4.6439
8 1.6930 4.1808 4.7004
9 1.6852 4.1525 4.7549
9 1.7080 4.1550 4.8074
9 1.6988 4.2282 4.8580
10 1.6875 4.2981 4.9069
10 1.6784 4.3650 4.9542
11 1.6677 4.4292 5.0000
11 1.6555 4.4909 5.0444
11 1.7395 4.4914 5.0875
11 1.7982 4.5503 5.1293
12 1.7901 4.5515 5.1144
12 1.7805 4.5537 5.1013
12 1.7697 4.5568 5.0900
12 1.7580 4.5607 5.0803
16 1.8827 4.5464 5.1219
16 1.9535 4.5522 5.1624
16 2.0037 4.6061 5.2018
16 2.0410 4.5943 5.2402
17 2.0569 4.6009 5.2776
17 2.0683 4.5803 5.2696
17 2.0593 4.5884 5.2627
17 2.0492 4.6393 5.2993
18 2.0383 4.6313 5.2933
18 2.0267 4.6069 5.2882
18 2.0178 4.6011 5.2839
18 2.0083 4.6109 5.2803
19 2.0196 4.6593 5.3158
20 2.0099 4.7064 5.3506
20 1.9997 4.7523 5.3845
20 1.9890 4.7970 5.4177
20 1.9989 4.8406 5.4502
20 1.9921 4.8831 5.4820
21 1.9847 4.8901 5.5132
21 1.9931 4.9311 5.5437
21 1.9855 4.9379 5.5736
22 1.9922 4.9325 5.6029
22 1.9845 4.9720 5.6316
22 1.9774 5.0107 5.6598
23 1.9699 4.9876 5.6875
23 1.9761 4.9832 5.6839
23 1.9695 5.0209 5.7111
24 1.9625 5.0579 5.7377
24 1.9678 5.0941 5.7639
24 1.9616 5.1296 5.7897
24 1.9551 5.1643 5.8150
24 1.9886 5.1702 5.8399
24 1.9825 5.2040 5.8644
25 1.9760 5.1994 5.8885
25 1.9809 5.2053 5.9122
25 1.9744 5.2381 5.9355
26 1.9676 5.2439 5.9585
26 1.9626 5.2758 5.9811
27 1.9573 5.2815 6.0034
27 1.9517 5.3126 6.0253
27 1.9791 5.3026 6.0469
27 2.0025 5.3331 6.0682
28 1.9966 5.3235 6.0557
28 1.9904 5.3293 6.0527
28 1.9852 5.3204 6.0410
28 1.9797 5.3177 6.0298
32 2.0061 5.3053 6.0511
32 2.0287 5.3119 6.0721
32 2.0483 5.3412 6.0928
32 2.0653 5.3701 6.1132
32 2.1304 5.3624 6.1334
32 2.1723 5.3453 6.1532
32 2.2053 5.3519 6.1729
32 2.2324 5.3413 6.1707
32 2.2553 5.3232 6.1688
32 2.2747 5.3225 6.1671
32 2.2914 5.3297 6.1864
32 2.3058 5.3370 6.2054
32 2.3182 5.3366 6.2243
32 2.3119 5.3641 6.2428
32 2.3227 5.3637 6.2412
32 2.3319 5.3635 6.2397
32 2.3399 5.3586 6.2385
32 2.3466 5.3539 6.2567
32 2.3523 5.3806 6.2748
32 2.3571 5.3726 6.2927
32 2.4119 5.3801 6.3103
32 2.4153 5.3725 6.3091
32 2.4180 5.3801 6.3080
32 2.4199 5.3702 6.3070
32 2.4213 5.3666 6.3244
32 2.4220 5.3632 6.3416
32 2.4222 5.3643 6.3586
32 2.4561 5.3612 6.3754
32 2.4556 5.3550 6.3744
32 2.4547 5.3491 6.3736
32 2.4533 5.3465 6.3729
32 2.4516 5.3483 6.3895
32 2.4495 5.3565 6.4058
32 2.4471 5.3815 6.4220
32 2.4733 5.3895 6.4380
33 2.4704 5.3872 6.4373
33 2.4673 5.3890 6.4368
33 2.4640 5.3971 6.4363
33 2.4604 5.3898 6.4521
33 2.4565 5.4139 6.4677
33 2.4525 5.4377 6.4831
33 2.4740 5.4612 6.4984
33 2.4697 5.4521 6.4979
33 2.4653 5.4598 6.4975
33 2.4607 5.4675 6.4973
33 2.4559 5.4629 6.5123
33 2.4511 5.4706 6.5272
33 2.4460 5.4726 6.5420
33 2.4643 5.4952 6.5567
33 2.4591 5.4887 6.5563
33 2.4539 5.4908 6.5561
33 2.4485 5.4893 6.5560
33 2.4430 5.4832 6.5504
33 2.4375 5.4727 6.5450
33 2.4318 5.4805 6.5595
33 2.4478 5.4795 6.5738
33 2.4420 5.4722 6.5651
33 2.4363 5.4613 6.5566
33 2.4304 5.4606 6.5517
33 2.4245 5.4555 6.5470
33 2.4186 5.4583 6.5424
33 2.4126 5.4518 6.5379
33 2.4065 5.4454 6.5302
33 2.4004 5.4452 6.5227
33 2.3943 5.4376 6.5154
33 2.3882 5.4408 6.5297
33 2.3820 5.4441 6.5439
33 2.3758 5.4522 6.5579
33 2.3752 5.4604 6.5589
33 2.3691 5.4604 6.5599
33 2.3629 5.4605 6.5609
33 2.3568 5.4638 6.5620
34 2.3506 5.4571 6.5584
34 2.3444 5.4605 6.5548
34 2.3382 5.4639 6.5514
34 2.3320 5.4563 6.5450
34 2.3258 5.4567 6.5388
34 2.3195 5.4573 6.5327
34 2.3133 5.4524 6.5297
34 2.3071 5.4560 6.5434
34 2.3008 5.4545 6.5405
34 2.3012 5.4626 6.5542
34 2.2950 5.4568 6.5484
34 2.2889 5.4576 6.5501
34 2.2827 5.4546 6.5446
34 2.2766 5.4628 6.5581
34 2.2705 5.4637 6.5555
34 2.2644 5.4834 6.5689
34 2.2582 5.4871 6.5707
34 2.2521 5.4860 6.5654
34 2.2460 5.4940 6.5673
34 2.2400 5.4887 6.5601
34 2.2339 5.4877 6.5530
34 2.2278 5.4867 6.5509
34 2.2289 5.4905 6.5641
34 2.2229 5.4845 6.5557
34 2.2170 5.4821 6.5474
34 2.2110 5.4798 6.5428
34 2.2051 5.4791 6.5410
34 2.1992 5.4804 6.5392
34 2.1932 5.4885 6.5523
34 2.1874 5.4863 6.5480
34 2.1815 5.4858 6.5437
34 2.1756 5.4898 6.5462
35 2.1698 5.4836 6.5401
35 2.1640 5.4877 6.5531
35 2.1582 5.4957 6.5660
35 2.1598 5.4953 6.5787
35 2.1541 5.4887 6.5713
35 2.1484 5.4884 6.5655
35 2.1427 5.4827 6.5571
35 2.1370 5.5008 6.5698
35 2.1314 5.4944 6.5604
35 2.1258 5.5024 6.5630
35 2.1202 5.5041 6.5618
35 2.1146 5.5219 6.5744
35 2.1090 5.5217 6.5708
35 2.1034 5.5295 6.5735
35 2.0979 5.5471 6.5859
35 2.0924 5.5548 6.5983
35 2.0869 5.5624 6.6008
35 2.0815 5.5663 6.6034
35 2.0760 5.5617 6.5982
35 2.0706 5.5633 6.6104
35 2.0846 5.5673 6.6225
35 2.0975 5.5749 6.6346
35 2.1113 5.5765 6.6465
36 2.1135 5.5714 6.6431
36 2.1262 5.5671 6.6550
36 2.1282 5.5711 6.6668
36 2.1400 5.5712 6.6692
36 2.1516 5.5713 6.6717
36 2.1625 5.5753 6.6741
36 2.1733 5.5771 6.6857
36 2.1680 5.5748 6.6808
36 2.1627 5.5789 6.6833
36 2.1574 5.5791 6.6802
37 2.1521 5.5770 6.6755
37 2.1469 5.5759 6.6708
37 2.1570 5.5708 6.6823
37 2.1664 5.5698 6.6937
37 2.1612 5.5718 6.6929
37 2.1701 5.5881 6.7042
37 2.1649 5.5852 6.6985
37 2.1598 5.5856 6.6956
37 2.1546 5.5837 6.6899
37 2.1495 5.5810 6.6844
37 2.1444 5.5768 6.6801
37 2.1393 5.5928 6.6914
37 2.1342 5.5880 6.6859
38 2.1292 5.5847 6.6796
38 2.1376 5.5840 6.6907
38 2.1398 5.5815 6.6934
38 2.1349 5.5783 6.6872
38 2.1299 5.5751 6.6810
38 2.1250 5.5746 6.6771
38 2.1349 5.5709 6.6882
38 2.1428 5.5694 6.6910
39 2.1449 5.5646 6.6938
39 2.1401 5.5611 6.6870
39 2.1352 5.5559 6.6811
39 2.1304 5.5524 6.6744
39 2.1396 5.5484 6.6854
39 2.1471 5.5528 6.6963
39 2.1558 5.5553 6.7071
39 2.1510 5.5499 6.7006
39 2.1462 5.5573 6.7034
39 2.1415 5.5584 6.7033
40 2.1367 5.5627 6.7140
40 2.1320 5.5626 6.7120
40 2.1273 5.5670 6.7119
40 2.1226 5.5615 6.7049
40 2.1179 5.5640 6.7029
40 2.1132 5.5630 6.6996
40 2.1086 5.5655 6.7026
40 2.1040 5.5699 6.7132
40 2.0994 5.5772 6.7237
40 2.0948 5.5797 6.7266
41 2.0902 5.5808 6.7266
41 2.0978 5.5819 6.7370
41 2.1002 5.5803 6.7399
41 2.0957 5.5748 6.7326
41 2.0912 5.5725 6.7284
41 2.0867 5.5738 6.7254
41 2.0950 5.5681 6.7283
41 2.1021 5.5707 6.7284
42 2.1045 5.5719 6.7314
42 2.1001 5.5693 6.7265
42 2.0956 5.5695 6.7267
42 2.0912 5.5698 6.7251
42 2.0991 5.5667 6.7281
42 2.1059 5.5711 6.7383
42 2.1015 5.5715 6.7355
42 2.0971 5.5718 6.7327
42 2.0928 5.5705 6.7299
42 2.0885 5.5676 6.7272
42 2.0909 5.5818 6.7373
42 2.0866 5.5784 6.7336
42 2.0823 5.5798 6.7339
43 2.0781 5.5765 6.7294
43 2.0739 5.5769 6.7258
43 2.0696 5.5732 6.7214
43 2.0654 5.5737 6.7202
43 2.0612 5.5720 6.7167
43 2.0571 5.5689 6.7133
43 2.0529 5.5686 6.7099
43 2.0488 5.5683 6.7065
43 2.0446 5.5652 6.7011
43 2.0405 5.5618 6.6970
43 2.0364 5.5634 6.6976
43 2.0323 5.5632 6.6954
43 2.0283 5.5598 6.6896
43 2.0242 5.5597 6.6856
43 2.0202 5.5589 6.6818
43 2.0162 5.5588 6.6797
43 2.0121 5.5569 6.6759
43 2.0082 5.5576 6.6792
43 2.0042 5.5563 6.6748
43 2.0002 5.5556 6.6718
44 1.9963 5.5521 6.6659
44 1.9923 5.5514 6.6616
44 1.9996 5.5649 6.6715
44 2.0023 5.5643 6.6724
44 1.9984 5.5636 6.6688
44 1.9946 5.5624 6.6661
44 1.9907 5.5591 6.6619
44 1.9974 5.5599 6.6717
44 2.0048 5.5588 6.6815
44 2.0112 5.5617 6.6912
45 2.0139 5.5606 6.7009
45 2.0100 5.5636 6.7018
45 2.0062 5.5620 6.6984
45 2.0024 5.5609 6.6937
45 2.0096 5.5628 6.7034
45 2.0157 5.5646 6.7067
45 2.0224 5.5676 6.7162
45 2.0187 5.5678 6.7145
45 2.0149 5.5659 6.7105
45 2.0112 5.5727 6.7200
45 2.0074 5.5729 6.7209
45 2.0037 5.5797 6.7303
45 2.0000 5.5816 6.7313
46 1.9963 5.5944 6.7406
46 1.9927 5.5988 6.7416
46 1.9890 5.6032 6.7448
46 1.9853 5.6042 6.7442
46 1.9817 5.6086 6.7475
46 1.9781 5.6081 6.7469
46 1.9745 5.6077 6.7445
46 1.9709 5.6055 6.7402
46 1.9673 5.6030 6.7364
46 1.9637 5.6021 6.7349
46 1.9601 5.5993 6.7312
46 1.9566 5.5996 6.7298
46 1.9530 5.5968 6.7256
46 1.9495 5.5997 6.7253
46 1.9460 5.5990 6.7224
46 1.9425 5.6034 6.7235
46 1.9390 5.6063 6.7246
46 1.9355 5.6187 6.7337
46 1.9320 5.6174 6.7302
46 1.9286 5.6204 6.7300
47 1.9251 5.6174 6.7255
47 1.9217 5.6193 6.7243
47 1.9286 5.6190 6.7333
47 1.9315 5.6188 6.7366
47 1.9281 5.6166 6.7323
47 1.9247 5.6159 6.7302
47 1.9214 5.6148 6.7282
47 1.9273 5.6119 6.7315
47 1.9339 5.6094 6.7405
47 1.9397 5.6088 6.7417
48 1.9425 5.6108 6.7506
48 1.9392 5.6097 6.7479
48 1.9359 5.6109 6.7467
48 1.9325 5.6121 6.7447
48 1.9388 5.6107 6.7480
48 1.9444 5.6137 6.7513
48 1.9411 5.6110 6.7465
48 1.9378 5.6101 6.7428
48 1.9406 5.6220 6.7516
48 1.9373 5.6206 6.7485
49 1.9341 5.6178 6.7449
49 1.9308 5.6161 6.7414
49 1.9276 5.6148 6.7375
49 1.9243 5.6120 6.7325
49 1.9211 5.6104 6.7282
49 1.9179 5.6085 6.7244
49 1.9147 5.6055 6.7205
49 1.9208 5.6024 6.7219
49 1.9176 5.5997 6.7178
49 1.9144 5.5985 6.7145
49 1.9203 5.5970 6.7159
49 1.9171 5.5942 6.7115
50 1.9140 5.5912 6.7074
50 1.9197 5.5919 6.7161
50 1.9261 5.5933 6.7195
50 1.9229 5.5901 6.7155
50 1.9198 5.5884 6.7128
50 1.9227 5.5864 6.7143
50 1.9196 5.5845 6.7111
50 1.9165 5.5818 6.7063
50 1.9134 5.5796 6.7028
50 1.9103 5.5775 6.6990
50 1.9072 5.5743 6.6948
50 1.9042 5.5727 6.6907
50 1.9011 5.5742 6.6893
50 1.8981 5.5719 6.6856
50 1.9036 5.5691 6.6942
50 1.9005 5.5666 6.6901
50 1.9059 5.5689 6.6905
50 1.9029 5.5681 6.6876
50 1.8999 5.5685 6.6880
51 1.9027 5.5658 6.6915
51 1.8997 5.5658 6.6909
51 1.8968 5.5636 6.6870
51 1.8938 5.5632 6.6858
51 1.8908 5.5604 6.6816
51 1.8879 5.5579 6.6775
51 1.8849 5.5551 6.6737
51 1.8820 5.5561 6.6732
51 1.8791 5.5555 6.6715
51 1.8844 5.5532 6.6799
51 1.8815 5.5522 6.6777
51 1.8867 5.5554 6.6812
51 1.8919 5.5578 6.6896
51 1.8890 5.5549 6.6853
51 1.8861 5.5540 6.6823
51 1.8889 5.5551 6.6907
51 1.8860 5.5567 6.6912
52 1.8832 5.5599 6.6928
52 1.8803 5.5610 6.6924
52 1.8775 5.5598 6.6891
52 1.8747 5.5569 6.6848
52 1.8718 5.5555 6.6812
52 1.8690 5.5561 6.6802
52 1.8662 5.5585 6.6808
52 1.8712 5.5596 6.6890
52 1.8684 5.5704 6.6972
52 1.8656 5.5813 6.7054
52 1.8705 5.5804 6.7135
52 1.8678 5.5865 6.7170
53 1.8650 5.5881 6.7166
53 1.8698 5.5887 6.7247
53 1.8758 5.5994 6.7328
53 1.8730 5.5999 6.7317
53 1.8703 5.5988 6.7289
53 1.8731 5.5990 6.7323
53 1.8704 5.5976 6.7292
53 1.8676 5.5947 6.7247
53 1.8649 5.5931 6.7213
53 1.8622 5.5930 6.7199
53 1.8595 5.5932 6.7184
53 1.8568 5.5916 6.7148
53 1.8541 5.5909 6.7125
53 1.8514 5.5892 6.7089
53 1.8561 5.5862 6.7168
53 1.8534 5.5843 6.7131
53 1.8584 5.5948 6.7210
53 1.8557 5.5944 6.7191
53 1.8531 5.5946 6.7177
54 1.8559 5.5989 6.7256
54 1.8533 5.5988 6.7238
54 1.8506 5.5984 6.7220
54 1.8480 5.5980 6.7197
54 1.8454 5.6011 6.7215
54 1.8428 5.5991 6.7176
54 1.8402 5.6003 6.7168
54 1.8376 5.5978 6.7134
54 1.8350 5.5971 6.7109
54 1.8395 5.5965 6.7144
54 1.8370 5.5956 6.7116
54 1.8418 5.6015 6.7194
54 1.8446 5.6073 6.7271
55 1.8493 5.6052 6.7349
56 1.8550 5.6059 6.7426
56 1.8578 5.6101 6.7459
56 1.8633 5.6159 6.7536
56 1.8677 5.6159 6.7569
56 1.8719 5.6159 6.7646
56 1.8764 5.6150 6.7722
56 1.8805 5.6137 6.7754
56 1.8849 5.6115 6.7787
56 1.8892 5.6157 6.7820
56 1.8867 5.6154 6.7803
56 1.8841 5.6151 6.7790
57 1.8816 5.6146 6.7773
57 1.8791 5.6138 6.7752
57 1.8831 5.6115 6.7785
57 1.8806 5.6110 6.7765
57 1.8781 5.6100 6.7735
57 1.8756 5.6088 6.7715
57 1.8731 5.6064 6.7681
57 1.8707 5.6055 6.7658
57 1.8682 5.6043 6.7631
57 1.8721 5.6020 6.7649
57 1.8763 5.6037 6.7666
57 1.8738 5.6079 6.7740
57 1.8714 5.6066 6.7715
57 1.8689 5.6050 6.7686
57 1.8716 5.6059 6.7719
57 1.8691 5.6042 6.7689
57 1.8667 5.6140 6.7762
57 1.8693 5.6142 6.7795
57 1.8669 5.6129 6.7767
57 1.8645 5.6133 6.7761
58 1.8621 5.6135 6.7739
58 1.8597 5.6117 6.7707
58 1.8635 5.6148 6.7780
58 1.8611 5.6131 6.7748
58 1.8588 5.6112 6.7714
58 1.8625 5.6101 6.7747
58 1.8662 5.6197 6.7820
58 1.8638 5.6185 6.7799
58 1.8614 5.6198 6.7793
58 1.8591 5.6207 6.7783
58 1.8567 5.6212 6.7769
58 1.8593 5.6268 6.7841
58 1.8570 5.6363 6.7913
58 1.8546 5.6376 6.7903
58 1.8587 5.6375 6.7911
58 1.8564 5.6377 6.7893
59 1.8541 5.6376 6.7872
59 1.8577 5.6431 6.7944
59 1.8616 5.6433 6.8015
59 1.8655 5.6432 6.8033
59 1.8680 5.6487 6.8104
59 1.8718 5.6499 6.8175
59 1.8753 5.6480 6.8192
60 1.8730 5.6462 6.8163
60 1.8707 5.6516 6.8195
60 1.8684 5.6493 6.8159
60 1.8661 5.6502 6.8146
60 1.8639 5.6595 6.8216
60 1.8616 5.6592 6.8193
60 1.8593 5.6584 6.8176
60 1.8571 5.6676 6.8246
60 1.8548 5.6730 6.8277
60 1.8526 5.6724 6.8252
60 1.8503 5.6701 6.8216
60 1.8481 5.6706 6.8199
60 1.8518 5.6705 6.8231
60 1.8555 5.6703 6.8232
60 1.8532 5.6684 6.8203
60 1.8510 5.6723 6.8220
60 1.8488 5.6699 6.8183
60 1.8466 5.6696 6.8174
60 1.8444 5.6735 6.8191
60 1.8422 5.6716 6.8159
60 1.8400 5.6707 6.8141
60 1.8378 5.6702 6.8128
60 1.8356 5.6708 6.8120
60 1.8334 5.6738 6.8129
61 1.8313 5.6761 6.8137
61 1.8291 5.6763 6.8119
61 1.8269 5.6766 6.8107
61 1.8248 5.6789 6.8109
61 1.8226 5.6779 6.8088
61 1.8205 5.6773 6.8073
61 1.8230 5.6802 6.8142
61 1.8209 5.6832 6.8210
61 1.8188 5.6813 6.8181
61 1.8213 5.6793 6.8212
61 1.8192 5.6774 6.8182
61 1.8170 5.6797 6.8191
61 1.8149 5.6777 6.8162
61 1.8128 5.6754 6.8126
61 1.8107 5.6744 6.8102
61 1.8086 5.6724 6.8072
62 1.8121 5.6705 6.8139
62 1.8100 5.6685 6.8108
62 1.8150 5.6682 6.8139
62 1.8175 5.6683 6.8171
62 1.8200 5.6706 6.8189
62 1.8179 5.6724 6.8191
62 1.8158 5.6723 6.8177
62 1.8137 5.6722 6.8164
62 1.8117 5.6740 6.8195
62 1.8096 5.6729 6.8174
62 1.8076 5.6733 6.8163
62 1.8110 5.6747 6.8230
62 1.8143 5.6744 6.8261
62 1.8179 5.6739 6.8259
63 1.8203 5.6757 6.8290
63 1.8226 5.6737 6.8321
63 1.8206 5.6732 6.8298
63 1.8186 5.6711 6.8266
63 1.8165 5.6693 6.8238
63 1.8145 5.6683 6.8213
63 1.8125 5.6672 6.8191
63 1.8105 5.6653 6.8161
63 1.8137 5.6647 6.8227
63 1.8169 5.6626 6.8237
63 1.8204 5.6640 6.8246
63 1.8236 5.6627 6.8256
63 1.8216 5.6650 6.8259
63 1.8196 5.6646 6.8244
63 1.8176 5.6648 6.8231
64 1.8156 5.6646 6.8216
64 1.8136 5.6640 6.8201
64 1.8116 5.6640 6.8186
64 1.8150 5.6619 6.8217
64 1.8131 5.6619 6.8208
64 1.8111 5.6614 6.8191
64 1.8091 5.6616 6.8174
64 1.8072 5.6635 6.8173
64 1.8052 5.6631 6.8152
64 1.8032 5.6624 6.8133
64 1.8013 5.6625 6.8114
64 1.7993 5.6623 6.8097
64 1.8025 5.6612 6.8128
64 1.8005 5.6611 6.8117
64 1.7986 5.6608 6.8100
64 1.7966 5.6587 6.8070
64 1.7997 5.6566 6.8101
64 1.7978 5.6548 6.8073
64 1.7959 5.6527 6.8042
65 1.7989 5.6518 6.8061
65 1.8012 5.6512 6.8092
65 1.7993 5.6508 6.8074
65 1.8041 5.6531 6.8138
65 1.8022 5.6520 6.8116
65 1.8003 5.6499 6.8084
65 1.7984 5.6498 6.8064
65 1.7965 5.6476 6.8032
65 1.7946 5.6474 6.8011
65 1.7969 5.6471 6.8042
65 1.7950 5.6449 6.8008
65 1.7931 5.6445 6.7986
65 1.7913 5.6460 6.7982
65 1.7894 5.6448 6.7959
65 1.7875 5.6441 6.7944
65 1.7857 5.6437 6.7927
65 1.7838 5.6421 6.7902
65 1.7819 5.6419 6.7890
65 1.7801 5.6413 6.7871
65 1.7782 5.6391 6.7838
65 1.7764 5.6386 6.7815
65 1.7746 5.6363 6.7781
65 1.7727 5.6357 6.7756
65 1.7757 5.6369 6.7819
65 1.7791 5.6388 6.7839
65 1.7772 5.6383 6.7819
65 1.7754 5.6369 6.7794
65 1.7736 5.6360 6.7777
65 1.7718 5.6409 6.7808
65 1.7747 5.6421 6.7839
66 1.7729 5.6411 6.7819
66 1.7711 5.6448 6.7838
66 1.7734 5.6429 6.7858
66 1.7716 5.6418 6.7837
66 1.7698 5.6448 6.7848
66 1.7680 5.6443 6.7831
66 1.7662 5.6421 6.7797
66 1.7644 5.6414 6.7772
66 1.7626 5.6394 6.7744
66 1.7608 5.6390 6.7725
66 1.7591 5.6388 6.7707
66 1.7573 5.6383 6.7690
66 1.7596 5.6432 6.7752
66 1.7579 5.6421 6.7730
66 1.7561 5.6444 6.7736
66 1.7543 5.6432 6.7714
66 1.7526 5.6451 6.7715
66 1.7555 5.6446 6.7746
66 1.7583 5.6482 6.7808
66 1.7611 5.6468 6.7839
66 1.7638 5.6461 6.7858
66 1.7621 5.6456 6.7838
66 1.7604 5.6436 6.7810
66 1.7586 5.6426 6.7789
66 1.7569 5.6410 6.7764
66 1.7552 5.6395 6.7741
66 1.7534 5.6388 6.7721
67 1.7517 5.6366 6.7689
67 1.7500 5.6356 6.7670
67 1.7483 5.6341 6.7646
67 1.7465 5.6332 6.7625
67 1.7448 5.6321 6.7604
67 1.7481 5.6314 6.7665
67 1.7464 5.6299 6.7640
67 1.7497 5.6309 6.7646
67 1.7480 5.6290 6.7618
67 1.7463 5.6273 6.7593
67 1.7446 5.6264 6.7571
67 1.7473 5.6266 6.7591
67 1.7456 5.6256 6.7571
67 1.7439 5.6260 6.7570
67 1.7466 5.6256 6.7601
67 1.7449 5.6258 6.7595
67 1.7432 5.6260 6.7591
68 1.7464 5.6255 6.7651
68 1.7490 5.6242 6.7663
68 1.7474 5.6232 6.7643
68 1.7505 5.6240 6.7645
68 1.7488 5.6240 6.7637
68 1.7472 5.6225 6.7613
68 1.7455 5.6220 6.7598
68 1.7438 5.6204 6.7573
68 1.7422 5.6198 6.7557
68 1.7445 5.6189 6.7588
68 1.7428 5.6173 6.7562
68 1.7412 5.6166 6.7545
68 1.7395 5.6147 6.7518
68 1.7379 5.6142 6.7499
68 1.7363 5.6141 6.7489
68 1.7346 5.6131 6.7468
68 1.7330 5.6121 6.7447
68 1.7314 5.6118 6.7437
68 1.7297 5.6102 6.7412
68 1.7281 5.6086 6.7387
68 1.7265 5.6079 6.7369
68 1.7249 5.6062 6.7342
68 1.7233 5.6053 6.7323
68 1.7259 5.6035 6.7331
68 1.7290 5.6042 6.7331
68 1.7274 5.6037 6.7315
68 1.7258 5.6066 6.7346
68 1.7242 5.6079 6.7350
68 1.7226 5.6068 6.7330
68 1.7251 5.6114 6.7389
69 1.7235 5.6125 6.7389
69 1.7220 5.6113 6.7369
69 1.7243 5.6114 6.7389
69 1.7227 5.6123 6.7386
69 1.7211 5.6110 6.7364
69 1.7195 5.6100 6.7344
69 1.7221 5.6175 6.7402
69 1.7205 5.6158 6.7376
69 1.7189 5.6149 6.7357
69 1.7173 5.6149 6.7352
69 1.7158 5.6131 6.7324
69 1.7142 5.6137 6.7315
69 1.7126 5.6128 6.7296
69 1.7152 5.6174 6.7326
69 1.7136 5.6181 6.7322
69 1.7121 5.6168 6.7300
69 1.7105 5.6158 6.7281
69 1.7090 5.6144 6.7258
69 1.7114 5.6134 6.7271
69 1.7139 5.6170 6.7292
69 1.7124 5.6173 6.7285
69 1.7108 5.6157 6.7259
69 1.7093 5.6139 6.7232
69 1.7078 5.6122 6.7205
69 1.7100 5.6157 6.7236
69 1.7123 5.6192 6.7293
69 1.7108 5.6187 6.7278
70 1.7092 5.6182 6.7260
70 1.7077 5.6210 6.7281
70 1.7062 5.6192 6.7253
70 1.7084 5.6265 6.7310
70 1.7106 5.6337 6.7368
70 1.7149 5.6334 6.7388
71 1.7179 5.6328 6.7418
71 1.7201 5.6373 6.7475
71 1.7230 5.6370 6.7532
71 1.7259 5.6398 6.7589
73 1.7298 5.6392 6.7646
73 1.7336 5.6388 6.7676
73 1.7373 5.6407 6.7732
73 1.7410 5.6427 6.7789
73 1.7431 5.6409 6.7808
73 1.7455 5.6399 6.7827
73 1.7478 5.6392 6.7857
74 1.7501 5.6437 6.7913
74 1.7524 5.6508 6.7969
74 1.7565 5.6524 6.8025
74 1.7588 5.6595 6.8080
74 1.7610 5.6577 6.8099
74 1.7631 5.6567 6.8112
74 1.7653 5.6595 6.8167
75 1.7674 5.6585 6.8180
75 1.7695 5.6584 6.8235
75 1.7735 5.6628 6.8290
75 1.7755 5.6623 6.8345
75 1.7776 5.6620 6.8400
75 1.7796 5.6625 6.8455
76 1.7816 5.6625 6.8467
76 1.7855 5.6607 6.8485
76 1.7875 5.6630 6.8540
76 1.7913 5.6646 6.8568
76 1.7933 5.6662 6.8623
76 1.7952 5.6662 6.8641
76 1.7970 5.6659 6.8669
76 1.7989 5.6646 6.8676
77 1.8007 5.6661 6.8730
77 1.8025 5.6661 6.8784
77 1.8063 5.6662 6.8802
77 1.8082 5.6652 6.8820
77 1.8102 5.6655 6.8838
77 1.8119 5.6637 6.8857
77 1.8146 5.6632 6.8884
77 1.8164 5.6623 6.8891
77 1.8190 5.6646 6.8919
77 1.8207 5.6636 6.8926
77 1.8224 5.6623 6.8938
78 1.8241 5.6616 6.8956
78 1.8258 5.6615 6.8983
78 1.8274 5.6631 6.9036
78 1.8290 5.6628 6.9054
78 1.8316 5.6651 6.9072
78 1.8332 5.6670 6.9125
78 1.8347 5.6668 6.9142
78 1.8362 5.6665 6.9170
78 1.8378 5.6665 6.9222
78 1.8393 5.6648 6.9234
78 1.8407 5.6639 6.9237
78 1.8433 5.6639 6.9237
78 1.8447 5.6623 6.9248
78 1.8462 5.6614 6.9255
79 1.8476 5.6630 6.9307
79 1.8490 5.6673 6.9359
79 1.8503 5.6675 6.9411
79 1.8517 5.6709 6.9463
79 1.8542 5.6714 6.9460
79 1.8555 5.6713 6.9467
79 1.8568 5.6727 6.9494
79 1.8581 5.6746 6.9520
80 1.8594 5.6750 6.9547
80 1.8630 5.6741 6.9598
80 1.8642 5.6733 6.9616
80 1.8677 5.6735 6.9667
80 1.8712 5.6748 6.9684
80 1.8724 5.6745 6.9735
80 1.8736 5.6744 6.9761
80 1.8748 5.6739 6.9812
80 1.8760 5.6757 6.9863
81 1.8772 5.6745 6.9866
81 1.8783 5.6748 6.9882
81 1.8817 5.6748 6.9893
81 1.8835 5.6747 6.9904
81 1.8846 5.6738 6.9907
81 1.8857 5.6724 6.9910
82 1.8868 5.6721 6.9920
82 1.8901 5.6713 6.9971
82 1.8912 5.6711 6.9981
82 1.8944 5.6733 7.0007
82 1.8955 5.6745 7.0033
82 1.8965 5.6736 7.0033
82 1.8976 5.6727 7.0033
82 1.8986 5.6715 7.0039
83 1.8996 5.6742 7.0065
83 1.9006 5.6743 7.0090
83 1.9037 5.6756 7.0116
83 1.9047 5.6754 7.0133
83 1.9057 5.6742 7.0133
83 1.9066 5.6726 7.0139
83 1.9075 5.6728 7.0149
83 1.9085 5.6712 7.0156
83 1.9094 5.6731 7.0181
84 1.9103 5.6773 7.0231
84 1.9111 5.6767 7.0256
84 1.9120 5.6769 7.0281
84 1.9129 5.6770 7.0292
84 1.9159 5.6769 7.0317
84 1.9189 5.6802 7.0342
84 1.9198 5.6793 7.0349
84 1.9206 5.6790 7.0365
84 1.9214 5.6781 7.0368
84 1.9222 5.6777 7.0378
84 1.9230 5.6774 7.0388
84 1.9238 5.6762 7.0386
84 1.9245 5.6746 7.0389
84 1.9253 5.6747 7.0395
85 1.9260 5.6739 7.0398
85 1.9268 5.6735 7.0423
85 1.9275 5.6757 7.0448
85 1.9282 5.6757 7.0450
85 1.9311 5.6768 7.0461
85 1.9318 5.6762 7.0471
85 1.9325 5.6774 7.0487
85 1.9332 5.6775 7.0504
85 1.9339 5.6775 7.0510
85 1.9345 5.6766 7.0510
85 1.9351 5.6762 7.0516
85 1.9358 5.6759 7.0522
85 1.9364 5.6747 7.0518
86 1.9370 5.6732 7.0520
86 1.9376 5.6748 7.0536
86 1.9382 5.6739 7.0537
86 1.9388 5.6735 7.0553
86 1.9416 5.6735 7.0559
86 1.9422 5.6753 7.0575
86 1.9428 5.6752 7.0575
86 1.9433 5.6766 7.0600
86 1.9439 5.6829 7.0647
86 1.9444 5.6845 7.0672
86 1.9449 5.6863 7.0719
86 1.9454 5.6927 7.0767
86 1.9459 5.6990 7.0814
87 1.9464 5.7053 7.0861
87 1.9469 5.7053 7.0864
87 1.9474 5.7038 7.0864
87 1.9478 5.7051 7.0874
87 1.9506 5.7114 7.0921
87 1.9511 5.7105 7.0918
87 1.9515 5.7100 7.0928
87 1.9520 5.7100 7.0938
87 1.9524 5.7100 7.0941
87 1.9528 5.7090 7.0939
87 1.9532 5.7152 7.0985
87 1.9555 5.7171 7.0996
87 1.9559 5.7167 7.0998
87 1.9563 5.7155 7.0992
88 1.9567 5.7194 7.1016
88 1.9571 5.7194 7.1016
88 1.9575 5.7178 7.1014
88 1.9578 5.7190 7.1020
88 1.9601 5.7215 7.1066
88 1.9623 5.7224 7.1112
89 1.9650 5.7215 7.1136
89 1.9672 5.7210 7.1160
89 1.9698 5.7271 7.1206
89 1.9715 5.7293 7.1252
89 1.9719 5.7291 7.1276
89 1.9722 5.7313 7.1321
90 1.9725 5.7300 7.1321
90 1.9752 5.7316 7.1367
90 1.9777 5.7324 7.1413
90 1.9781 5.7323 7.1428
90 1.9806 5.7344 7.1443
90 1.9809 5.7341 7.1448
90 1.9812 5.7334 7.1446
90 1.9815 5.7352 7.1469
90 1.9837 5.7361 7.1479
90 1.9840 5.7351 7.1481
91 1.9842 5.7369 7.1497
91 1.9845 5.7370 7.1512
91 1.9866 5.7408 7.1557
91 1.9882 5.7393 7.1562
91 1.9899 5.7400 7.1585
91 1.9901 5.7413 7.1595
91 1.9904 5.7411 7.1593
91 1.9925 5.7409 7.1608
91 1.9945 5.7426 7.1623
91 1.9947 5.7438 7.1637
91 1.9950 5.7453 7.1652
92 1.9952 5.7483 7.1675
92 1.9955 5.7521 7.1698
92 1.9957 5.7560 7.1721
92 1.9959 5.7619 7.1766
92 1.9979 5.7627 7.1771
92 1.9981 5.7665 7.1794
92 1.9983 5.7725 7.1839
92 1.9985 5.7715 7.1834
92 1.9987 5.7709 7.1840
92 1.9989 5.7720 7.1845
92 1.9991 5.7717 7.1841
92 1.9993 5.7712 7.1846
92 1.9994 5.7721 7.1856
93 1.9996 5.7721 7.1861
93 1.9998 5.7720 7.1861
93 1.9999 5.7710 7.1857
93 2.0001 5.7706 7.1859
93 2.0025 5.7721 7.1903
93 2.0027 5.7710 7.1896
93 2.0028 5.7708 7.1894
93 2.0029 5.7705 7.1908
93 2.0049 5.7701 7.1952
93 2.0050 5.7696 7.1952
93 2.0051 5.7689 7.1948
93 2.0052 5.7677 7.1939
93 2.0053 5.7692 7.1954
94 2.0054 5.7697 7.1956
94 2.0055 5.7686 7.1954
94 2.0056 5.7680 7.1956
94 2.0057 5.7679 7.1966
94 2.0081 5.7696 7.1975
94 2.0082 5.7693 7.1969
94 2.0082 5.7690 7.1972
94 2.0083 5.7686 7.1987
94 2.0084 5.7686 7.1996
94 2.0107 5.7677 7.2018
94 2.0108 5.7674 7.2014
94 2.0108 5.7671 7.2024
94 2.0109 5.7667 7.2022
94 2.0109 5.7659 7.2016
95 2.0110 5.7658 7.2014
95 2.0110 5.7649 7.2014
95 2.0129 5.7648 7.2057
95 2.0129 5.7652 7.2057
95 2.0129 5.7641 7.2054
95 2.0153 5.7647 7.2059
95 2.0153 5.7646 7.2065
95 2.0153 5.7661 7.2074
95 2.0172 5.7660 7.2097
95 2.0190 5.7654 7.2111
95 2.0190 5.7653 7.2117
95 2.0209 5.7653 7.2115
95 2.0209 5.7649 7.2120
96 2.0209 5.7642 7.2113
96 2.0227 5.7630 7.2136
96 2.0227 5.7643 7.2145
96 2.0245 5.7658 7.2167
96 2.0267 5.7649 7.2181
96 2.0285 5.7673 7.2203
97 2.0302 5.7669 7.2225
97 2.0325 5.7681 7.2240
97 2.0347 5.7669 7.2282
98 2.0368 5.7656 7.2291
98 2.0386 5.7677 7.2305
98 2.0414 5.7667 7.2315
98 2.0435 5.7677 7.2324
98 2.0435 5.7665 7.2315
98 2.0435 5.7673 7.2320
98 2.0435 5.7686 7.2329
98 2.0434 5.7701 7.2351
99 2.0434 5.7689 7.2341
99 2.0455 5.7676 7.2363
99 2.0454 5.7675 7.2359
99 2.0475 5.7674 7.2401
99 2.0496 5.7673 7.2403
99 2.0495 5.7659 7.2400
99 2.0495 5.7653 7.2398
99 2.0494 5.7645 7.2393
99 2.0493 5.7636 7.2391
99 2.0493 5.7633 7.2413
99 2.0492 5.7622 7.2408
100 2.0491 5.7635 7.2429
100 2.0491 5.7664 7.2451
100 2.0490 5.7663 7.2453
100 2.0510 5.7658 7.2475
100 2.0509 5.7671 7.2481
100 2.0529 5.7686 7.2495
100 2.0528 5.7685 7.2490
100 2.0527 5.7680 7.2486
100 2.0526 5.7668 7.2475
100 2.0525 5.7666 7.2469
101 2.0524 5.7662 7.2478
101 2.0544 5.7654 7.2487
101 2.0543 5.7652 7.2482
101 2.0562 5.7651 7.2504
101 2.0581 5.7657 7.2506
101 2.0580 5.7652 7.2501
101 2.0579 5.7643 7.2496
101 2.0577 5.7637 7.2490
101 2.0576 5.7636 7.2493
101 2.0575 5.7633 7.2493
101 2.0574 5.7630 7.2487
101 2.0572 5.7627 7.2490
101 2.0571 5.7615 7.2491
101 2.0569 5.7611 7.2496
101 2.0568 5.7604 7.2489
102 2.0566 5.7591 7.2487
102 2.0565 5.7593 7.2502
102 2.0563 5.7585 7.2493
102 2.0562 5.7572 7.2488
102 2.0560 5.7586 7.2510
102 2.0558 5.7579 7.2507
102 2.0577 5.7634 7.2547
102 2.0575 5.7627 7.2541
102 2.0574 5.7662 7.2582
102 2.0572 5.7653 7.2578
102 2.0570 5.7641 7.2575
102 2.0568 5.7636 7.2576
102 2.0566 5.7628 7.2567
102 2.0565 5.7615 7.2561
102 2.0563 5.7611 7.2570
102 2.0561 5.7605 7.2565
102 2.0559 5.7597 7.2558
102 2.0557 5.7594 7.2551
102 2.0555 5.7585 7.2547
103 2.0552 5.7577 7.2538
103 2.0550 5.7566 7.2527
103 2.0548 5.7557 7.2521
103 2.0546 5.7555 7.2535
103 2.0544 5.7549 7.2528
103 2.0542 5.7539 7.2523
103 2.0560 5.7552 7.2537
103 2.0558 5.7549 7.2540
103 2.0556 5.7546 7.2533
103 2.0553 5.7546 7.2536
103 2.0551 5.7537 7.2527
103 2.0549 5.7545 7.2530
103 2.0546 5.7535 7.2523
103 2.0544 5.7533 7.2533
103 2.0541 5.7531 7.2527
103 2.0539 5.7521 7.2520
103 2.0536 5.7517 7.2521
103 2.0534 5.7512 7.2520
103 2.0531 5.7511 7.2521
104 2.0529 5.7506 7.2520
104 2.0526 5.7502 7.2526
104 2.0523 5.7500 7.2526
104 2.0521 5.7510 7.2535
104 2.0518 5.7508 7.2527
104 2.0515 5.7506 7.2528
104 2.0534 5.7519 7.2549
104 2.0531 5.7533 7.2563
104 2.0528 5.7522 7.2552
104 2.0525 5.7517 7.2549
104 2.0522 5.7523 7.2551
104 2.0520 5.7521 7.2557
104 2.0517 5.7518 7.2550
104 2.0533 5.7518 7.2590
104 2.0550 5.7518 7.2587
104 2.0547 5.7510 7.2577
104 2.0544 5.7504 7.2575
105 2.0541 5.7493 7.2569
105 2.0538 5.7488 7.2572
105 2.0535 5.7479 7.2562
105 2.0532 5.7474 7.2558
105 2.0548 5.7489 7.2579
105 2.0564 5.7498 7.2585
105 2.0580 5.7495 7.2599
105 2.0595 5.7522 7.2638
106 2.0611 5.7518 7.2659
106 2.0629 5.7512 7.2668
107 2.0646 5.7508 7.2689
107 2.0662 5.7531 7.2710
107 2.0688 5.7530 7.2748
107 2.0714 5.7564 7.2787
110 2.0739 5.7559 7.2808
110 2.0764 5.7553 7.2822
110 2.0789 5.7566 7.2842
110 2.0814 5.7573 7.2863
111 2.0831 5.7585 7.2883
112 2.0855 5.7596 7.2922
112 2.0878 5.7624 7.2942
113 2.0902 5.7632 7.2981
115 2.0919 5.7642 7.2994
115 2.0942 5.7635 7.3033
115 2.0964 5.7669 7.3071
116 2.0987 5.7682 7.3091
116 2.1001 5.7710 7.3130
117 2.1024 5.7733 7.3150
117 2.1038 5.7730 7.3188
118 2.1060 5.7723 7.3208
118 2.1081 5.7750 7.3228
119 2.1102 5.7778 7.3266
119 2.1123 5.7783 7.3304
119 2.1140 5.7777 7.3342
119 2.1156 5.7800 7.3380
124 2.1200 5.7827 7.3418
124 2.1243 5.7838 7.3456
124 2.1284 5.7831 7.3493
124 2.1324 5.7853 7.3531
125 2.1340 5.7861 7.3569
127 2.1360 5.7871 7.3606
127 2.1380 5.7863 7.3619
127 2.1400 5.7882 7.3632
128 2.1419 5.7877 7.3645
129 2.1435 5.7883 7.3665
129 2.1454 5.7910 7.3684
129 2.1473 5.7943 7.3704
130 2.1492 5.7952 7.3724
131 2.1506 5.7963 7.3761
131 2.1525 5.7971 7.3780
131 2.1538 5.7961 7.3793
133 2.1557 5.7959 7.3830
133 2.1575 5.7986 7.3850
134 2.1593 5.8005 7.3862
134 2.1610 5.8003 7.3882
134 2.1626 5.8025 7.3919
134 2.1641 5.8052 7.3956
134 2.1638 5.8071 7.3992
134 2.1629 5.8072 7.3983
134 2.1621 5.8069 7.3970
134 2.1618 5.8083 7.3989
134 2.1615 5.8084 7.3998
134 2.1611 5.8073 7.3986
134 2.1603 5.8086 7.3989
134 2.1595 5.8082 7.3982
135 2.1592 5.8071 7.3969
135 2.1607 5.8093 7.4006
135 2.1603 5.8091 7.3997
135 2.1618 5.8088 7.4010
135 2.1633 5.8110 7.4047
135 2.1630 5.8105 7.4047
135 2.1622 5.8095 7.4032
135 2.1614 5.8092 7.4026
135 2.1610 5.8087 7.4025
135 2.1607 5.8076 7.4012
135 2.1604 5.8073 7.4004
135 2.1596 5.8068 7.3992
135 2.1588 5.8062 7.3986
136 2.1584 5.8059 7.3977
136 2.1581 5.8076 7.3996
136 2.1596 5.8082 7.4033
136 2.1592 5.8089 7.4038
136 2.1589 5.8086 7.4029
136 2.1586 5.8081 7.4021
136 2.1582 5.8079 7.4014
136 2.1579 5.8076 7.4017
136 2.1575 5.8072 7.4007
137 2.1572 5.8068 7.3996
137 2.1568 5.8062 7.3994
137 2.1583 5.8068 7.3995
137 2.1579 5.8062 7.3990
137 2.1576 5.8051 7.3976
137 2.1572 5.8062 7.3989
137 2.1569 5.8058 7.3990
137 2.1565 5.8059 7.3995
137 2.1562 5.8048 7.3982
138 2.1558 5.8037 7.3967
138 2.1554 5.8032 7.3956
138 2.1569 5.8032 7.3957
138 2.1565 5.8026 7.3953
138 2.1557 5.8038 7.3954
138 2.1550 5.8037 7.3945
138 2.1546 5.8087 7.3981
138 2.1542 5.8096 7.3993
138 2.1539 5.8092 7.3985
138 2.1531 5.8124 7.4021
138 2.1524 5.8122 7.4016
139 2.1520 5.8117 7.4008
139 2.1516 5.8105 7.3993
139 2.1531 5.8154 7.4029
139 2.1527 5.8171 7.4065
139 2.1519 5.8165 7.4058
139 2.1512 5.8154 7.4043
139 2.1508 5.8168 7.4062
139 2.1505 5.8162 7.4053
139 2.1501 5.8156 7.4047
139 2.1493 5.8169 7.4066
139 2.1486 5.8163 7.4053
140 2.1482 5.8156 7.4047
140 2.1479 5.8153 7.4038
140 2.1493 5.8160 7.4044
140 2.1489 5.8174 7.4056
140 2.1482 5.8167 7.4050
140 2.1474 5.8164 7.4044
140 2.1471 5.8177 7.4052
140 2.1467 5.8170 7.4045
140 2.1463 5.8179 7.4057
140 2.1456 5.8190 7.4070
140 2.1448 5.8197 7.4082
141 2.1445 5.8205 7.4091
141 2.1441 5.8227 7.4104
141 2.1455 5.8226 7.4103
141 2.1451 5.8275 7.4138
141 2.1448 5.8271 7.4129
141 2.1444 5.8265 7.4124
141 2.1440 5.8260 7.4113
141 2.1436 5.8249 7.4099
141 2.1433 5.8245 7.4089
142 2.1429 5.8241 7.4078
142 2.1425 5.8250 7.4084
142 2.1439 5.8256 7.4103
142 2.1435 5.8261 7.4106
142 2.1431 5.8254 7.4098
142 2.1427 5.8249 7.4086
142 2.1423 5.8238 7.4071
142 2.1419 5.8232 7.4062
142 2.1416 5.8241 7.4065
143 2.1412 5.8248 7.4066
143 2.1408 5.8253 7.4067
143 2.1421 5.8264 7.4076
143 2.1417 5.8272 7.4082
143 2.1410 5.8260 7.4067
143 2.1403 5.8255 7.4061
143 2.1400 5.8249 7.4056
143 2.1396 5.8238 7.4041
143 2.1392 5.8233 7.4030
143 2.1385 5.8227 7.4018
143 2.1378 5.8220 7.4011
144 2.1374 5.8215 7.4000
144 2.1370 5.8221 7.3999
144 2.1383 5.8253 7.4034
144 2.1379 5.8257 7.4034
144 2.1373 5.8252 7.4028
144 2.1366 5.8256 7.4029
144 2.1362 5.8260 7.4028
144 2.1358 5.8254 7.4016
144 2.1354 5.8273 7.4025
144 2.1347 5.8275 7.4033
144 2.1340 5.8282 7.4046
145 2.1336 5.8298 7.4052
145 2.1332 5.8329 7.4070
145 2.1346 5.8334 7.4070
145 2.1342 5.8365 7.4089
145 2.1338 5.8370 7.4092
145 2.1334 5.8374 7.4092
145 2.1330 5.8369 7.4080
145 2.1326 5.8361 7.4071
145 2.1322 5.8350 7.4056
146 2.1318 5.8348 7.4049
146 2.1314 5.8345 7.4049
146 2.1327 5.8344 7.4048
146 2.1323 5.8344 7.4051
146 2.1319 5.8347 7.4050
146 2.1315 5.8340 7.4041
146 2.1311 5.8334 7.4035
146 2.1307 5.8329 7.4024
146 2.1303 5.8331 7.4021
147 2.1298 5.8334 7.4017
147 2.1294 5.8336 7.4015
147 2.1307 5.8347 7.4027
147 2.1303 5.8352 7.4029
147 2.1297 5.8340 7.4015
147 2.1290 5.8335 7.4009
147 2.1286 5.8329 7.4002
147 2.1282 5.8317 7.3987
147 2.1278 5.8312 7.3975
147 2.1272 5.8305 7.3963
147 2.1265 5.8297 7.3956
148 2.1261 5.8291 7.3943
148 2.1257 5.8293 7.3939
148 2.1270 5.8298 7.3951
148 2.1266 5.8300 7.3948
148 2.1259 5.8311 7.3960
148 2.1253 5.8304 7.3948
148 2.1249 5.8296 7.3939
148 2.1245 5.8306 7.3951
148 2.1240 5.8312 7.3950
148 2.1234 5.8304 7.3942
148 2.1228 5.8298 7.3936
149 2.1224 5.8303 7.3934
149 2.1220 5.8295 7.3924
149 2.1232 5.8305 7.3930
150 2.1245 5.8306 7.3964
150 2.1258 5.8312 7.3968
150 2.1252 5.8312 7.3964
150 2.1245 5.8307 7.3955
150 2.1241 5.8315 7.3973
150 2.1237 5.8315 7.3975
150 2.1233 5.8306 7.3970
150 2.1227 5.8313 7.3967
150 2.1220 5.8305 7.3953
151 2.1216 5.8296 7.3947
151 2.1212 5.8290 7.3938
151 2.1225 5.8294 7.3957
151 2.1237 5.8294 7.3955
151 2.1233 5.8292 7.3958
151 2.1227 5.8283 7.3944
151 2.1220 5.8276 7.3934
151 2.1216 5.8274 7.3936
151 2.1212 5.8265 7.3929
151 2.1208 5.8271 7.3936
151 2.1202 5.8268 7.3927
151 2.1196 5.8264 7.3919
152 2.1192 5.8270 7.3922
152 2.1188 5.8277 7.3931
152 2.1200 5.8282 7.3940
152 2.1196 5.8298 7.3953
152 2.1192 5.8291 7.3944
152 2.1188 5.8283 7.3942
152 2.1183 5.8282 7.3942
152 2.1179 5.8277 7.3939
152 2.1175 5.8270 7.3930
153 2.1171 5.8264 7.3920
153 2.1167 5.8261 7.3921
153 2.1179 5.8265 7.3920
153 2.1175 5.8261 7.3918
153 2.1171 5.8252 7.3911
153 2.1166 5.8258 7.3923
153 2.1162 5.8253 7.3919
153 2.1158 5.8253 7.3920
153 2.1154 5.8244 7.3912
154 2.1150 5.8234 7.3904
154 2.1145 5.8227 7.3893
154 2.1157 5.8227 7.3890
154 2.1153 5.8224 7.3890
154 2.1147 5.8235 7.3896
154 2.1141 5.8234 7.3892
154 2.1137 5.8279 7.3925
154 2.1133 5.8289 7.3938
154 2.1129 5.8281 7.3935
154 2.1123 5.8311 7.3968
154 2.1117 5.8309 7.3961
155 2.1113 5.8301 7.3958
155 2.1108 5.8292 7.3949
155 2.1120 5.8307 7.3967
155 2.1116 5.8325 7.4000
155 2.1110 5.8317 7.3986
155 2.1105 5.8307 7.3971
155 2.1100 5.8323 7.3989
155 2.1096 5.8314 7.3985
155 2.1092 5.8310 7.3982
155 2.1086 5.8324 7.3991
155 2.1080 5.8321 7.3982
156 2.1076 5.8317 7.3978
156 2.1072 5.8321 7.3980
156 2.1084 5.8330 7.3984
156 2.1080 5.8374 7.4017
156 2.1074 5.8370 7.4009
156 2.1068 5.8374 7.4018
156 2.1064 5.8403 7.4036
156 2.1060 5.8398 7.4031
156 2.1056 5.8416 7.4044
156 2.1050 5.8440 7.4076
156 2.1044 5.8454 7.4109
157 2.1040 5.8469 7.4118
157 2.1036 5.8489 7.4130
157 2.1048 5.8488 7.4126
157 2.1043 5.8532 7.4159
157 2.1039 5.8535 7.4159
157 2.1035 5.8532 7.4158
157 2.1031 5.8525 7.4147
157 2.1026 5.8515 7.4138
157 2.1022 5.8518 7.4138
158 2.1018 5.8520 7.4136
158 2.1014 5.8540 7.4148
158 2.1025 5.8554 7.4161
158 2.1021 5.8566 7.4169
158 2.1017 5.8561 7.4164
158 2.1013 5.8573 7.4176
158 2.1008 5.8563 7.4167
158 2.1004 5.8555 7.4161
158 2.1000 5.8549 7.4155
159 2.0995 5.8544 7.4149
159 2.0991 5.8546 7.4146
159 2.1003 5.8553 7.4148
159 2.0998 5.8571 7.4157
159 2.0994 5.8567 7.4154
159 2.0989 5.8557 7.4144
159 2.0985 5.8549 7.4138
159 2.0981 5.8554 7.4147
159 2.0976 5.8550 7.4144
160 2.0972 5.8546 7.4139
160 2.0968 5.8540 7.4132
160 2.0979 5.8557 7.4150
160 2.0975 5.8559 7.4146
160 2.0969 5.8554 7.4137
160 2.0964 5.8548 7.4129
160 2.0960 5.8549 7.4125
160 2.0955 5.8544 7.4120
160 2.0951 5.8555 7.4126
160 2.0946 5.8547 7.4112
160 2.0941 5.8537 7.4099
161 2.0936 5.8548 7.4108
161 2.0932 5.8543 7.4102
161 2.0943 5.8555 7.4111
161 2.0939 5.8549 7.4103
161 2.0934 5.8548 7.4099
161 2.0929 5.8543 7.4090
161 2.0924 5.8548 7.4096
161 2.0920 5.8547 7.4096
161 2.0915 5.8537 7.4086
161 2.0910 5.8541 7.4084
161 2.0905 5.8533 7.4070
162 2.0901 5.8523 7.4060
162 2.0896 5.8533 7.4066
162 2.0908 5.8553 7.4098
162 2.0903 5.8548 7.4091
162 2.0898 5.8538 7.4078
162 2.0893 5.8531 7.4069
162 2.0889 5.8526 7.4062
162 2.0884 5.8516 7.4051
162 2.0880 5.8516 7.4047
162 2.0876 5.8511 7.4039
163 2.0871 5.8505 7.4031
163 2.0867 5.8499 7.4021
163 2.0878 5.8503 7.4028
163 2.0874 5.8493 7.4017
163 2.0869 5.8499 7.4029
163 2.0864 5.8509 7.4047
163 2.0860 5.8523 7.4053
163 2.0855 5.8529 7.4059
163 2.0851 5.8571 7.4091
163 2.0846 5.8583 7.4122
163 2.0841 5.8600 7.4154
164 2.0836 5.8629 7.4171
164 2.0832 5.8671 7.4203
164 2.0843 5.8690 7.4234
164 2.0839 5.8732 7.4265
164 2.0835 5.8732 7.4260
164 2.0830 5.8742 7.4264
164 2.0826 5.8735 7.4254
164 2.0839 5.8763 7.4285
164 2.0835 5.8753 7.4273
164 2.0831 5.8752 7.4273
165 2.0826 5.8751 7.4272
165 2.0822 5.8746 7.4268
165 2.0835 5.8757 7.4280
165 2.0831 5.8756 7.4279
165 2.0826 5.8750 7.4270
165 2.0821 5.8758 7.4282
165 2.0817 5.8752 7.4275
165 2.0812 5.8745 7.4264
165 2.0808 5.8751 7.4268
165 2.0803 5.8749 7.4262
165 2.0798 5.8741 7.4249
166 2.0794 5.8730 7.4238
166 2.0790 5.8728 7.4236
166 2.0801 5.8738 7.4244
167 2.0812 5.8731 7.4256
167 2.0823 5.8739 7.4263
168 2.0834 5.8747 7.4280
168 2.0844 5.8758 7.4286
168 2.0840 5.8767 7.4298
168 2.0835 5.8762 7.4289
168 2.0831 5.8757 7.4285
168 2.0826 5.8758 7.4285
168 2.0839 5.8761 7.4285
168 2.0835 5.8803 7.4316
168 2.0830 5.8797 7.4306
168 2.0826 5.8797 7.4301
169 2.0821 5.8825 7.4318
169 2.0817 5.8827 7.4325
169 2.0830 5.8831 7.4329
169 2.0826 5.8840 7.4341
169 2.0821 5.8836 7.4334
169 2.0816 5.8844 7.4342
169 2.0812 5.8840 7.4339
169 2.0808 5.8835 7.4334
169 2.0803 5.8835 7.4333
169 2.0799 5.8830 7.4323
169 2.0794 5.8824 7.4312
170 2.0789 5.8824 7.4310
170 2.0785 5.8846 7.4322
170 2.0796 5.8852 7.4325
170 2.0792 5.8853 7.4329
170 2.0787 5.8860 7.4336
170 2.0783 5.8860 7.4339
170 2.0779 5.8861 7.4341
170 2.0774 5.8872 7.4346
170 2.0770 5.8879 7.4350
171 2.0765 5.8885 7.4353
171 2.0761 5.8879 7.4348
171 2.0772 5.8889 7.4353
171 2.0767 5.8883 7.4349
171 2.0763 5.8892 7.4357
171 2.0759 5.8892 7.4359
171 2.0754 5.8891 7.4356
171 2.0750 5.8885 7.4351
171 2.0745 5.8893 7.4357
172 2.0741 5.8900 7.4362
172 2.0737 5.8940 7.4392
172 2.0747 5.8944 7.4391
172 2.0743 5.8954 7.4403
172 2.0738 5.8950 7.4395
172 2.0734 5.8948 7.4388
172 2.0730 5.8942 7.4383
172 2.0725 5.8937 7.4377
172 2.0721 5.8936 7.4374
172 2.0716 5.8946 7.4391
172 2.0712 5.8947 7.4390
173 2.0707 5.8946 7.4391
173 2.0703 5.8941 7.4385
173 2.0714 5.8963 7.4402
173 2.0709 5.8969 7.4404
173 2.0705 5.8963 7.4398
173 2.0700 5.8968 7.4399
173 2.0696 5.8963 7.4392
173 2.0692 5.8962 7.4392
173 2.0687 5.8955 7.4386
174 2.0683 5.8949 7.4380
174 2.0678 5.8948 7.4376
174 2.0689 5.8960 7.4385
174 2.0684 5.8960 7.4385
174 2.0680 5.8953 7.4375
174 2.0676 5.8952 7.4370
174 2.0671 5.8951 7.4369
174 2.0667 5.8945 7.4362
174 2.0663 5.8951 7.4365
174 2.0658 5.8946 7.4357
174 2.0654 5.8943 7.4349
175 2.0650 5.8938 7.4344
175 2.0645 5.8933 7.4337
175 2.0656 5.8936 7.4336
175 2.0651 5.8934 7.4331
175 2.0647 5.8942 7.4343
175 2.0643 5.8943 7.4341
175 2.0638 5.8942 7.4341
175 2.0634 5.8950 7.4344
175 2.0630 5.8954 7.4343
175 2.0625 5.8952 7.4343
175 2.0621 5.8947 7.4334
176 2.0617 5.8951 7.4333
176 2.0612 5.8945 7.4327
176 2.0623 5.8945 7.4324
176 2.0618 5.8938 7.4317
176 2.0614 5.8932 7.4310
176 2.0610 5.8927 7.4302
176 2.0605 5.8925 7.4301
176 2.0601 5.8965 7.4330
176 2.0596 5.8968 7.4328
177 2.0592 5.8970 7.4325
177 2.0588 5.8965 7.4317
177 2.0598 5.8986 7.4334
177 2.0594 5.8984 7.4331
177 2.0589 5.9003 7.4348
177 2.0585 5.9030 7.4378
177 2.0581 5.9027 7.4375
177 2.0577 5.9043 7.4404
177 2.0572 5.9038 7.4398
177 2.0568 5.9052 7.4410
177 2.0564 5.9074 7.4427
178 2.0560 5.9071 7.4423
178 2.0555 5.9065 7.4415
178 2.0565 5.9065 7.4411
178 2.0561 5.9062 7.4409
178 2.0557 5.9055 7.4402
178 2.0552 5.9053 7.4400
178 2.0548 5.9046 7.4391
178 2.0544 5.9044 7.4387
178 2.0539 5.9037 7.4379
179 2.0535 5.9030 7.4370
179 2.0530 5.9043 7.4400
179 2.0540 5.9053 7.4406
179 2.0536 5.9053 7.4405
179 2.0532 5.9047 7.4398
179 2.0527 5.9064 7.4428
179 2.0523 5.9061 7.4423
179 2.0518 5.9061 7.4425
179 2.0514 5.9055 7.4418
180 2.0510 5.9050 7.4410
180 2.0505 5.9043 7.4402
180 2.0515 5.9048 7.4403
180 2.0528 5.9059 7.4433
181 2.0541 5.9058 7.4449
182 2.0551 5.9069 7.4478
182 2.0567 5.9090 7.4507
185 2.0583 5.9089 7.4524
185 2.0599 5.9111 7.4540
186 2.0609 5.9103 7.4547
186 2.0619 5.9101 7.4576
186 2.0629 5.9106 7.4605
187 2.0641 5.9099 7.4617
187 2.0654 5.9096 7.4633
187 2.0666 5.9100 7.4662
187 2.0682 5.9103 7.4691
187 2.0694 5.9094 7.4702
187 2.0707 5.9090 7.4731
187 2.0719 5.9083 7.4743
187 2.0731 5.9087 7.4742
188 2.0743 5.9085 7.4754
188 2.0755 5.9077 7.4763
188 2.0767 5.9079 7.4779
188 2.0778 5.9078 7.4778
188 2.0790 5.9070 7.4787
188 2.0801 5.9067 7.4798
188 2.0813 5.9061 7.4827
188 2.0824 5.9068 7.4843
189 2.0835 5.9068 7.4855
189 2.0847 5.9067 7.4883
189 2.0858 5.9066 7.4912
189 2.0869 5.9073 7.4918
189 2.0879 5.9070 7.4934
189 2.0893 5.9062 7.4943
190 2.0906 5.9061 7.4959
190 2.0916 5.9058 7.4975
190 2.0925 5.9052 7.5003
190 2.0934 5.9066 7.5019
190 2.0945 5.9062 7.5031
190 2.0958 5.9053 7.5035
190 2.0972 5.9049 7.5044
191 2.0985 5.9042 7.5050
191 2.0998 5.9038 7.5078
191 2.1007 5.9032 7.5094
191 2.1016 5.9035 7.5098
191 2.1027 5.9027 7.5104
191 2.1039 5.9022 7.5116
192 2.1048 5.9020 7.5144
192 2.1061 5.9016 7.5150
192 2.1070 5.9013 7.5158
192 2.1079 5.9029 7.5174
192 2.1091 5.9023 7.5183
192 2.1104 5.9018 7.5194
193 2.1116 5.9009 7.5197
193 2.1125 5.9006 7.5213
193 2.1137 5.9003 7.5224
193 2.1146 5.9009 7.5225
193 2.1156 5.9002 7.5231
193 2.1167 5.8996 7.5259
193 2.1177 5.9009 7.5287
193 2.1189 5.9005 7.5315
193 2.1201 5.8998 7.5323
194 2.1213 5.8992 7.5329
194 2.1225 5.8986 7.5338
194 2.1235 5.8989 7.5336
194 2.1247 5.8993 7.5352
195 2.1255 5.8985 7.5363
195 2.1267 5.8987 7.5374
195 2.1275 5.8990 7.5390
195 2.1284 5.9006 7.5406
195 2.1294 5.9008 7.5433
195 2.1305 5.9021 7.5461
196 2.1317 5.9025 7.5472
196 2.1325 5.9032 7.5476
196 2.1336 5.9032 7.5487
196 2.1347 5.9032 7.5499
197 2.1359 5.9027 7.5526
197 2.1367 5.9029 7.5542
197 2.1378 5.9027 7.5553
197 2.1386 5.9030 7.5551
197 2.1396 5.9037 7.5578
197 2.1406 5.9030 7.5586
197 2.1416 5.9033 7.5584
197 2.1426 5.9038 7.5599
197 2.1437 5.9039 7.5627
198 2.1448 5.9039 7.5635
198 2.1459 5.9038 7.5643
198 2.1468 5.9037 7.5641
198 2.1478 5.9036 7.5657
198 2.1488 5.9032 7.5672
198 2.1499 5.9026 7.5678
199 2.1507 5.9022 7.5694
199 2.1517 5.9015 7.5704
199 2.1527 5.9012 7.5712
199 2.1535 5.9019 7.5715
199 2.1545 5.9016 7.5723
199 2.1554 5.9010 7.5738
199 2.1564 5.9022 7.5754
199 2.1574 5.9018 7.5758
199 2.1584 5.9011 7.5764
200 2.1594 5.9007 7.5775
200 2.1604 5.9002 7.5779
200 2.1613 5.9004 7.5776
200 2.1623 5.8995 7.5777
201 2.1632 5.8988 7.5781
201 2.1640 5.8981 7.5796
201 2.1648 5.8983 7.5807
201 2.1656 5.8997 7.5818
201 2.1665 5.8996 7.5826
201 2.1675 5.8991 7.5841
201 2.1684 5.8989 7.5849
202 2.1694 5.8985 7.5864
202 2.1703 5.8979 7.5868
202 2.1711 5.8984 7.5870
202 2.1720 5.8979 7.5885
202 2.1729 5.8984 7.5896
202 2.1738 5.8984 7.5911
202 2.1747 5.8983 7.5917
203 2.1755 5.8977 7.5925
203 2.1764 5.8979 7.5940
203 2.1773 5.8977 7.5945
203 2.1782 5.8987 7.5956
203 2.1791 5.8995 7.5983
203 2.1800 5.8991 7.5994
203 2.1809 5.8984 7.6002
204 2.1818 5.8979 7.6006
204 2.1827 5.8976 7.6016
204 2.1834 5.8969 7.6027
204 2.1842 5.8971 7.6029
204 2.1850 5.8963 7.6037
204 2.1859 5.8968 7.6048
204 2.1868 5.8969 7.6063
205 2.1876 5.8969 7.6069
205 2.1884 5.8969 7.6095
205 2.1892 5.8968 7.6099
205 2.1900 5.8967 7.6095
205 2.1908 5.8965 7.6106
205 2.1917 5.8962 7.6113
205 2.1925 5.8956 7.6116
206 2.1932 5.8952 7.6127
206 2.1941 5.8944 7.6132
206 2.1949 5.8942 7.6138
206 2.1956 5.8947 7.6138
206 2.1964 5.8945 7.6144
206 2.1973 5.8946 7.6152
207 2.1981 5.8949 7.6178
207 2.1989 5.8946 7.6205
207 2.1996 5.8941 7.6219
207 2.2004 5.8949 7.6246
208 2.2012 5.8954 7.6254
208 2.2021 5.8950 7.6261
208 2.2029 5.8955 7.6276
208 2.2043 5.8957 7.6291
208 2.2051 5.8958 7.6306
208 2.2059 5.8954 7.6321
208 2.2067 5.8947 7.6326
208 2.2075 5.8949 7.6323
209 2.2083 5.8947 7.6328
209 2.2091 5.8940 7.6332
209 2.2099 5.8941 7.6342
209 2.2107 5.8940 7.6340
209 2.2115 5.8933 7.6344
209 2.2122 5.8930 7.6350
209 2.2130 5.8924 7.6360
209 2.2137 5.8929 7.6368
210 2.2145 5.8929 7.6375
210 2.2152 5.8929 7.6390
210 2.2160 5.8927 7.6398
210 2.2167 5.8932 7.6402
210 2.2175 5.8929 7.6409
210 2.2182 5.8926 7.6417
210 2.2190 5.8924 7.6427
210 2.2198 5.8917 7.6431
210 2.2205 5.8911 7.6433
210 2.2213 5.8907 7.6439
211 2.2220 5.8905 7.6447
211 2.2228 5.8898 7.6449
211 2.2235 5.8893 7.6459
211 2.2242 5.8903 7.6470
211 2.2249 5.8895 7.6470
211 2.2256 5.8901 7.6480
211 2.2264 5.8896 7.6483
211 2.2271 5.8892 7.6490
211 2.2278 5.8898 7.6516
211 2.2285 5.8895 7.6542
212 2.2292 5.8890 7.6544
212 2.2299 5.8886 7.6549
212 2.2306 5.8880 7.6557
212 2.2313 5.8881 7.6558
212 2.2320 5.8877 7.6568
212 2.2327 5.8882 7.6583
212 2.2334 5.8880 7.6590
212 2.2341 5.8894 7.6616
213 2.2348 5.8900 7.6630
213 2.2355 5.8895 7.6641
213 2.2362 5.8904 7.6651
213 2.2368 5.8901 7.6677
213 2.2375 5.8897 7.6680
214 2.2382 5.8894 7.6695
214 2.2389 5.8892 7.6700
214 2.2395 5.8904 7.6710
215 2.2409 5.8900 7.6718
215 2.2415 5.8905 7.6743
215 2.2422 5.8905 7.6758
215 2.2428 5.8905 7.6753
218 2.2442 5.8905 7.6768
218 2.2455 5.8902 7.6778
218 2.2469 5.8895 7.6803
218 2.2482 5.8896 7.6818
219 2.2488 5.8889 7.6817
219 2.2495 5.8885 7.6824
219 2.2502 5.8880 7.6825
220 2.2508 5.8872 7.6823
220 2.2515 5.8873 7.6823
220 2.2521 5.8867 7.6825
220 2.2528 5.8859 7.6822
220 2.2534 5.8853 7.6822
221 2.2540 5.8850 7.6827
221 2.2547 5.8859 7.6832
221 2.2553 5.8855 7.6843
221 2.2559 5.8855 7.6846
221 2.2565 5.8859 7.6852
222 2.2572 5.8867 7.6866
222 2.2578 5.8882 7.6880
222 2.2584 5.8875 7.6881
222 2.2591 5.8885 7.6907
222 2.2597 5.8882 7.6909
222 2.2603 5.8878 7.6913
223 2.2609 5.8878 7.6923
223 2.2615 5.8871 7.6923
223 2.2622 5.8872 7.6922
223 2.2627 5.8869 7.6928
223 2.2634 5.8877 7.6953
223 2.2640 5.8870 7.6952
223 2.2646 5.8866 7.6955
224 2.2652 5.8862 7.6962
224 2.2658 5.8858 7.6963
224 2.2664 5.8882 7.6988
224 2.2670 5.8878 7.6991
224 2.2676 5.8892 7.7016
224 2.2682 5.8889 7.7026
224 2.2688 5.8893 7.7051
225 2.2694 5.8903 7.7065
225 2.2700 5.8904 7.7070
225 2.2706 5.8903 7.7065
225 2.2711 5.8901 7.7070
225 2.2718 5.8925 7.7095
225 2.2724 5.8929 7.7110
225 2.2729 5.8927 7.7113
225 2.2735 5.8922 7.7123
226 2.2741 5.8919 7.7130
226 2.2747 5.8912 7.7133
226 2.2753 5.8909 7.7136
226 2.2759 5.8910 7.7135
226 2.2764 5.8911 7.7142
226 2.2770 5.8911 7.7149
226 2.2776 5.8907 7.7159
226 2.2782 5.8905 7.7162
226 2.2788 5.8905 7.7158
226 2.2793 5.8918 7.7172
227 2.2799 5.8925 7.7186
227 2.2805 5.8923 7.7189
227 2.2810 5.8920 7.7192
227 2.2815 5.8915 7.7193
227 2.2821 5.8924 7.7200
227 2.2826 5.8918 7.7202
227 2.2832 5.8923 7.7203
227 2.2837 5.8932 7.7210
228 2.2843 5.8928 7.7217
228 2.2849 5.8924 7.7224
228 2.2854 5.8923 7.7226
228 2.2860 5.8936 7.7251
228 2.2865 5.8937 7.7261
228 2.2870 5.8941 7.7275
228 2.2876 5.8942 7.7282
228 2.2880 5.8939 7.7287
229 2.2885 5.8939 7.7294
229 2.2891 5.8943 7.7308
229 2.2897 5.8941 7.7313
229 2.2903 5.8940 7.7308
229 2.2907 5.8948 7.7318
229 2.2912 5.8948 7.7323
229 2.2918 5.8946 7.7347
229 2.2924 5.8946 7.7343
229 2.2928 5.8943 7.7347
230 2.2933 5.8947 7.7356
230 2.2939 5.8944 7.7370
230 2.2944 5.8945 7.7395
230 2.2950 5.8954 7.7402
230 2.2954 5.8948 7.7402
230 2.2959 5.8940 7.7399
230 2.2965 5.8953 7.7424
230 2.2969 5.8948 7.7422
231 2.2974 5.8944 7.7426
231 2.2979 5.8940 7.7431
231 2.2985 5.8935 7.7438
231 2.2990 5.8939 7.7437
231 2.2995 5.8941 7.7447
231 2.2999 5.8950 7.7452
231 2.3005 5.8946 7.7457
231 2.3009 5.8955 7.7482
231 2.3014 5.8955 7.7491
231 2.3019 5.8968 7.7505
231 2.3023 5.8968 7.7515
231 2.3028 5.8967 7.7516
232 2.3033 5.8959 7.7521
232 2.3037 5.8961 7.7528
232 2.3042 5.8969 7.7531
232 2.3047 5.8968 7.7529
232 2.3051 5.8976 7.7553
232 2.3055 5.8970 7.7554
232 2.3061 5.8966 7.7559
232 2.3065 5.8967 7.7564
232 2.3069 5.8975 7.7567
232 2.3074 5.8974 7.7562
232 2.3078 5.8974 7.7569
232 2.3082 5.8973 7.7569
233 2.3086 5.8982 7.7583
233 2.3090 5.8982 7.7590
233 2.3095 5.8990 7.7595
233 2.3099 5.8987 7.7598
233 2.3103 5.8992 7.7622
233 2.3109 5.8986 7.7626
233 2.3113 5.8980 7.7624
233 2.3117 5.9003 7.7648
233 2.3122 5.9005 7.7651
233 2.3125 5.9002 7.7652
233 2.3129 5.9011 7.7676
234 2.3134 5.9011 7.7681
234 2.3138 5.9008 7.7681
234 2.3142 5.9027 7.7705
234 2.3147 5.9032 7.7709
234 2.3152 5.9031 7.7712
234 2.3157 5.9027 7.7717
234 2.3162 5.9061 7.7741
235 2.3166 5.9065 7.7765
235 2.3171 5.9058 7.7766
235 2.3176 5.9073 7.7790
235 2.3181 5.9072 7.7784
235 2.3186 5.9065 7.7788
235 2.3191 5.9061 7.7795
235 2.3195 5.9078 7.7818
235 2.3200 5.9077 7.7813
236 2.3205 5.9074 7.7820
236 2.3209 5.9072 7.7822
236 2.3214 5.9105 7.7846
236 2.3218 5.9113 7.7850
236 2.3222 5.9107 7.7849
236 2.3225 5.9114 7.7873
236 2.3229 5.9123 7.7886
236 2.3233 5.9119 7.7887
236 2.3236 5.9111 7.7884
236 2.3240 5.9108 7.7883
237 2.3243 5.9102 7.7882
237 2.3247 5.9109 7.7895
237 2.3252 5.9117 7.7919
237 2.3258 5.9121 7.7917
237 2.3261 5.9125 7.7924
237 2.3264 5.9118 7.7922
237 2.3268 5.9112 7.7920
237 2.3271 5.9109 7.7920
237 2.3274 5.9102 7.7917
237 2.3278 5.9098 7.7915
238 2.3281 5.9093 7.7913
238 2.3284 5.9089 7.7914
238 2.3290 5.9102 7.7937
238 2.3295 5.9101 7.7931
238 2.3298 5.9097 7.7933
238 2.3301 5.9095 7.7940
238 2.3304 5.9091 7.7947
238 2.3307 5.9093 7.7960
238 2.3311 5.9093 7.7963
238 2.3314 5.9095 7.7966
239 2.3317 5.9099 7.7970
239 2.3320 5.9103 7.7976
239 2.3325 5.9102 7.7974
239 2.3328 5.9108 7.7984
239 2.3331 5.9131 7.8007
239 2.3334 5.9134 7.8009
239 2.3337 5.9138 7.8014
239 2.3340 5.9137 7.8015
239 2.3342 5.9139 7.8018
240 2.3345 5.9144 7.8024
240 2.3348 5.9163 7.8038
240 2.3353 5.9167 7.8036
240 2.3356 5.9162 7.8036
240 2.3359 5.9161 7.8039
240 2.3361 5.9155 7.8040
241 2.3364 5.9151 7.8039
241 2.3369 5.9149 7.8033
241 2.3372 5.9147 7.8034
241 2.3374 5.9142 7.8033
241 2.3377 5.9137 7.8032
242 2.3389 5.9145 7.8045
242 2.3401 5.9148 7.8055
242 2.3404 5.9147 7.8057
242 2.3409 5.9146 7.8054
242 2.3411 5.9145 7.8054
242 2.3414 5.9145 7.8059
242 2.3416 5.9150 7.8072
243 2.3419 5.9168 7.8085
243 2.3424 5.9171 7.8083
243 2.3426 5.9165 7.8080
243 2.3429 5.9171 7.8089
243 2.3431 5.9179 7.8098
243 2.3434 5.9175 7.8098
243 2.3436 5.9168 7.8094
243 2.3438 5.9164 7.8092
244 2.3441 5.9159 7.8089
244 2.3443 5.9165 7.8096
244 2.3448 5.9172 7.8109
244 2.3453 5.9177 7.8109
244 2.3455 5.9180 7.8114
244 2.3457 5.9174 7.8112
244 2.3459 5.9168 7.8108
244 2.3462 5.9173 7.8113
244 2.3464 5.9166 7.8109
244 2.3466 5.9162 7.8106
245 2.3468 5.9169 7.8113
245 2.3470 5.9165 7.8112
245 2.3475 5.9176 7.8121
245 2.3477 5.9173 7.8122
245 2.3479 5.9170 7.8127
245 2.3481 5.9166 7.8132
245 2.3483 5.9169 7.8141
245 2.3485 5.9168 7.8142
245 2.3487 5.9169 7.8143
246 2.3489 5.9173 7.8144
246 2.3491 5.9175 7.8148
246 2.3496 5.9175 7.8145
246 2.3498 5.9180 7.8150
246 2.3500 5.9196 7.8159
246 2.3502 5.9208 7.8182
246 2.3503 5.9210 7.8184
246 2.3505 5.9209 7.8183
246 2.3507 5.9211 7.8184
247 2.3509 5.9215 7.8187
247 2.3510 5.9229 7.8194
247 2.3515 5.9233 7.8192
247 2.3517 5.9244 7.8205
247 2.3519 5.9246 7.8206
247 2.3520 5.9245 7.8205
247 2.3522 5.9246 7.8204
247 2.3524 5.9242 7.8208
247 2.3525 5.9246 7.8221
248 2.3527 5.9256 7.8230
248 2.3528 5.9257 7.8230
248 2.3533 5.9267 7.8237
248 2.3535 5.9266 7.8235
248 2.3536 5.9267 7.8234
248 2.3538 5.9263 7.8236
248 2.3539 5.9266 7.8245
248 2.3541 5.9263 7.8246
248 2.3542 5.9260 7.8249
249 2.3544 5.9259 7.8247
249 2.3545 5.9259 7.8245
249 2.3550 5.9266 7.8249
249 2.3551 5.9269 7.8255
249 2.3553 5.9267 7.8257
249 2.3554 5.9269 7.8256
249 2.3555 5.9267 7.8257
249 2.3557 5.9267 7.8254
249 2.3558 5.9263 7.8261
250 2.3559 5.9266 7.8266
250 2.3560 5.9264 7.8266
250 2.3565 5.9262 7.8260
250 2.3567 5.9264 7.8265
250 2.3568 5.9262 7.8265
250 2.3569 5.9257 7.8270
251 2.3574 5.9255 7.8279
251 2.3575 5.9253 7.8278
251 2.3580 5.9255 7.8276
251 2.3581 5.9250 7.8274
251 2.3582 5.9248 7.8273
251 2.3583 5.9244 7.8276
252 2.3595 5.9240 7.8281
252 2.3599 5.9243 7.8290
252 2.3600 5.9240 7.8289
252 2.3605 5.9239 7.8283
252 2.3606 5.9233 7.8280
252 2.3607 5.9231 7.8279
252 2.3608 5.9227 7.8276
252 2.3609 5.9222 7.8275
252 2.3610 5.9219 7.8275
252 2.3611 5.9215 7.8272
253 2.3612 5.9209 7.8269
253 2.3613 5.9206 7.8267
253 2.3618 5.9215 7.8270
253 2.3619 5.9213 7.8273
253 2.3620 5.9209 7.8275
253 2.3621 5.9203 7.8271
253 2.3622 5.9201 7.8269
253 2.3622 5.9198 7.8268
253 2.3623 5.9193 7.8265
254 2.3624 5.9190 7.8262
254 2.3625 5.9184 7.8260
254 2.3630 5.9187 7.8257
254 2.3630 5.9183 7.8256
254 2.3631 5.9189 7.8257
254 2.3632 5.9186 7.8259
254 2.3633 5.9186 7.8258
254 2.3633 5.9188 7.8265
254 2.3634 5.9188 7.8269
255 2.3646 5.9187 7.8278
255 2.3646 5.9188 7.8275
255 2.3647 5.9191 7.8284
255 2.3652 5.9190 7.8278
255 2.3652 5.9184 7.8273
255 2.3653 5.9180 7.8273
255 2.3657 5.9182 7.8282
255 2.3662 5.9198 7.8304
255 2.3666 5.9214 7.8326
255 2.3667 5.9209 7.8324
256 2.3667 5.9203 7.8320
256 2.3672 5.9200 7.8332
256 2.3676 5.9214 7.8345
256 2.3680 5.9222 7.8351
256 2.3681 5.9217 7.8348
256 2.3682 5.9210 7.8343
256 2.3686 5.9210 7.8365
256 2.3690 5.9214 7.8374
256 2.3694 5.9216 7.8375
256 2.3695 5.9212 7.8373
257 2.3695 5.9208 7.8372
257 2.3699 5.9205 7.8375
257 2.3704 5.9212 7.8384
257 2.3708 5.9216 7.8387
257 2.3708 5.9212 7.8388
257 2.3709 5.9211 7.8385
257 2.3709 5.9220 7.8392
258 2.3710 5.9224 7.8394
258 2.3714 5.9227 7.8401
258 2.3719 5.9227 7.8410
258 2.3723 5.9225 7.8403
258 2.3724 5.9227 7.8407
258 2.3728 5.9235 7.8416
258 2.3728 5.9242 7.8425
258 2.3732 5.9248 7.8437
258 2.3736 5.9257 7.8446
258 2.3737 5.9257 7.8451
259 2.3741 5.9251 7.8453
259 2.3741 5.9252 7.8456
259 2.3745 5.9252 7.8461
259 2.3749 5.9251 7.8458
259 2.3750 5.9258 7.8471
259 2.3753 5.9254 7.8474
259 2.3754 5.9255 7.8476
259 2.3758 5.9250 7.8479
259 2.3762 5.9250 7.8474
259 2.3762 5.9250 7.8478
260 2.3766 5.9245 7.8480
260 2.3766 5.9252 7.8487
260 2.3770 5.9251 7.8496
260 2.3774 5.9257 7.8498
260 2.3774 5.9255 7.8500
260 2.3778 5.9262 7.8521
260 2.3778 5.9256 7.8518
260 2.3779 5.9261 7.8521
261 2.3782 5.9257 7.8525
261 2.3783 5.9254 7.8521
261 2.3787 5.9249 7.8543
261 2.3791 5.9253 7.8540
261 2.3792 5.9247 7.8536
261 2.3792 5.9253 7.8541
261 2.3796 5.9264 7.8554
261 2.3796 5.9257 7.8548
262 2.3796 5.9252 7.8544
262 2.3800 5.9247 7.8549
262 2.3804 5.9251 7.8546
262 2.3805 5.9254 7.8550
262 2.3805 5.9248 7.8545
262 2.3809 5.9244 7.8549
262 2.3813 5.9242 7.8552
262 2.3816 5.9253 7.8564
262 2.3817 5.9246 7.8559
262 2.3817 5.9243 7.8555
263 2.3817 5.9248 7.8559
263 2.3817 5.9245 7.8557
263 2.3821 5.9242 7.8569
263 2.3824 5.9255 7.8590
263 2.3825 5.9252 7.8589
263 2.3825 5.9248 7.8590
263 2.3825 5.9278 7.8611
264 2.3825 5.9275 7.8609
264 2.3830 5.9289 7.8631
264 2.3834 5.9290 7.8640
264 2.3838 5.9311 7.8661
264 2.3838 5.9309 7.8662
264 2.3838 5.9306 7.8663
264 2.3838 5.9303 7.8662
264 2.3839 5.9298 7.8659
264 2.3839 5.9293 7.8655
264 2.3839 5.9291 7.8652
265 2.3843 5.9287 7.8656
265 2.3843 5.9285 7.8656
265 2.3843 5.9281 7.8657
265 2.3847 5.9284 7.8654
265 2.3847 5.9285 7.8662
265 2.3847 5.9282 7.8661
265 2.3847 5.9280 7.8660
265 2.3847 5.9276 7.8660
265 2.3847 5.9271 7.8656
265 2.3847 5.9268 7.8652
266 2.3847 5.9266 7.8650
266 2.3847 5.9261 7.8647
266 2.3852 5.9260 7.8641
266 2.3852 5.9256 7.8636
266 2.3852 5.9251 7.8635
266 2.3851 5.9248 7.8632
266 2.3851 5.9247 7.8634
266 2.3851 5.9244 7.8635
266 2.3851 5.9243 7.8634
267 2.3851 5.9246 7.8639
267 2.3851 5.9246 7.8641
267 2.3855 5.9245 7.8638
267 2.3855 5.9244 7.8641
267 2.3855 5.9238 7.8636
267 2.3858 5.9242 7.8643
267 2.3858 5.9241 7.8648
268 2.3858 5.9239 7.8649
268 2.3862 5.9240 7.8658
268 2.3866 5.9236 7.8664
268 2.3870 5.9237 7.8661
268 2.3869 5.9238 7.8665
268 2.3869 5.9236 7.8665
268 2.3873 5.9231 7.8669
268 2.3876 5.9236 7.8671
268 2.3876 5.9235 7.8675
269 2.3876 5.9230 7.8670
269 2.3879 5.9228 7.8672
269 2.3883 5.9226 7.8670
269 2.3882 5.9220 7.8664
269 2.3882 5.9217 7.8661
269 2.3886 5.9214 7.8670
269 2.3885 5.9211 7.8668
270 2.3885 5.9207 7.8668
270 2.3889 5.9203 7.8670
270 2.3893 5.9202 7.8667
270 2.3896 5.9201 7.8672
270 2.3899 5.9200 7.8678
271 2.3902 5.9198 7.8683
271 2.3906 5.9200 7.8695
271 2.3910 5.9205 7.8698
271 2.3913 5.9200 7.8699
271 2.3916 5.9196 7.8704
272 2.3919 5.9192 7.8725
272 2.3923 5.9188 7.8728
272 2.3927 5.9191 7.8724
272 2.3930 5.9187 7.8727
272 2.3933 5.9186 7.8732
272 2.3936 5.9190 7.8733
273 2.3939 5.9194 7.8754
273 2.3942 5.9194 7.8758
273 2.3945 5.9192 7.8755
273 2.3945 5.9196 7.8756
273 2.3945 5.9209 7.8777
273 2.3948 5.9215 7.8783
273 2.3947 5.9222 7.8804
274 2.3947 5.9226 7.8805
274 2.3950 5.9243 7.8826
274 2.3953 5.9239 7.8828
274 2.3957 5.9243 7.8828
274 2.3957 5.9251 7.8832
274 2.3956 5.9257 7.8844
274 2.3959 5.9259 7.8865
274 2.3962 5.9264 7.8874
274 2.3962 5.9268 7.8874
275 2.3962 5.9275 7.8877
275 2.3964 5.9282 7.8898
275 2.3967 5.9282 7.8901
275 2.3971 5.9280 7.8894
275 2.3974 5.9274 7.8895
275 2.3977 5.9288 7.8907
275 2.3980 5.9301 7.8919
276 2.3984 5.9300 7.8927
276 2.3986 5.9297 7.8932
276 2.3989 5.9309 7.8941
276 2.3992 5.9317 7.8945
277 2.3995 5.9324 7.8966
277 2.3997 5.9342 7.8987
278 2.4000 5.9336 7.8988
278 2.4011 5.9348 7.8999
278 2.4021 5.9369 7.9020
278 2.4032 5.9384 7.9029
278 2.4035 5.9389 7.9041
279 2.4037 5.9385 7.9042
279 2.4041 5.9391 7.9051
279 2.4045 5.9395 7.9050
279 2.4048 5.9402 7.9062
280 2.4050 5.9396 7.9063
280 2.4061 5.9393 7.9070
280 2.4065 5.9404 7.9081
280 2.4068 5.9421 7.9093
281 2.4072 5.9417 7.9096
282 2.4083 5.9414 7.9116
282 2.4085 5.9425 7.9125
282 2.4095 5.9442 7.9136
282 2.4106 5.9455 7.9143
285 2.4116 5.9452 7.9146
285 2.4126 5.9448 7.9151
285 2.4136 5.9453 7.9159
285 2.4146 5.9457 7.9168
285 2.4146 5.9452 7.9163
285 2.4145 5.9446 7.9157
286 2.4145 5.9451 7.9159
286 2.4149 5.9453 7.9156
286 2.4148 5.9449 7.9155
286 2.4148 5.9444 7.9149
286 2.4148 5.9438 7.9143
287 2.4147 5.9442 7.9145
287 2.4151 5.9450 7.9149
287 2.4151 5.9447 7.9147
287 2.4150 5.9441 7.9141
287 2.4150 5.9435 7.9134
288 2.4150 5.9431 7.9131
288 2.4153 5.9431 7.9128
288 2.4153 5.9430 7.9125
288 2.4152 5.9426 7.9122
288 2.4152 5.9422 7.9119
289 2.4151 5.9419 7.9115
289 2.4155 5.9421 7.9112
289 2.4155 5.9432 7.9120
289 2.4154 5.9442 7.9127
290 2.4158 5.9438 7.9130
290 2.4157 5.9436 7.9128
290 2.4161 5.9434 7.9122
290 2.4160 5.9432 7.9118
290 2.4160 5.9433 7.9122
290 2.4162 5.9432 7.9117
290 2.4162 5.9434 7.9120
291 2.4166 5.9432 7.9126
291 2.4165 5.9430 7.9124
291 2.4168 5.9435 7.9126
291 2.4167 5.9445 7.9134
291 2.4167 5.9446 7.9136
291 2.4169 5.9448 7.9140
291 2.4168 5.9449 7.9141
292 2.4168 5.9457 7.9147
292 2.4170 5.9460 7.9149
292 2.4170 5.9456 7.9146
292 2.4169 5.9454 7.9143
292 2.4169 5.9452 7.9140
293 2.4168 5.9460 7.9145
293 2.4172 5.9458 7.9138
294 2.4175 5.9455 7.9150
294 2.4179 5.9460 7.9151
294 2.4177 5.9457 7.9147
294 2.4174 5.9454 7.9144
294 2.4172 5.9451 7.9140
294 2.4170 5.9446 7.9133
294 2.4168 5.9444 7.9129
294 2.4165 5.9449 7.9135
295 2.4163 5.9446 7.9132
295 2.4161 5.9450 7.9137
295 2.4164 5.9446 7.9149
295 2.4168 5.9449 7.9148
295 2.4166 5.9445 7.9143
295 2.4163 5.9442 7.9140
295 2.4161 5.9446 7.9143
295 2.4159 5.9443 7.9138
295 2.4161 5.9450 7.9145
295 2.4159 5.9445 7.9138
295 2.4157 5.9443 7.9134
296 2.4155 5.9449 7.9140
296 2.4152 5.9444 7.9133
296 2.4155 5.9442 7.9130
296 2.4153 5.9440 7.9125
296 2.4150 5.9440 7.9124
296 2.4148 5.9443 7.9124
296 2.4146 5.9440 7.9118
296 2.4145 5.9436 7.9115
296 2.4148 5.9438 7.9118
296 2.4145 5.9435 7.9113
296 2.4143 5.9431 7.9110
296 2.4143 5.9427 7.9106
297 2.4140 5.9431 7.9108
297 2.4138 5.9427 7.9103
297 2.4137 5.9432 7.9104
297 2.4140 5.9439 7.9109
297 2.4138 5.9434 7.9101
297 2.4135 5.9430 7.9096
297 2.4135 5.9430 7.9097
297 2.4134 5.9428 7.9106
297 2.4132 5.9425 7.9102
297 2.4130 5.9422 7.9097
297 2.4129 5.9418 7.9095
297 2.4129 5.9418 7.9106
297 2.4126 5.9412 7.9099
297 2.4124 5.9410 7.9095
297 2.4123 5.9406 7.9092
297 2.4123 5.9405 7.9101
298 2.4121 5.9411 7.9105
298 2.4118 5.9406 7.9098
298 2.4118 5.9411 7.9098
298 2.4117 5.9417 7.9110
298 2.4115 5.9417 7.9111
298 2.4113 5.9414 7.9106
298 2.4110 5.9412 7.9101
298 2.4108 5.9406 7.9093
298 2.4106 5.9404 7.9089
298 2.4103 5.9410 7.9092
299 2.4101 5.9410 7.9093
299 2.4099 5.9408 7.9088
299 2.4102 5.9407 7.9108
299 2.4106 5.9412 7.9108
299 2.4103 5.9417 7.9111
299 2.4101 5.9414 7.9106
299 2.4098 5.9419 7.9108
299 2.4096 5.9416 7.9102
299 2.4096 5.9426 7.9107
299 2.4093 5.9420 7.9099
299 2.4091 5.9418 7.9094
299 2.4090 5.9426 7.9097
300 2.4088 5.9423 7.9093
300 2.4086 5.9419 7.9087
300 2.4085 5.9417 7.9084
300 2.4089 5.9415 7.9078
300 2.4086 5.9413 7.9072
300 2.4084 5.9415 7.9071
300 2.4083 5.9413 7.9068
300 2.4081 5.9414 7.9067
300 2.4079 5.9416 7.9065
300 2.4078 5.9416 7.9066
300 2.4076 5.9414 7.9060
300 2.4073 5.9414 7.9058
300 2.4073 5.9415 7.9058
301 2.4070 5.9417 7.9056
301 2.4068 5.9414 7.9050
301 2.4067 5.9412 7.9047
301 2.4071 5.9416 7.9047
301 2.4069 5.9413 7.9041
301 2.4066 5.9409 7.9037
301 2.4064 5.9407 7.9031
301 2.4061 5.9403 7.9025
301 2.4064 5.9410 7.9034
301 2.4067 5.9413 7.9035
302 2.4069 5.9418 7.9041
302 2.4072 5.9429 7.9049
302 2.4075 5.9424 7.9058
302 2.4078 5.9431 7.9061
303 2.4080 5.9435 7.9066
303 2.4083 5.9434 7.9078
303 2.4086 5.9437 7.9078
303 2.4085 5.9431 7.9074
303 2.4085 5.9433 7.9075
303 2.4084 5.9434 7.9075
304 2.4084 5.9438 7.9080
304 2.4087 5.9438 7.9087
304 2.4091 5.9436 7.9080
304 2.4090 5.9437 7.9083
304 2.4090 5.9437 7.9084
305 2.4089 5.9440 7.9087
305 2.4092 5.9435 7.9093
305 2.4096 5.9433 7.9087
305 2.4095 5.9427 7.9081
305 2.4095 5.9426 7.9081
305 2.4094 5.9424 7.9081
306 2.4094 5.9427 7.9083
306 2.4097 5.9426 7.9080
306 2.4096 5.9424 7.9079
306 2.4096 5.9421 7.9078
307 2.4099 5.9417 7.9080
307 2.4098 5.9420 7.9083
307 2.4102 5.9422 7.9079
307 2.4101 5.9418 7.9077
307 2.4100 5.9413 7.9073
307 2.4103 5.9419 7.9077
307 2.4102 5.9414 7.9072
308 2.4106 5.9408 7.9079
308 2.4105 5.9411 7.9081
308 2.4107 5.9409 7.9077
309 2.4111 5.9406 7.9086
309 2.4114 5.9410 7.9086
309 2.4112 5.9406 7.9081
309 2.4109 5.9404 7.9080
309 2.4107 5.9411 7.9091
309 2.4105 5.9409 7.9089
309 2.4102 5.9409 7.9090
309 2.4100 5.9416 7.9098
310 2.4098 5.9413 7.9096
310 2.4101 5.9410 7.9098
310 2.4099 5.9416 7.9105
310 2.4102 5.9418 7.9103
310 2.4100 5.9414 7.9099
310 2.4097 5.9412 7.9097
310 2.4095 5.9417 7.9102
310 2.4093 5.9413 7.9097
310 2.4095 5.9415 7.9099
310 2.4093 5.9413 7.9096
310 2.4090 5.9413 7.9097
311 2.4088 5.9420 7.9099
311 2.4086 5.9418 7.9095
311 2.4088 5.9416 7.9092
311 2.4086 5.9416 7.9092
311 2.4083 5.9415 7.9091
311 2.4081 5.9420 7.9102
311 2.4080 5.9415 7.9098
311 2.4078 5.9411 7.9093
311 2.4081 5.9413 7.9092
311 2.4078 5.9409 7.9087
311 2.4078 5.9405 7.9082
311 2.4075 5.9403 7.9080
312 2.4073 5.9408 7.9084
312 2.4072 5.9412 7.9085
312 2.4070 5.9408 7.9080
312 2.4072 5.9410 7.9082
312 2.4070 5.9407 7.9078
312 2.4069 5.9404 7.9077
312 2.4067 5.9400 7.9072
312 2.4065 5.9397 7.9069
312 2.4064 5.9392 7.9063
312 2.4062 5.9397 7.9066
312 2.4064 5.9403 7.9069
312 2.4062 5.9400 7.9065
312 2.4061 5.9395 7.9059
312 2.4059 5.9395 7.9058
313 2.4056 5.9403 7.9070
313 2.4056 5.9407 7.9070
313 2.4053 5.9404 7.9066
313 2.4056 5.9402 7.9062
313 2.4053 5.9416 7.9071
313 2.4051 5.9414 7.9068
313 2.4049 5.9411 7.9063
313 2.4051 5.9408 7.9065
313 2.4049 5.9406 7.9061
313 2.4046 5.9406 7.9060
313 2.4044 5.9412 7.9061
314 2.4042 5.9425 7.9068
314 2.4039 5.9425 7.9066
314 2.4042 5.9429 7.9066
314 2.4040 5.9436 7.9074
314 2.4038 5.9436 7.9072
314 2.4035 5.9442 7.9078
314 2.4035 5.9446 7.9082
314 2.4032 5.9446 7.9080
314 2.4030 5.9443 7.9075
314 2.4029 5.9447 7.9078
314 2.4027 5.9444 7.9073
315 2.4024 5.9442 7.9070
315 2.4024 5.9437 7.9065
315 2.4021 5.9432 7.9060
315 2.4025 5.9430 7.9053
315 2.4022 5.9457 7.9072
315 2.4022 5.9454 7.9069
315 2.4019 5.9454 7.9067
315 2.4017 5.9453 7.9066
315 2.4016 5.9451 7.9065
315 2.4014 5.9455 7.9073
315 2.4011 5.9474 7.9084
315 2.4011 5.9472 7.9082
315 2.4008 5.9471 7.9081
316 2.4006 5.9475 7.9087
316 2.4006 5.9469 7.9083
316 2.4003 5.9485 7.9091
316 2.4006 5.9489 7.9090
316 2.4004 5.9485 7.9084
316 2.4001 5.9482 7.9081
316 2.3999 5.9487 7.9083
316 2.4001 5.9490 7.9086
316 2.3999 5.9485 7.9081
316 2.4001 5.9488 7.9080
317 2.4004 5.9489 7.9088
317 2.4006 5.9487 7.9085
317 2.4010 5.9485 7.9088
318 2.4013 5.9485 7.9095
318 2.4015 5.9489 7.9101
318 2.4018 5.9491 7.9100
318 2.4016 5.9497 7.9103
318 2.4013 5.9500 7.9107
318 2.4011 5.9507 7.9112
318 2.4009 5.9506 7.9110
318 2.4006 5.9503 7.9106
318 2.4004 5.9509 7.9110
319 2.4001 5.9512 7.9113
319 2.3999 5.9518 7.9116
319 2.4002 5.9520 7.9124
319 2.4005 5.9517 7.9127
319 2.4008 5.9515 7.9120
319 2.4006 5.9520 7.9123
319 2.4003 5.9523 7.9125
319 2.4001 5.9526 7.9128
319 2.3998 5.9532 7.9130
319 2.4001 5.9529 7.9126
319 2.3998 5.9529 7.9123
319 2.3996 5.9525 7.9119
320 2.3993 5.9523 7.9116
320 2.3991 5.9522 7.9113
320 2.3993 5.9525 7.9115
320 2.3991 5.9522 7.9111
320 2.3988 5.9541 7.9122
320 2.3986 5.9556 7.9133
320 2.3983 5.9567 7.9139
320 2.3986 5.9572 7.9141
320 2.3983 5.9577 7.9142
320 2.3981 5.9579 7.9144
321 2.3978 5.9585 7.9146
321 2.3976 5.9589 7.9146
321 2.3978 5.9587 7.9142
321 2.3976 5.9586 7.9139
321 2.3973 5.9590 7.9139
321 2.3971 5.9592 7.9138
321 2.3968 5.9595 7.9139
321 2.3966 5.9593 7.9134
321 2.3963 5.9598 7.9135
321 2.3961 5.9594 7.9129
321 2.3960 5.9592 7.9126
321 2.3963 5.9602 7.9133
321 2.3960 5.9601 7.9129
321 2.3958 5.9598 7.9125
321 2.3955 5.9595 7.9121
321 2.3952 5.9593 7.9116
321 2.3952 5.9590 7.9113
322 2.3950 5.9588 7.9109
322 2.3947 5.9583 7.9102
322 2.3944 5.9582 7.9099
322 2.3942 5.9578 7.9095
322 2.3942 5.9575 7.9093
322 2.3944 5.9581 7.9095
322 2.3941 5.9578 7.9091
322 2.3939 5.9576 7.9086
322 2.3936 5.9578 7.9086
322 2.3934 5.9577 7.9080
322 2.3931 5.9581 7.9081
322 2.3929 5.9578 7.9076
322 2.3926 5.9576 7.9072
322 2.3924 5.9573 7.9067
322 2.3926 5.9572 7.9072
322 2.3923 5.9569 7.9068
322 2.3921 5.9567 7.9063
322 2.3918 5.9564 7.9059
322 2.3916 5.9559 7.9052
323 2.3913 5.9557 7.9047
323 2.3911 5.9554 7.9042
323 2.3908 5.9551 7.9038
323 2.3905 5.9549 7.9033
323 2.3909 5.9551 7.9031
323 2.3906 5.9548 7.9027
323 2.3903 5.9543 7.9020
323 2.3901 5.9540 7.9015
323 2.3898 5.9538 7.9010
323 2.3896 5.9535 7.9006
323 2.3893 5.9530 7.8999
323 2.3891 5.9526 7.8994
323 2.3888 5.9524 7.8988
323 2.3885 5.9523 7.8984
323 2.3883 5.9520 7.8980
323 2.3880 5.9524 7.8980
323 2.3878 5.9520 7.8974
324 2.3875 5.9523 7.8974
324 2.3872 5.9521 7.8969
324 2.3870 5.9525 7.8968
324 2.3867 5.9527 7.8967
324 2.3870 5.9533 7.8970
324 2.3868 5.9559 7.8989
324 2.3865 5.9559 7.8987
324 2.3862 5.9573 7.8995
324 2.3860 5.9575 7.8998
324 2.3860 5.9577 7.9016
324 2.3857 5.9592 7.9024
324 2.3854 5.9603 7.9043
324 2.3852 5.9615 7.9049
324 2.3849 5.9617 7.9051
324 2.3849 5.9613 7.9048
324 2.3848 5.9615 7.9066
324 2.3846 5.9633 7.9077
324 2.3843 5.9633 7.9075
324 2.3841 5.9647 7.9081
324 2.3838 5.9657 7.9092
324 2.3838 5.9653 7.9089
324 2.3837 5.9655 7.9100
325 2.3835 5.9666 7.9105
325 2.3832 5.9667 7.9106
325 2.3829 5.9683 7.9114
325 2.3827 5.9683 7.9112
325 2.3826 5.9686 7.9112
325 2.3826 5.9691 7.9120
325 2.3824 5.9695 7.9119
325 2.3821 5.9697 7.9118
325 2.3818 5.9699 7.9117
325 2.3816 5.9697 7.9112
325 2.3815 5.9697 7.9113
325 2.3813 5.9701 7.9113
325 2.3810 5.9697 7.9107
325 2.3807 5.9701 7.9106
325 2.3805 5.9702 7.9104
325 2.3804 5.9700 7.9101
325 2.3807 5.9698 7.9097
325 2.3804 5.9694 7.9093
325 2.3802 5.9692 7.9087
325 2.3801 5.9690 7.9084
326 2.3799 5.9685 7.9077
326 2.3796 5.9681 7.9072
326 2.3796 5.9679 7.9069
326 2.3798 5.9688 7.9074
326 2.3801 5.9687 7.9079
327 2.3804 5.9691 7.9087
327 2.3807 5.9687 7.9088
327 2.3810 5.9687 7.9093
327 2.3814 5.9685 7.9087
327 2.3811 5.9682 7.9083
327 2.3808 5.9678 7.9077
327 2.3806 5.9675 7.9074
327 2.3808 5.9674 7.9078
327 2.3811 5.9672 7.9086
327 2.3808 5.9669 7.9081
327 2.3805 5.9667 7.9077
327 2.3803 5.9664 7.9073
328 2.3800 5.9660 7.9068
328 2.3797 5.9658 7.9064
328 2.3801 5.9657 7.9061
328 2.3798 5.9654 7.9057
328 2.3795 5.9650 7.9051
328 2.3793 5.9647 7.9047
328 2.3792 5.9645 7.9046
328 2.3790 5.9642 7.9041
328 2.3792 5.9645 7.9042
328 2.3789 5.9642 7.9037
328 2.3789 5.9640 7.9035
328 2.3787 5.9637 7.9031
329 2.3784 5.9637 7.9029
329 2.3784 5.9635 7.9028
329 2.3781 5.9632 7.9023
329 2.3783 5.9634 7.9024
329 2.3781 5.9631 7.9020
329 2.3778 5.9635 7.9022
329 2.3778 5.9631 7.9020
329 2.3775 5.9631 7.9023
329 2.3772 5.9630 7.9019
329 2.3770 5.9629 7.9018
329 2.3767 5.9626 7.9013
329 2.3767 5.9621 7.9009
329 2.3764 5.9624 7.9014
329 2.3767 5.9622 7.9010
329 2.3764 5.9620 7.9006
329 2.3761 5.9616 7.9001
329 2.3759 5.9614 7.8996
329 2.3758 5.9609 7.8992
329 2.3756 5.9605 7.8986
330 2.3753 5.9600 7.8981
330 2.3750 5.9598 7.8977
330 2.3748 5.9595 7.8973
330 2.3747 5.9592 7.8970
330 2.3745 5.9588 7.8965
330 2.3747 5.9588 7.8962
330 2.3745 5.9584 7.8961
330 2.3742 5.9582 7.8956
330 2.3739 5.9579 7.8951
330 2.3739 5.9577 7.8953
330 2.3736 5.9573 7.8948
330 2.3734 5.9571 7.8943
330 2.3731 5.9567 7.8937
330 2.3728 5.9562 7.8932
330 2.3728 5.9560 7.8931
330 2.3725 5.9557 7.8927
330 2.3723 5.9554 7.8925
330 2.3720 5.9551 7.8920
330 2.3717 5.9551 7.8920
330 2.3717 5.9549 7.8918
330 2.3714 5.9546 7.8914
331 2.3712 5.9545 7.8913
331 2.3709 5.9545 7.8911
331 2.3706 5.9541 7.8908
331 2.3706 5.9538 7.8905
331 2.3703 5.9535 7.8900
331 2.3707 5.9537 7.8898
331 2.3704 5.9538 7.8898
331 2.3701 5.9544 7.8900
331 2.3698 5.9541 7.8895
331 2.3696 5.9537 7.8889
331 2.3693 5.9533 7.8884
331 2.3690 5.9530 7.8879
331 2.3688 5.9526 7.8877
331 2.3685 5.9524 7.8872
331 2.3687 5.9531 7.8878
331 2.3685 5.9532 7.8878
331 2.3682 5.9529 7.8873
331 2.3679 5.9528 7.8872
331 2.3677 5.9528 7.8869
332 2.3674 5.9528 7.8869
332 2.3671 5.9534 7.8870
332 2.3668 5.9534 7.8869
332 2.3672 5.9531 7.8870
332 2.3669 5.9528 7.8865
332 2.3671 5.9537 7.8873
332 2.3669 5.9536 7.8872
332 2.3666 5.9535 7.8869
332 2.3663 5.9535 7.8868
332 2.3661 5.9533 7.8863
332 2.3658 5.9531 7.8861
332 2.3655 5.9531 7.8859
332 2.3652 5.9531 7.8857
332 2.3655 5.9529 7.8863
332 2.3652 5.9526 7.8858
332 2.3654 5.9541 7.8876
332 2.3652 5.9538 7.8874
332 2.3649 5.9535 7.8868
332 2.3646 5.9530 7.8863
332 2.3644 5.9528 7.8859
332 2.3643 5.9535 7.8877
333 2.3641 5.9532 7.8872
333 2.3638 5.9528 7.8866
333 2.3635 5.9526 7.8861
333 2.3632 5.9522 7.8856
333 2.3632 5.9524 7.8867
333 2.3630 5.9521 7.8862
333 2.3627 5.9524 7.8866
333 2.3624 5.9523 7.8863
333 2.3621 5.9522 7.8861
333 2.3619 5.9526 7.8861
333 2.3616 5.9526 7.8863
333 2.3613 5.9525 7.8859
333 2.3613 5.9526 7.8860
333 2.3610 5.9526 7.8858
333 2.3607 5.9523 7.8854
333 2.3605 5.9526 7.8857
333 2.3602 5.9529 7.8856
333 2.3602 5.9530 7.8856
333 2.3599 5.9531 7.8858
334 2.3596 5.9529 7.8854
334 2.3594 5.9528 7.8852
334 2.3591 5.9525 7.8847
334 2.3591 5.9529 7.8849
334 2.3588 5.9532 7.8851
334 2.3591 5.9530 7.8846
334 2.3588 5.9527 7.8841
334 2.3586 5.9524 7.8836
334 2.3583 5.9521 7.8831
334 2.3583 5.9517 7.8827
334 2.3580 5.9513 7.8821
334 2.3577 5.9508 7.8816
334 2.3575 5.9506 7.8812
334 2.3572 5.9503 7.8807
334 2.3572 5.9504 7.8810
334 2.3569 5.9501 7.8805
334 2.3571 5.9509 7.8809
334 2.3569 5.9507 7.8804
334 2.3566 5.9504 7.8799
334 2.3566 5.9504 7.8801
334 2.3566 5.9506 7.8812
335 2.3563 5.9504 7.8807
335 2.3560 5.9501 7.8802
335 2.3560 5.9504 7.8804
335 2.3563 5.9500 7.8805
335 2.3562 5.9514 7.8823
335 2.3565 5.9510 7.8824
336 2.3568 5.9507 7.8832
336 2.3572 5.9505 7.8840
336 2.3574 5.9518 7.8858
336 2.3577 5.9529 7.8876
336 2.3577 5.9526 7.8876
336 2.3577 5.9522 7.8872
336 2.3577 5.9518 7.8868
337 2.3577 5.9522 7.8868
337 2.3580 5.9525 7.8886
337 2.3583 5.9521 7.8894
337 2.3587 5.9523 7.8893
337 2.3586 5.9520 7.8892
337 2.3586 5.9523 7.8892
337 2.3586 5.9521 7.8890
337 2.3586 5.9525 7.8890
337 2.3586 5.9523 7.8888
338 2.3586 5.9519 7.8887
338 2.3585 5.9522 7.8889
338 2.3589 5.9524 7.8887
338 2.3588 5.9527 7.8890
338 2.3588 5.9524 7.8889
338 2.3588 5.9527 7.8891
338 2.3588 5.9528 7.8890
338 2.3588 5.9531 7.8892
338 2.3587 5.9532 7.8891
339 2.3587 5.9528 7.8887
339 2.3587 5.9529 7.8889
339 2.3590 5.9527 7.8883
339 2.3590 5.9530 7.8884
339 2.3590 5.9528 7.8890
339 2.3589 5.9531 7.8891
339 2.3589 5.9528 7.8888
339 2.3589 5.9536 7.8906
339 2.3589 5.9539 7.8906
339 2.3588 5.9537 7.8903
339 2.3588 5.9544 7.8914
340 2.3591 5.9540 7.8919
340 2.3591 5.9535 7.8915
340 2.3591 5.9533 7.8912
340 2.3590 5.9543 7.8929
340 2.3590 5.9540 7.8927
340 2.3590 5.9537 7.8925
340 2.3589 5.9536 7.8931
340 2.3589 5.9534 7.8929
340 2.3589 5.9532 7.8930
340 2.3588 5.9538 7.8940
340 2.3588 5.9536 7.8937
340 2.3588 5.9534 7.8938
340 2.3587 5.9540 7.8946
341 2.3587 5.9535 7.8941
341 2.3586 5.9533 7.8938
341 2.3586 5.9542 7.8949
341 2.3586 5.9538 7.8945
341 2.3585 5.9534 7.8940
342 2.3585 5.9538 7.8940
342 2.3588 5.9540 7.8950
342 2.3591 5.9536 7.8956
342 2.3594 5.9538 7.8954
342 2.3594 5.9535 7.8953
342 2.3594 5.9536 7.8954
342 2.3593 5.9536 7.8956
343 2.3593 5.9535 7.8956
343 2.3596 5.9539 7.8966
343 2.3599 5.9552 7.8977
344 2.3602 5.9555 7.8994
344 2.3611 5.9553 7.9012
344 2.3614 5.9550 7.9014
344 2.3618 5.9557 7.9020
345 2.3621 5.9553 7.9023
345 2.3624 5.9549 7.9028
345 2.3627 5.9549 7.9032
345 2.3630 5.9547 7.9026
346 2.3633 5.9543 7.9030
347 2.3642 5.9539 7.9047
347 2.3645 5.9541 7.9055
347 2.3654 5.9546 7.9061
347 2.3663 5.9548 7.9068
349 2.3672 5.9544 7.9085
349 2.3681 5.9539 7.9095
349 2.3689 5.9539 7.9103
349 2.3698 5.9537 7.9111
361 2.3734 5.9533 7.9128
361 2.3764 5.9528 7.9146
361 2.3791 5.9528 7.9163
361 2.3816 5.9526 7.9180
