1 0.9183 1.5850 1.5850
2 0.9710 2.3219 2.3219
3 0.9852 2.8074 2.8074
3 1.4056 2.7500 3.0000
3 1.3516 2.9477 3.1699
3 1.4855 3.1219 3.3219
4 1.5395 3.0958 3.4594
4 1.8250 3.0850 3.5850
4 1.8262 3.2389 3.7004
4 1.8352 3.3788 3.8074
5 1.8062 3.3736 3.9069
5 1.7718 3.5000 4.0000
6 1.7780 3.6169 4.0875
6 1.7721 3.5724 4.0588
6 1.7583 3.5369 4.0374
6 1.7763 3.5464 4.0219
6 1.7608 3.5226 4.0114
7 1.7417 3.5383 4.0049
7 1.7349 3.6425 4.0888
8 1.7238 3.6258 4.1683
8 1.7095 3.7231 4.2439
8 1.7290 3.8151 4.3158
9 1.7198 3.7821 4.3104
9 1.7080 3.8693 4.3788
9 1.6942 3.8833 4.4442
9 1.7105 3.9647 4.5069
9 1.6969 4.0424 4.5671
10 1.6821 4.0542 4.6250
10 1.6664 4.0289 4.5973
10 1.6501 4.0064 4.5725
10 1.6659 4.0791 4.6290
11 1.6684 4.0588 4.6280
11 1.6543 4.0539 4.6281
12 1.6397 4.1228 4.6819
12 1.6536 4.1185 4.6826
12 1.6396 4.1153 4.6842
12 1.6253 4.0923 4.6562
12 1.7013 4.0800 4.7077
13 1.6862 4.0605 4.6935
13 1.6978 4.0792 4.6978
14 1.7064 4.0621 4.7472
14 1.7124 4.0543 4.7352
15 1.7163 4.1166 4.7830
15 1.7184 4.1196 4.7721
16 1.7257 4.1792 4.8184
16 1.7309 4.2371 4.8635
16 1.7323 4.2225 4.8437
17 1.7361 4.2399 4.8492
17 1.7384 4.2949 4.8927
18 1.7306 4.3114 4.9352
18 1.7321 4.3278 4.9402
18 1.7244 4.3797 4.9812
18 1.7164 4.3952 5.0212
18 1.7649 4.4106 5.0603
19 1.7563 4.4598 5.0985
19 1.7594 4.4618 5.0899
19 1.7613 4.4454 5.0944
20 1.7621 4.4929 5.1313
20 1.7547 4.5391 5.1674
20 1.7469 4.5413 5.1716
21 1.7390 4.5437 5.1759
21 1.7428 4.5390 5.1616
21 1.7350 4.5420 5.1666
21 1.7271 4.5564 5.1718
21 1.7294 4.5707 5.1772
22 1.7309 4.5740 5.2112
22 1.7235 4.6164 5.2446
22 1.7278 4.6301 5.2496
23 1.7291 4.6266 5.2547
23 1.7223 4.6674 5.2870
24 1.7153 4.6806 5.3186
24 1.7194 4.6938 5.3234
24 1.7125 4.7328 5.3543
24 1.7055 4.7711 5.3846
24 1.6984 4.7834 5.4144
24 1.6913 4.8205 5.4436
24 1.6840 4.8169 5.4384
24 1.6766 4.8196 5.4671
25 1.6692 4.8165 5.4621
25 1.6618 4.8195 5.4902
25 1.6543 4.8127 5.5179
25 1.6582 4.8104 5.5219
25 1.6510 4.8456 5.5490
26 1.6437 4.8489 5.5529
26 1.6363 4.8833 5.5794
26 1.6426 4.8811 5.6055
26 1.6354 4.9147 5.6312
26 1.6283 4.9261 5.6564
26 1.6211 4.9292 5.6599
27 1.6257 4.9618 5.6846
27 1.6187 4.9558 5.6749
27 1.6118 4.9501 5.6655
27 1.6161 4.9447 5.6693
27 1.6093 4.9396 5.6655
27 1.6160 4.9433 5.6898
28 1.6200 4.9386 5.6861
28 1.6236 4.9500 5.7099
28 1.6173 4.9810 5.7335
28 1.6109 4.9764 5.7299
28 1.6046 5.0068 5.7530
29 1.5982 5.0177 5.7568
29 1.5919 5.0285 5.7607
29 1.5856 5.0215 5.7575
29 1.5793 5.0208 5.7545
29 1.5862 5.0317 5.7770
29 1.6170 5.0356 5.7992
29 1.6440 5.0395 5.8211
30 1.6377 5.0333 5.8181
30 1.6313 5.0273 5.8078
30 1.6354 5.0316 5.8293
30 1.6391 5.0285 5.8507
30 1.6424 5.0287 5.8480
30 1.6364 5.0213 5.8413
30 1.6305 5.0323 5.8453
31 1.6245 5.0272 5.8359
31 1.6310 5.0278 5.8568
31 1.6252 5.0285 5.8609
31 1.6194 5.0239 5.8548
31 1.6135 5.0248 5.8591
31 1.6077 5.0186 5.8534
31 1.6019 5.0144 5.8578
32 1.5962 5.0105 5.8523
32 1.5904 5.0157 5.8568
32 1.5846 5.0268 5.8770
32 1.5789 5.0378 5.8814
33 1.5832 5.0391 5.8858
33 1.5871 5.0501 5.9056
33 1.5816 5.0609 5.9099
33 1.6042 5.0867 5.9294
33 1.6248 5.0917 5.9486
33 1.6192 5.0966 5.9472
33 1.6137 5.0953 5.9459
34 1.6173 5.1003 5.9502
34 1.6119 5.0991 5.9490
34 1.6065 5.0942 5.9397
34 1.6010 5.0894 5.9327
34 1.6080 5.0847 5.9373
35 1.6026 5.0788 5.9305
35 1.5973 5.0744 5.9239
35 1.6011 5.0739 5.9287
35 1.6077 5.0698 5.9223
35 1.6026 5.0719 5.9271
36 1.5974 5.0962 5.9456
36 1.6011 5.0938 5.9452
36 1.6045 5.0899 5.9449
36 1.6076 5.1004 5.9631
36 1.6105 5.1002 5.9596
36 1.6057 5.0981 5.9561
36 1.6084 5.0981 5.9610
37 1.6036 5.1004 5.9609
37 1.5989 5.0957 5.9535
37 1.6016 5.1013 5.9536
37 1.5969 5.0967 5.9483
37 1.5923 5.0951 5.9431
37 1.5877 5.0907 5.9348
37 1.5831 5.0878 5.9321
37 1.6007 5.0825 5.9373
37 1.6170 5.0798 5.9425
38 1.6124 5.0758 5.9360
38 1.6078 5.0863 5.9413
38 1.6143 5.0892 5.9390
39 1.6170 5.0854 5.9367
39 1.6196 5.0958 5.9420
39 1.6258 5.0911 5.9473
39 1.6214 5.0902 5.9481
39 1.6170 5.0867 5.9440
40 1.6126 5.0833 5.9382
40 1.6186 5.0800 5.9325
40 1.6142 5.0758 5.9256
40 1.6099 5.0738 5.9239
40 1.6125 5.0799 5.9251
41 1.6150 5.0769 5.9236
42 1.6108 5.0720 5.9184
42 1.6066 5.0824 5.9240
42 1.6124 5.0820 5.9254
42 1.6083 5.0793 5.9204
42 1.6041 5.0756 5.9130
42 1.6000 5.0711 5.9083
42 1.6026 5.0675 5.9052
43 1.5985 5.0737 5.9218
43 1.5944 5.0799 5.9383
43 1.6001 5.0799 5.9398
44 1.6026 5.0834 5.9454
44 1.5987 5.1042 5.9616
44 1.6041 5.1103 5.9777
44 1.6093 5.1090 5.9766
45 1.6117 5.1105 5.9781
45 1.6139 5.1309 5.9939
45 1.6160 5.1369 6.0097
45 1.6123 5.1356 6.0067
45 1.6085 5.1357 6.0081
45 1.6048 5.1373 6.0071
45 1.6011 5.1334 6.0005
45 1.6032 5.1335 5.9978
45 1.5995 5.1291 5.9925
45 1.5959 5.1262 5.9872
46 1.5922 5.1226 5.9801
46 1.5885 5.1198 5.9762
46 1.5849 5.1171 5.9712
46 1.5813 5.1137 5.9689
46 1.5776 5.1097 5.9641
46 1.5740 5.1134 5.9697
46 1.5793 5.1128 5.9754
47 1.5816 5.1104 5.9773
47 1.5781 5.1066 5.9701
47 1.5803 5.1104 5.9852
47 1.5940 5.1201 6.0003
48 1.5905 5.1171 5.9947
48 1.6034 5.1192 6.0096
48 1.6084 5.1213 6.0151
48 1.6049 5.1171 6.0096
48 1.6014 5.1143 6.0052
48 1.5979 5.1165 6.0072
49 1.5945 5.1261 6.0127
49 1.5967 5.1269 6.0125
50 1.5933 5.1230 6.0073
50 1.5898 5.1191 6.0000
50 1.5864 5.1158 5.9942
51 1.5830 5.1115 5.9884
51 1.5796 5.1084 5.9836
51 1.5762 5.1095 5.9837
51 1.6102 5.1119 5.9982
51 1.6351 5.1159 6.0126
52 1.6372 5.1170 6.0148
52 1.6420 5.1135 6.0290
52 1.6440 5.1147 6.0345
52 1.6486 5.1159 6.0367
53 1.6601 5.1160 6.0507
53 1.6929 5.1122 6.0647
53 1.7038 5.1079 6.0786
53 1.7276 5.1047 6.0923
53 1.7378 5.1005 6.1060
53 1.7582 5.0960 6.1196
53 1.7678 5.0956 6.1247
54 1.7859 5.0920 6.1382
54 1.7897 5.0925 6.1516
54 1.7987 5.0878 6.1565
54 1.8150 5.0867 6.1698
54 1.8235 5.0910 6.1747
54 1.8385 5.0915 6.1878
54 1.8465 5.1090 6.2008
54 1.8603 5.1264 6.2137
55 1.8679 5.1437 6.2266
55 1.8807 5.1608 6.2394
55 1.8998 5.1596 6.2520
55 1.9070 5.1766 6.2647
55 1.9188 5.1716 6.2692
55 1.9300 5.1693 6.2817
55 1.9366 5.1676 6.2832
55 1.9430 5.1659 6.2956
55 1.9535 5.1622 6.3001
55 1.9633 5.1606 6.3124
56 1.9693 5.1556 6.3138
56 1.9751 5.1530 6.3260
56 1.9843 5.1492 6.3304
56 1.9931 5.1472 6.3424
56 1.9985 5.1421 6.3419
56 2.0037 5.1420 6.3539
56 2.0120 5.1391 6.3582
56 2.0198 5.1373 6.3700
56 2.0248 5.1333 6.3742
56 2.0294 5.1311 6.3785
56 2.0369 5.1260 6.3798
56 2.0440 5.1254 6.3915
56 2.0484 5.1220 6.4031
56 2.0526 5.1230 6.4072
57 2.0593 5.1214 6.4113
57 2.0657 5.1274 6.4228
57 2.0697 5.1304 6.4241
57 2.0736 5.1464 6.4355
57 2.0796 5.1466 6.4395
57 2.0854 5.1626 6.4508
57 2.0890 5.1712 6.4547
57 2.0925 5.1870 6.4659
57 2.0980 5.1955 6.4698
57 2.1033 5.2111 6.4809
57 2.1183 5.2100 6.4848
57 2.1215 5.2184 6.4887
57 2.1246 5.2338 6.4996
57 2.1296 5.2394 6.5008
57 2.1343 5.2477 6.5046
57 2.1388 5.2533 6.5155
57 2.1432 5.2615 6.5262
57 2.1473 5.2608 6.5274
57 2.1513 5.2690 6.5311
58 2.1550 5.2745 6.5418
58 2.1587 5.2826 6.5524
58 2.1621 5.2805 6.5535
58 2.1654 5.2842 6.5572
58 2.1685 5.2807 6.5583
58 2.1715 5.2955 6.5688
58 2.1744 5.2906 6.5670
58 2.1771 5.2895 6.5706
58 2.1800 5.2867 6.5718
58 2.1827 5.2848 6.5754
58 2.1853 5.2811 6.5765
58 2.1877 5.2788 6.5802
58 2.1901 5.2765 6.5904
58 2.1923 5.2751 6.5941
58 2.1944 5.2768 6.6042
58 2.1964 5.2746 6.6078
58 2.1983 5.2748 6.6179
58 2.2001 5.2758 6.6279
58 2.2018 5.2812 6.6379
58 2.2035 5.2891 6.6479
59 2.2061 5.3034 6.6578
59 2.2076 5.2987 6.6572
59 2.2100 5.2966 6.6566
59 2.2115 5.2932 6.6561
59 2.2125 5.2949 6.6571
59 2.2148 5.2902 6.6545
59 2.2162 5.2900 6.6580
59 2.2184 5.2877 6.6590
60 2.2197 5.2887 6.6625
60 2.2320 5.2875 6.6635
60 2.2342 5.2869 6.6732
60 2.2353 5.2843 6.6766
60 2.2373 5.2809 6.6777
60 2.2384 5.2784 6.6772
60 2.2404 5.2738 6.6740
60 2.2414 5.2706 6.6725
61 2.2432 5.2685 6.6710
61 2.2442 5.2724 6.6744
61 2.2469 5.2752 6.6839
61 2.2478 5.2764 6.6934
61 2.2495 5.2769 6.7029
61 2.2505 5.2764 6.7013
61 2.2513 5.2818 6.7047
62 2.2530 5.2824 6.7140
62 2.2538 5.2824 6.7174
62 2.2554 5.2812 6.7184
62 2.2561 5.2792 6.7195
62 2.2587 5.2799 6.7206
62 2.2602 5.2795 6.7239
62 2.2608 5.2779 6.7250
62 2.2623 5.2761 6.7261
63 2.2629 5.2746 6.7272
63 2.2642 5.2739 6.7283
63 2.2648 5.2814 6.7316
63 2.2661 5.2843 6.7349
63 2.2666 5.2896 6.7382
63 2.2691 5.2897 6.7379
63 2.2695 5.2874 6.7390
64 2.2708 5.2851 6.7423
64 2.2712 5.2821 6.7420
64 2.2722 5.2874 6.7510
64 2.2734 5.2849 6.7507
64 2.2737 5.2824 6.7494
64 2.2749 5.2795 6.7526
64 2.2752 5.2755 6.7514
64 2.2776 5.2784 6.7501
65 2.2786 5.2757 6.7513
65 2.2789 5.2727 6.7492
65 2.2799 5.2709 6.7472
65 2.2802 5.2738 6.7484
65 2.2811 5.2733 6.7517
65 2.2813 5.2773 6.7549
65 2.2822 5.2812 6.7637
66 2.2824 5.2864 6.7725
66 2.2847 5.2879 6.7723
66 2.2848 5.2882 6.7756
66 2.2857 5.2921 6.7842
66 2.2867 5.2994 6.7929
66 2.2868 5.2989 6.7940
66 2.2876 5.2972 6.7972
66 2.2877 5.2958 6.7970
67 2.2884 5.2941 6.7968
67 2.2885 5.2928 6.7967
67 2.2907 5.2966 6.7999
67 2.2907 5.2939 6.7987
67 2.2914 5.2913 6.7986
67 2.2914 5.2876 6.7967
67 2.2924 5.2869 6.7966
68 2.2931 5.2840 6.7978
68 2.2931 5.2823 6.7977
68 2.2937 5.2844 6.8062
68 2.2936 5.2838 6.8061
68 2.2958 5.2839 6.8050
68 2.2964 5.2869 6.8062
68 2.2963 5.2860 6.8052
68 2.2961 5.2875 6.8052
68 2.2959 5.2856 6.8042
68 2.2957 5.2827 6.8018
68 2.2955 5.2791 6.7995
69 2.2952 5.2766 6.7978
69 2.2958 5.2740 6.7978
69 2.2955 5.2719 6.7978
69 2.2951 5.2731 6.7991
69 2.2948 5.2729 6.8004
69 2.2943 5.2769 6.8036
69 2.2939 5.2839 6.8119
69 2.2935 5.2910 6.8201
69 2.2956 5.2926 6.8201
69 2.2951 5.2955 6.8214
70 2.2958 5.2940 6.8227
70 2.2969 5.3060 6.8308
70 2.2964 5.3055 6.8308
70 2.2970 5.3077 6.8340
70 2.2965 5.3060 6.8340
70 2.2970 5.3178 6.8421
70 2.2965 5.3166 6.8412
70 2.2986 5.3284 6.8493
71 2.2991 5.3264 6.8493
71 2.2986 5.3333 6.8573
71 2.2990 5.3320 6.8653
71 2.2985 5.3313 6.8684
71 2.2989 5.3362 6.8763
71 2.2984 5.3384 6.8775
71 2.2988 5.3421 6.8805
72 2.2982 5.3459 6.8817
72 2.3003 5.3574 6.8896
72 2.2996 5.3595 6.8908
72 2.3000 5.3586 6.8920
72 2.2994 5.3596 6.8911
72 2.3006 5.3710 6.8989
72 2.3010 5.3692 6.8968
72 2.3003 5.3665 6.8942
73 2.3007 5.3778 6.9020
73 2.3000 5.3754 6.8999
73 2.3020 5.3760 6.8978
73 2.3014 5.3797 6.9055
73 2.3017 5.3812 6.9067
73 2.3029 5.3787 6.9144
73 2.3022 5.3790 6.9156
74 2.3025 5.3818 6.9186
74 2.3018 5.3828 6.9186
74 2.3021 5.3809 6.9178
74 2.3014 5.3803 6.9171
74 2.3034 5.3814 6.9163
74 2.3036 5.3820 6.9164
74 2.3029 5.3827 6.9165
74 2.3022 5.3806 6.9158
74 2.3025 5.3788 6.9151
74 2.3027 5.3775 6.9152
75 2.3019 5.3750 6.9138
75 2.3012 5.3737 6.9151
75 2.3014 5.3714 6.9144
75 2.3015 5.3702 6.9174
75 2.3008 5.3671 6.9151
75 2.3000 5.3664 6.9163
75 2.3002 5.3639 6.9165
75 2.3003 5.3675 6.9195
75 2.2995 5.3658 6.9182
75 2.2988 5.3675 6.9184
75 2.2989 5.3682 6.9213
75 2.2989 5.3711 6.9226
75 2.2982 5.3692 6.9208
75 2.2974 5.3704 6.9203
75 2.2966 5.3679 6.9176
75 2.2957 5.3707 6.9189
75 2.2949 5.3677 6.9164
75 2.2941 5.3668 6.9166
76 2.2932 5.3646 6.9144
76 2.2923 5.3633 6.9139
76 2.2914 5.3610 6.9122
76 2.2905 5.3598 6.9125
76 2.2896 5.3580 6.9120
76 2.2886 5.3568 6.9109
76 2.2888 5.3574 6.9139
76 2.2889 5.3555 6.9128
76 2.2880 5.3561 6.9117
76 2.2870 5.3583 6.9130
76 2.2860 5.3565 6.9110
76 2.2851 5.3574 6.9099
76 2.2841 5.3549 6.9072
76 2.2831 5.3572 6.9075
76 2.2821 5.3543 6.9048
76 2.2810 5.3534 6.9044
76 2.2800 5.3512 6.9021
76 2.2790 5.3500 6.9011
76 2.2779 5.3477 6.8992
76 2.2768 5.3465 6.8988
76 2.2856 5.3475 6.9060
77 2.2857 5.3458 6.9050
77 2.2859 5.3446 6.9047
77 2.2848 5.3447 6.9051
77 2.2837 5.3443 6.9042
77 2.2839 5.3425 6.9027
77 2.2840 5.3412 6.9018
77 2.2829 5.3416 6.9015
77 2.2818 5.3398 6.9006
77 2.2819 5.3397 6.9036
77 2.2820 5.3391 6.9051
77 2.2809 5.3373 6.9042
77 2.2798 5.3359 6.9028
77 2.2799 5.3338 6.9019
77 2.2799 5.3326 6.9034
78 2.2788 5.3304 6.9013
78 2.2777 5.3292 6.9004
78 2.2778 5.3273 6.8987
78 2.2778 5.3258 6.8974
78 2.2767 5.3237 6.8950
78 2.2756 5.3224 6.8937
78 2.2756 5.3198 6.8920
78 2.2756 5.3190 6.8925
78 2.2745 5.3168 6.8899
78 2.2734 5.3187 6.8897
78 2.2734 5.3172 6.8881
78 2.2734 5.3180 6.8896
78 2.2723 5.3185 6.8884
78 2.2712 5.3204 6.8890
79 2.2711 5.3200 6.8895
79 2.2710 5.3230 6.8965
79 2.2699 5.3249 6.8971
79 2.2688 5.3295 6.9001
79 2.2767 5.3300 6.9070
79 2.2767 5.3330 6.9100
79 2.2766 5.3376 6.9169
79 2.2755 5.3390 6.9168
79 2.2743 5.3427 6.9183
79 2.2732 5.3421 6.9176
79 2.2721 5.3445 6.9181
79 2.2710 5.3447 6.9165
79 2.2698 5.3462 6.9164
79 2.2687 5.3446 6.9145
79 2.2675 5.3452 6.9134
79 2.2664 5.3431 6.9107
79 2.2652 5.3446 6.9100
79 2.2640 5.3421 6.9076
79 2.2628 5.3412 6.9069
79 2.2628 5.3393 6.9059
79 2.2627 5.3380 6.9065
80 2.2616 5.3361 6.9044
80 2.2604 5.3350 6.9033
80 2.2592 5.3333 6.9023
80 2.2580 5.3319 6.9008
80 2.2568 5.3323 6.9002
80 2.2556 5.3309 6.8992
80 2.2544 5.3308 6.8992
80 2.2532 5.3304 6.8982
80 2.2520 5.3333 6.8998
80 2.2507 5.3342 6.8998
80 2.2495 5.3387 6.9028
80 2.2482 5.3393 6.9035
81 2.2498 5.3438 6.9065
81 2.2514 5.3462 6.9131
81 2.2536 5.3491 6.9147
81 2.2533 5.3500 6.9163
81 2.2529 5.3515 6.9170
81 2.2517 5.3521 6.9164
82 2.2518 5.3506 6.9155
82 2.2505 5.3501 6.9141
82 2.2506 5.3505 6.9142
82 2.2494 5.3489 6.9128
82 2.2494 5.3533 6.9158
82 2.2482 5.3520 6.9142
82 2.2503 5.3578 6.9171
83 2.2491 5.3672 6.9237
83 2.2491 5.3670 6.9253
83 2.2479 5.3693 6.9260
83 2.2479 5.3751 6.9325
83 2.2467 5.3747 6.9320
83 2.2483 5.3730 6.9386
83 2.2483 5.3714 6.9369
84 2.2471 5.3716 6.9360
84 2.2468 5.3709 6.9367
84 2.2489 5.3715 6.9355
84 2.2504 5.3710 6.9384
84 2.2519 5.3803 6.9448
85 2.2534 5.3803 6.9513
85 2.2554 5.3786 6.9528
86 2.2575 5.3769 6.9593
86 2.2589 5.3826 6.9621
86 2.2659 5.3837 6.9685
89 2.2725 5.3820 6.9749
89 2.2789 5.3802 6.9812
89 2.2850 5.3811 6.9841
90 2.2847 5.3793 6.9825
90 2.2844 5.3805 6.9888
90 2.2841 5.3817 6.9951
91 2.2838 5.3806 6.9946
91 2.2857 5.3813 6.9941
91 2.2854 5.3799 6.9929
91 2.2850 5.3792 6.9929
92 2.2847 5.3797 6.9935
92 2.2843 5.3790 6.9950
92 2.2862 5.3795 6.9946
92 2.2862 5.3783 6.9946
92 2.2862 5.3793 6.9961
92 2.2862 5.3797 6.9968
92 2.2861 5.3805 6.9975
92 2.2875 5.3828 7.0037
93 2.2874 5.3837 7.0043
93 2.2874 5.3829 7.0044
93 2.2873 5.3834 7.0044
93 2.2872 5.3825 7.0040
93 2.2885 5.3830 7.0102
93 2.2882 5.3833 7.0163
94 2.2878 5.3837 7.0163
94 2.2874 5.3829 7.0159
94 2.2871 5.3816 7.0144
94 2.2889 5.3819 7.0136
95 2.2885 5.3807 7.0128
95 2.2881 5.3810 7.0155
95 2.2877 5.3818 7.0183
95 2.2873 5.3801 7.0166
95 2.2891 5.3806 7.0157
96 2.2891 5.3798 7.0158
96 2.2890 5.3788 7.0150
96 2.2889 5.3790 7.0146
96 2.2888 5.3779 7.0135
96 2.2901 5.3803 7.0163
96 2.2900 5.3804 7.0164
96 2.2898 5.3791 7.0153
97 2.2897 5.3782 7.0149
97 2.2895 5.3768 7.0135
97 2.2908 5.3770 7.0132
97 2.2904 5.3758 7.0121
97 2.2900 5.3777 7.0136
98 2.2896 5.3781 7.0163
98 2.2892 5.3764 7.0145
98 2.2910 5.3768 7.0134
98 2.2905 5.3758 7.0127
98 2.2901 5.3748 7.0134
98 2.2914 5.3752 7.0162
99 2.2909 5.3753 7.0189
99 2.2905 5.3755 7.0186
99 2.2917 5.3756 7.0179
99 2.2916 5.3772 7.0194
99 2.2914 5.3774 7.0191
100 2.2913 5.3767 7.0199
100 2.2911 5.3768 7.0192
100 2.2923 5.3787 7.0219
100 2.2921 5.3770 7.0209
100 2.2919 5.3771 7.0236
100 2.2917 5.3771 7.0226
100 2.2915 5.3770 7.0242
100 2.2927 5.3773 7.0257
100 2.2925 5.3765 7.0259
101 2.2922 5.3752 7.0243
101 2.2920 5.3742 7.0237
101 2.2917 5.3728 7.0220
101 2.2929 5.3739 7.0278
101 2.2926 5.3727 7.0276
101 2.2924 5.3729 7.0269
101 2.2921 5.3729 7.0267
101 2.2918 5.3729 7.0257
101 2.2929 5.3745 7.0273
102 2.2925 5.3752 7.0288
102 2.2917 5.3750 7.0278
102 2.2909 5.3749 7.0272
102 2.2901 5.3739 7.0266
102 2.2893 5.3727 7.0257
102 2.2884 5.3717 7.0248
102 2.2876 5.3703 7.0234
102 2.2868 5.3687 7.0222
103 2.2859 5.3679 7.0210
103 2.2851 5.3678 7.0204
103 2.2842 5.3677 7.0207
103 2.2860 5.3679 7.0195
103 2.2856 5.3692 7.0203
103 2.2853 5.3680 7.0192
104 2.2849 5.3664 7.0174
104 2.2846 5.3669 7.0182
104 2.2863 5.3703 7.0240
104 2.2860 5.3701 7.0255
104 2.2989 5.3699 7.0313
104 2.3087 5.3688 7.0370
105 2.3083 5.3676 7.0356
105 2.3169 5.3666 7.0413
105 2.3249 5.3652 7.0470
105 2.3244 5.3636 7.0450
105 2.3317 5.3628 7.0507
105 2.3386 5.3626 7.0563
106 2.3403 5.3617 7.0590
106 2.3455 5.3627 7.0616
107 2.3451 5.3614 7.0598
107 2.3446 5.3629 7.0654
107 2.3441 5.3634 7.0669
107 2.3436 5.3622 7.0658
107 2.3452 5.3606 7.0666
107 2.3468 5.3610 7.0655
108 2.3463 5.3599 7.0641
108 2.3458 5.3588 7.0630
108 2.3453 5.3587 7.0629
109 2.3448 5.3580 7.0631
109 2.3464 5.3581 7.0623
109 2.3461 5.3569 7.0626
109 2.3459 5.3573 7.0641
109 2.3456 5.3574 7.0644
109 2.3453 5.3577 7.0652
109 2.3464 5.3591 7.0660
109 2.3461 5.3603 7.0668
110 2.3458 5.3595 7.0657
110 2.3455 5.3596 7.0660
110 2.3452 5.3588 7.0647
110 2.3463 5.3589 7.0656
110 2.3458 5.3589 7.0682
110 2.3454 5.3587 7.0677
111 2.3449 5.3576 7.0664
111 2.3443 5.3565 7.0650
111 2.3459 5.3566 7.0639
111 2.3454 5.3554 7.0627
112 2.3448 5.3554 7.0635
112 2.3443 5.3564 7.0661
112 2.3438 5.3553 7.0643
112 2.3453 5.3556 7.0631
112 2.3450 5.3543 7.0621
113 2.3447 5.3534 7.0607
113 2.3444 5.3534 7.0606
113 2.3441 5.3524 7.0590
113 2.3452 5.3544 7.0606
113 2.3449 5.3543 7.0605
113 2.3445 5.3532 7.0598
113 2.3442 5.3519 7.0586
113 2.3439 5.3507 7.0577
113 2.3449 5.3507 7.0570
114 2.3444 5.3495 7.0556
114 2.3441 5.3494 7.0547
114 2.3437 5.3486 7.0546
114 2.3432 5.3506 7.0572
114 2.3429 5.3504 7.0561
114 2.3425 5.3490 7.0552
114 2.3420 5.3493 7.0555
114 2.3416 5.3485 7.0549
115 2.3412 5.3475 7.0545
115 2.3408 5.3464 7.0527
115 2.3404 5.3455 7.0518
115 2.3419 5.3458 7.0505
115 2.3414 5.3445 7.0494
115 2.3409 5.3436 7.0494
115 2.3419 5.3428 7.0498
115 2.3430 5.3429 7.0502
116 2.3425 5.3428 7.0517
116 2.3419 5.3426 7.0511
116 2.3430 5.3426 7.0503
116 2.3426 5.3443 7.0556
116 2.3422 5.3446 7.0572
116 2.3418 5.3436 7.0561
116 2.3415 5.3438 7.0570
116 2.3425 5.3450 7.0574
117 2.3421 5.3440 7.0578
117 2.3417 5.3437 7.0587
117 2.3413 5.3438 7.0591
117 2.3408 5.3435 7.0595
117 2.3418 5.3435 7.0596
117 2.3414 5.3425 7.0583
117 2.3410 5.3415 7.0573
118 2.3406 5.3402 7.0560
118 2.3401 5.3391 7.0548
118 2.3411 5.3400 7.0574
118 2.3406 5.3389 7.0574
118 2.3402 5.3389 7.0572
118 2.3397 5.3387 7.0569
118 2.3393 5.3386 7.0563
118 2.3402 5.3397 7.0564
119 2.3398 5.3406 7.0579
119 2.3392 5.3403 7.0577
119 2.3387 5.3401 7.0569
119 2.3381 5.3393 7.0559
119 2.3375 5.3381 7.0544
119 2.3369 5.3369 7.0531
119 2.3363 5.3357 7.0519
119 2.3358 5.3347 7.0507
119 2.3352 5.3337 7.0502
119 2.3346 5.3338 7.0497
119 2.3340 5.3334 7.0495
119 2.3355 5.3335 7.0485
120 2.3350 5.3350 7.0501
120 2.3346 5.3338 7.0488
120 2.3342 5.3328 7.0471
121 2.3337 5.3335 7.0480
121 2.3352 5.3363 7.0506
121 2.3348 5.3359 7.0516
121 2.3407 5.3357 7.0567
121 2.3463 5.3348 7.0619
121 2.3459 5.3337 7.0604
121 2.3513 5.3324 7.0656
121 2.3564 5.3313 7.0707
122 2.3560 5.3302 7.0689
122 2.3609 5.3293 7.0740
122 2.3657 5.3292 7.0791
123 2.3671 5.3282 7.0816
123 2.3717 5.3290 7.0832
123 2.3713 5.3278 7.0816
124 2.3708 5.3285 7.0821
124 2.3703 5.3286 7.0836
124 2.3716 5.3275 7.0861
124 2.3711 5.3266 7.0850
124 2.3725 5.3269 7.0838
125 2.3720 5.3261 7.0829
125 2.3715 5.3255 7.0826
125 2.3724 5.3262 7.0842
125 2.3719 5.3264 7.0840
125 2.3714 5.3258 7.0845
125 2.3723 5.3275 7.0854
126 2.3718 5.3289 7.0863
126 2.3713 5.3278 7.0848
126 2.3722 5.3269 7.0849
126 2.3731 5.3279 7.0847
126 2.3726 5.3268 7.0835
127 2.3720 5.3258 7.0824
127 2.3729 5.3264 7.0834
127 2.3724 5.3261 7.0827
127 2.3718 5.3292 7.0877
128 2.3713 5.3339 7.0927
128 2.3707 5.3328 7.0909
128 2.3721 5.3329 7.0898
128 2.3715 5.3322 7.0900
128 2.3724 5.3312 7.0915
128 2.3718 5.3313 7.0911
129 2.3712 5.3308 7.0907
129 2.3707 5.3299 7.0896
129 2.3720 5.3299 7.0888
129 2.3714 5.3291 7.0876
130 2.3708 5.3291 7.0886
130 2.3703 5.3297 7.0887
130 2.3697 5.3286 7.0871
130 2.3710 5.3288 7.0858
131 2.3706 5.3285 7.0860
131 2.3703 5.3285 7.0861
131 2.3700 5.3281 7.0860
131 2.3696 5.3270 7.0848
131 2.3693 5.3260 7.0837
131 2.3689 5.3249 7.0826
131 2.3685 5.3238 7.0813
131 2.3698 5.3230 7.0862
131 2.3711 5.3245 7.0887
132 2.3707 5.3236 7.0876
132 2.3703 5.3230 7.0868
132 2.3699 5.3221 7.0855
132 2.3696 5.3212 7.0851
132 2.3692 5.3213 7.0846
133 2.3688 5.3214 7.0845
133 2.3700 5.3204 7.0869
133 2.3696 5.3204 7.0862
133 2.3708 5.3212 7.0871
133 2.3704 5.3202 7.0873
133 2.3700 5.3192 7.0859
133 2.3696 5.3181 7.0859
133 2.3705 5.3186 7.0907
134 2.3700 5.3180 7.0902
134 2.3696 5.3179 7.0892
134 2.3705 5.3168 7.0908
134 2.3701 5.3162 7.0900
134 2.3713 5.3172 7.0906
134 2.3708 5.3162 7.0894
134 2.3704 5.3152 7.0890
134 2.3699 5.3141 7.0877
134 2.3708 5.3161 7.0902
135 2.3704 5.3151 7.0887
135 2.3699 5.3141 7.0886
135 2.3694 5.3139 7.0876
135 2.3690 5.3132 7.0864
135 2.3685 5.3134 7.0861
135 2.3680 5.3123 7.0858
135 2.3676 5.3121 7.0846
135 2.3687 5.3144 7.0848
135 2.3683 5.3143 7.0843
135 2.3678 5.3143 7.0843
135 2.3673 5.3148 7.0842
136 2.3668 5.3138 7.0828
136 2.3663 5.3137 7.0825
136 2.3658 5.3127 7.0810
136 2.3654 5.3116 7.0805
136 2.3649 5.3161 7.0830
136 2.3644 5.3192 7.0878
136 2.3639 5.3181 7.0873
136 2.3634 5.3217 7.0888
136 2.3629 5.3211 7.0888
136 2.3641 5.3256 7.0912
136 2.3636 5.3249 7.0900
137 2.3631 5.3248 7.0897
137 2.3626 5.3249 7.0907
137 2.3621 5.3256 7.0913
137 2.3616 5.3254 7.0908
137 2.3611 5.3272 7.0955
137 2.3620 5.3273 7.0949
137 2.3615 5.3296 7.0964
137 2.3610 5.3285 7.0950
137 2.3605 5.3316 7.0997
137 2.3600 5.3346 7.1007
137 2.3595 5.3335 7.0991
137 2.3590 5.3328 7.0980
138 2.3585 5.3317 7.0967
138 2.3581 5.3353 7.1014
138 2.3590 5.3350 7.1061
138 2.3601 5.3358 7.1066
138 2.3597 5.3378 7.1113
139 2.3592 5.3375 7.1119
139 2.3600 5.3381 7.1125
139 2.3596 5.3374 7.1124
139 2.3591 5.3364 7.1116
140 2.3586 5.3354 7.1100
140 2.3581 5.3360 7.1106
140 2.3593 5.3362 7.1096
140 2.3588 5.3359 7.1099
140 2.3583 5.3354 7.1099
140 2.3578 5.3345 7.1093
140 2.3573 5.3342 7.1086
140 2.3568 5.3337 7.1084
141 2.3563 5.3329 7.1072
141 2.3558 5.3320 7.1063
141 2.3553 5.3312 7.1059
141 2.3548 5.3306 7.1051
141 2.3543 5.3296 7.1041
141 2.3538 5.3288 7.1035
141 2.3550 5.3289 7.1027
141 2.3545 5.3278 7.1014
142 2.3540 5.3278 7.1020
142 2.3549 5.3275 7.1044
142 2.3544 5.3281 7.1047
142 2.3539 5.3271 7.1030
142 2.3550 5.3274 7.1019
143 2.3545 5.3264 7.1007
143 2.3540 5.3256 7.0995
143 2.3535 5.3252 7.0988
143 2.3530 5.3264 7.0994
143 2.3525 5.3256 7.0981
143 2.3534 5.3275 7.1026
143 2.3529 5.3268 7.1019
143 2.3524 5.3267 7.1022
143 2.3519 5.3264 7.1011
143 2.3514 5.3265 7.1007
143 2.3509 5.3255 7.0991
143 2.3504 5.3252 7.0978
143 2.3513 5.3254 7.0994
144 2.3507 5.3258 7.1000
144 2.3503 5.3249 7.0992
144 2.3498 5.3245 7.0984
144 2.3492 5.3237 7.0975
144 2.3488 5.3231 7.0974
144 2.3482 5.3226 7.0964
144 2.3491 5.3227 7.0965
144 2.3486 5.3221 7.0957
144 2.3481 5.3219 7.0957
144 2.3476 5.3210 7.0944
145 2.3471 5.3205 7.0933
145 2.3466 5.3196 7.0924
145 2.3461 5.3188 7.0909
145 2.3469 5.3189 7.0903
145 2.3464 5.3179 7.0891
145 2.3459 5.3171 7.0881
145 2.3454 5.3200 7.0926
145 2.3450 5.3214 7.0932
146 2.3445 5.3225 7.0936
146 2.3440 5.3227 7.0951
146 2.3435 5.3226 7.0952
146 2.3429 5.3218 7.0939
146 2.3441 5.3225 7.0942
146 2.3436 5.3215 7.0926
146 2.3431 5.3210 7.0925
146 2.3426 5.3201 7.0916
146 2.3421 5.3196 7.0915
147 2.3415 5.3189 7.0912
147 2.3410 5.3190 7.0918
147 2.3405 5.3188 7.0912
147 2.3399 5.3184 7.0909
147 2.3411 5.3185 7.0900
147 2.3406 5.3177 7.0890
147 2.3400 5.3211 7.0935
148 2.3395 5.3210 7.0934
148 2.3403 5.3201 7.0957
148 2.3412 5.3192 7.0968
148 2.3406 5.3221 7.0991
148 2.3418 5.3227 7.0998
149 2.3412 5.3229 7.1021
149 2.3407 5.3263 7.1037
149 2.3401 5.3281 7.1047
149 2.3412 5.3271 7.1063
149 2.3423 5.3262 7.1069
149 2.3418 5.3263 7.1080
150 2.3412 5.3276 7.1095
150 2.3407 5.3277 7.1139
150 2.3401 5.3294 7.1183
151 2.3396 5.3296 7.1198
151 2.3390 5.3290 7.1196
151 2.3385 5.3293 7.1193
151 2.3393 5.3303 7.1199
152 2.3387 5.3299 7.1195
152 2.3382 5.3291 7.1187
152 2.3390 5.3291 7.1180
152 2.3384 5.3284 7.1169
152 2.3378 5.3281 7.1176
152 2.3387 5.3287 7.1175
153 2.3381 5.3291 7.1174
153 2.3375 5.3283 7.1161
153 2.3383 5.3283 7.1160
153 2.3379 5.3273 7.1147
153 2.3373 5.3265 7.1138
154 2.3369 5.3257 7.1130
154 2.3365 5.3248 7.1116
154 2.3359 5.3260 7.1120
154 2.3367 5.3265 7.1124
154 2.3363 5.3257 7.1120
154 2.3359 5.3257 7.1116
154 2.3353 5.3259 7.1126
154 2.3349 5.3257 7.1122
154 2.3345 5.3256 7.1116
154 2.3339 5.3248 7.1103
154 2.3347 5.3249 7.1113
154 2.3343 5.3255 7.1117
155 2.3338 5.3247 7.1108
155 2.3333 5.3242 7.1106
155 2.3329 5.3233 7.1100
155 2.3324 5.3225 7.1090
155 2.3319 5.3219 7.1086
155 2.3327 5.3219 7.1084
155 2.3322 5.3214 7.1074
155 2.3318 5.3205 7.1060
155 2.3312 5.3205 7.1064
155 2.3308 5.3197 7.1053
155 2.3304 5.3187 7.1039
155 2.3298 5.3184 7.1033
155 2.3306 5.3184 7.1026
156 2.3300 5.3175 7.1014
156 2.3295 5.3167 7.1006
156 2.3289 5.3174 7.1021
156 2.3284 5.3165 7.1006
156 2.3278 5.3167 7.1013
156 2.3272 5.3168 7.1024
156 2.3267 5.3159 7.1015
156 2.3261 5.3151 7.1001
156 2.3255 5.3150 7.1008
157 2.3250 5.3145 7.1005
157 2.3244 5.3140 7.1001
157 2.3238 5.3149 7.1044
157 2.3234 5.3147 7.1039
157 2.3230 5.3146 7.1039
157 2.3224 5.3140 7.1034
157 2.3220 5.3140 7.1032
157 2.3216 5.3138 7.1030
157 2.3210 5.3139 7.1032
157 2.3206 5.3131 7.1022
158 2.3202 5.3141 7.1045
158 2.3196 5.3157 7.1068
158 2.3192 5.3155 7.1064
158 2.3188 5.3164 7.1080
158 2.3182 5.3156 7.1070
158 2.3193 5.3156 7.1065
158 2.3188 5.3155 7.1063
159 2.3196 5.3152 7.1078
159 2.3190 5.3192 7.1101
159 2.3201 5.3186 7.1143
159 2.3212 5.3187 7.1134
159 2.3208 5.3182 7.1125
159 2.3202 5.3179 7.1119
159 2.3198 5.3182 7.1129
160 2.3194 5.3184 7.1125
160 2.3188 5.3208 7.1147
160 2.3184 5.3211 7.1154
160 2.3192 5.3219 7.1159
160 2.3188 5.3216 7.1157
160 2.3182 5.3212 7.1150
160 2.3178 5.3205 7.1138
160 2.3174 5.3196 7.1133
160 2.3168 5.3189 7.1125
160 2.3164 5.3181 7.1112
160 2.3172 5.3181 7.1104
160 2.3167 5.3174 7.1097
161 2.3162 5.3166 7.1087
161 2.3157 5.3167 7.1082
161 2.3152 5.3172 7.1093
161 2.3148 5.3169 7.1090
161 2.3142 5.3161 7.1075
161 2.3138 5.3161 7.1068
161 2.3132 5.3162 7.1076
161 2.3128 5.3154 7.1070
161 2.3123 5.3146 7.1062
161 2.3118 5.3141 7.1052
161 2.3113 5.3141 7.1057
161 2.3108 5.3134 7.1049
161 2.3103 5.3129 7.1045
161 2.3099 5.3124 7.1035
161 2.3093 5.3132 7.1057
162 2.3089 5.3130 7.1052
162 2.3085 5.3127 7.1048
162 2.3080 5.3126 7.1045
162 2.3076 5.3122 7.1040
162 2.3084 5.3118 7.1045
162 2.3079 5.3110 7.1035
162 2.3075 5.3102 7.1021
162 2.3071 5.3098 7.1017
163 2.3066 5.3090 7.1007
163 2.3062 5.3082 7.1001
163 2.3057 5.3074 7.0987
163 2.3053 5.3070 7.0982
163 2.3064 5.3069 7.0976
163 2.3059 5.3062 7.0971
163 2.3055 5.3055 7.0958
163 2.3050 5.3063 7.0969
163 2.3045 5.3056 7.0956
163 2.3041 5.3052 7.0950
163 2.3036 5.3047 7.0940
163 2.3031 5.3055 7.0947
163 2.3027 5.3047 7.0933
163 2.3022 5.3046 7.0930
163 2.3017 5.3040 7.0922
164 2.3013 5.3033 7.0920
164 2.3008 5.3033 7.0913
164 2.3003 5.3025 7.0899
164 2.2998 5.3021 7.0893
164 2.2993 5.3013 7.0889
164 2.2989 5.3013 7.0882
164 2.3000 5.3019 7.0885
164 2.2995 5.3011 7.0874
164 2.2990 5.3003 7.0868
164 2.2985 5.2999 7.0859
164 2.2980 5.2994 7.0848
164 2.2975 5.2995 7.0844
164 2.2970 5.2988 7.0836
164 2.2965 5.2983 7.0826
164 2.2960 5.2978 7.0815
165 2.2955 5.2977 7.0809
165 2.2950 5.2973 7.0804
165 2.2945 5.2966 7.0794
165 2.2940 5.2961 7.0788
165 2.2935 5.2954 7.0783
165 2.2930 5.2953 7.0775
165 2.2925 5.2946 7.0765
165 2.2919 5.2941 7.0757
165 2.2930 5.2941 7.0751
165 2.2925 5.2933 7.0737
165 2.2920 5.2934 7.0735
165 2.2915 5.2927 7.0730
165 2.2910 5.2920 7.0717
166 2.2905 5.2915 7.0707
166 2.2899 5.2910 7.0695
166 2.2894 5.2903 7.0689
166 2.2889 5.2896 7.0676
166 2.2883 5.2897 7.0670
166 2.2878 5.2890 7.0662
166 2.2873 5.2897 7.0667
166 2.2868 5.2898 7.0659
166 2.2862 5.2894 7.0653
166 2.2857 5.2891 7.0647
166 2.2851 5.2897 7.0651
166 2.2846 5.2897 7.0642
166 2.2857 5.2902 7.0648
166 2.2852 5.2902 7.0644
166 2.2846 5.2895 7.0637
167 2.2841 5.2887 7.0632
167 2.2835 5.2911 7.0648
167 2.2830 5.2903 7.0634
167 2.2824 5.2897 7.0625
167 2.2819 5.2889 7.0619
167 2.2813 5.2910 7.0630
167 2.2808 5.2934 7.0638
167 2.2802 5.2929 7.0631
167 2.2797 5.2960 7.0653
167 2.2791 5.2964 7.0658
167 2.2786 5.2969 7.0660
167 2.2780 5.2969 7.0651
167 2.2774 5.2995 7.0667
167 2.2769 5.2998 7.0670
167 2.2780 5.3029 7.0686
168 2.2774 5.3026 7.0679
168 2.2768 5.3022 7.0673
168 2.2763 5.3015 7.0662
168 2.2757 5.3008 7.0649
168 2.2751 5.3000 7.0642
168 2.2746 5.2995 7.0631
168 2.2740 5.2989 7.0620
168 2.2734 5.2981 7.0606
168 2.2743 5.3008 7.0646
168 2.2737 5.3000 7.0632
168 2.2731 5.2994 7.0622
168 2.2726 5.2993 7.0618
168 2.2720 5.2992 7.0610
169 2.2714 5.2985 7.0599
169 2.2708 5.2980 7.0591
169 2.2703 5.2979 7.0585
169 2.2697 5.2973 7.0575
169 2.2705 5.2978 7.0576
169 2.2699 5.2971 7.0569
169 2.2694 5.2966 7.0557
169 2.2688 5.2962 7.0550
169 2.2682 5.2957 7.0542
169 2.2676 5.2956 7.0536
169 2.2670 5.2949 7.0525
169 2.2664 5.2946 7.0518
169 2.2658 5.2941 7.0506
169 2.2653 5.2934 7.0494
170 2.2647 5.2930 7.0486
170 2.2641 5.2928 7.0479
170 2.2635 5.2921 7.0467
170 2.2646 5.2914 7.0489
171 2.2657 5.2906 7.0501
171 2.2665 5.2901 7.0512
171 2.2700 5.2901 7.0551
175 2.2735 5.2894 7.0590
175 2.2768 5.2886 7.0629
175 2.2801 5.2887 7.0651
176 2.2812 5.2880 7.0666
176 2.2822 5.2903 7.0705
177 2.2830 5.2896 7.0713
177 2.2832 5.2888 7.0710
177 2.2834 5.2880 7.0707
177 2.2828 5.2874 7.0698
177 2.2839 5.2927 7.0736
177 2.2833 5.2920 7.0722
177 2.2834 5.2913 7.0718
177 2.2836 5.2905 7.0714
178 2.2838 5.2899 7.0709
178 2.2840 5.2892 7.0710
178 2.2841 5.2886 7.0704
179 2.2850 5.2891 7.0726
179 2.2844 5.2887 7.0717
179 2.2838 5.2886 7.0710
179 2.2848 5.2891 7.0713
179 2.2856 5.2891 7.0713
180 2.2864 5.2884 7.0719
180 2.2866 5.2882 7.0719
180 2.2867 5.2878 7.0721
180 2.2869 5.2883 7.0730
180 2.2870 5.2877 7.0723
180 2.2872 5.2870 7.0718
180 2.2873 5.2862 7.0713
181 2.2867 5.2855 7.0706
181 2.2862 5.2872 7.0718
181 2.2869 5.2879 7.0756
181 2.2864 5.2878 7.0751
182 2.2858 5.2879 7.0746
182 2.2852 5.2878 7.0740
182 2.2853 5.2884 7.0746
182 2.2885 5.2889 7.0784
182 2.2893 5.2888 7.0790
183 2.2900 5.2901 7.0798
183 2.2897 5.2922 7.0836
183 2.2905 5.2914 7.0840
184 2.2906 5.2944 7.0878
184 2.2908 5.2996 7.0915
184 2.2909 5.3001 7.0921
184 2.2910 5.3021 7.0936
184 2.2911 5.3025 7.0940
184 2.2912 5.3061 7.0961
184 2.2914 5.3086 7.0982
184 2.2915 5.3079 7.0982
184 2.2916 5.3071 7.0978
184 2.2917 5.3063 7.0972
184 2.2918 5.3057 7.0967
184 2.2928 5.3093 7.0988
185 2.2922 5.3144 7.1025
185 2.2923 5.3142 7.1025
185 2.2924 5.3134 7.1023
185 2.2925 5.3127 7.1018
185 2.2925 5.3162 7.1055
185 2.2926 5.3156 7.1049
185 2.2921 5.3150 7.1044
185 2.2921 5.3153 7.1046
185 2.2922 5.3171 7.1057
185 2.2923 5.3174 7.1058
185 2.2923 5.3170 7.1058
185 2.2924 5.3192 7.1073
185 2.2924 5.3185 7.1071
185 2.2934 5.3189 7.1073
186 2.2929 5.3182 7.1065
186 2.2929 5.3176 7.1058
186 2.2930 5.3169 7.1051
186 2.2930 5.3163 7.1044
186 2.2931 5.3159 7.1042
186 2.2931 5.3179 7.1079
186 2.2931 5.3178 7.1081
186 2.2926 5.3183 7.1085
186 2.2926 5.3176 7.1080
186 2.2926 5.3168 7.1076
186 2.2927 5.3160 7.1070
187 2.2927 5.3152 7.1064
187 2.2927 5.3146 7.1057
187 2.2927 5.3139 7.1049
187 2.2937 5.3157 7.1064
187 2.2932 5.3150 7.1055
187 2.2929 5.3146 7.1051
187 2.2924 5.3149 7.1052
187 2.2918 5.3144 7.1043
188 2.2913 5.3142 7.1036
188 2.2908 5.3135 7.1025
188 2.2902 5.3127 7.1017
188 2.2912 5.3127 7.1012
188 2.2907 5.3120 7.1003
188 2.2914 5.3149 7.1040
189 2.2922 5.3141 7.1060
189 2.2929 5.3133 7.1063
189 2.2939 5.3138 7.1064
189 2.2946 5.3135 7.1085
190 2.2954 5.3131 7.1096
190 2.2948 5.3153 7.1107
190 2.2956 5.3155 7.1121
190 2.2950 5.3151 7.1112
190 2.2945 5.3148 7.1105
190 2.2954 5.3148 7.1099
190 2.2949 5.3140 7.1088
191 2.2944 5.3134 7.1082
191 2.2938 5.3154 7.1088
191 2.2933 5.3147 7.1082
191 2.2928 5.3144 7.1074
191 2.2922 5.3145 7.1069
191 2.2917 5.3144 7.1063
191 2.2911 5.3159 7.1072
191 2.2921 5.3163 7.1071
193 2.2930 5.3168 7.1108
193 2.2939 5.3183 7.1116
193 2.2934 5.3187 7.1118
193 2.2934 5.3186 7.1119
193 2.2935 5.3187 7.1119
193 2.2935 5.3183 7.1117
193 2.2935 5.3177 7.1109
193 2.2935 5.3195 7.1145
193 2.2936 5.3191 7.1142
193 2.2930 5.3183 7.1129
194 2.2930 5.3176 7.1123
194 2.2931 5.3168 7.1119
194 2.2931 5.3165 7.1118
194 2.2931 5.3161 7.1118
194 2.2931 5.3163 7.1118
194 2.2931 5.3182 7.1139
194 2.2940 5.3207 7.1150
194 2.2938 5.3201 7.1143
194 2.2932 5.3202 7.1143
195 2.2927 5.3231 7.1178
195 2.2922 5.3232 7.1177
195 2.2917 5.3256 7.1198
195 2.2911 5.3257 7.1196
195 2.2906 5.3277 7.1231
195 2.2901 5.3272 7.1222
196 2.2895 5.3290 7.1242
196 2.2890 5.3285 7.1233
196 2.2885 5.3301 7.1248
196 2.2879 5.3296 7.1238
196 2.2877 5.3288 7.1232
196 2.2906 5.3292 7.1243
200 2.2935 5.3284 7.1264
200 2.2963 5.3286 7.1278
201 2.2972 5.3284 7.1293
201 2.2981 5.3296 7.1307
202 2.2989 5.3293 7.1322
202 2.2989 5.3288 7.1322
202 2.2989 5.3282 7.1321
202 2.2983 5.3279 7.1310
202 2.2992 5.3307 7.1325
203 2.2987 5.3301 7.1314
203 2.2987 5.3297 7.1315
203 2.2987 5.3290 7.1313
203 2.2987 5.3286 7.1314
203 2.2987 5.3283 7.1314
203 2.2987 5.3278 7.1314
204 2.2994 5.3290 7.1334
204 2.2989 5.3293 7.1337
204 2.2983 5.3294 7.1330
204 2.2992 5.3297 7.1329
205 2.2999 5.3297 7.1328
205 2.3008 5.3294 7.1339
205 2.3008 5.3294 7.1341
205 2.3008 5.3297 7.1347
206 2.3008 5.3308 7.1367
206 2.3008 5.3303 7.1366
206 2.3007 5.3299 7.1366
206 2.3007 5.3293 7.1364
206 2.3007 5.3288 7.1363
206 2.3014 5.3294 7.1383
207 2.3009 5.3296 7.1382
207 2.3004 5.3297 7.1375
207 2.2998 5.3299 7.1374
207 2.2993 5.3304 7.1380
207 2.3020 5.3309 7.1399
208 2.3027 5.3311 7.1419
209 2.3034 5.3306 7.1428
209 2.3034 5.3302 7.1427
209 2.3034 5.3296 7.1423
209 2.3033 5.3291 7.1421
209 2.3042 5.3301 7.1432
209 2.3042 5.3298 7.1431
209 2.3041 5.3293 7.1428
209 2.3041 5.3315 7.1463
209 2.3041 5.3310 7.1461
209 2.3040 5.3305 7.1459
209 2.3040 5.3302 7.1462
209 2.3039 5.3302 7.1465
209 2.3039 5.3304 7.1466
209 2.3045 5.3351 7.1500
210 2.3040 5.3351 7.1494
210 2.3040 5.3369 7.1513
210 2.3039 5.3363 7.1511
210 2.3039 5.3360 7.1512
210 2.3038 5.3360 7.1513
210 2.3037 5.3361 7.1514
210 2.3032 5.3366 7.1518
210 2.3032 5.3361 7.1514
210 2.3031 5.3358 7.1513
210 2.3030 5.3352 7.1508
211 2.3029 5.3346 7.1504
211 2.3029 5.3341 7.1502
211 2.3028 5.3336 7.1498
211 2.3036 5.3339 7.1494
211 2.3036 5.3335 7.1494
211 2.3031 5.3331 7.1484
211 2.3030 5.3324 7.1479
211 2.3029 5.3319 7.1476
211 2.3028 5.3314 7.1472
211 2.3027 5.3311 7.1471
211 2.3026 5.3310 7.1472
211 2.3033 5.3357 7.1506
211 2.3032 5.3358 7.1505
212 2.3027 5.3355 7.1500
212 2.3026 5.3355 7.1502
212 2.3025 5.3352 7.1499
212 2.3024 5.3347 7.1495
212 2.3023 5.3341 7.1489
212 2.3022 5.3336 7.1485
212 2.3029 5.3337 7.1481
212 2.3024 5.3332 7.1473
212 2.3023 5.3326 7.1466
212 2.3018 5.3323 7.1461
213 2.3013 5.3317 7.1456
213 2.3008 5.3311 7.1445
213 2.3003 5.3306 7.1435
213 2.2998 5.3300 7.1427
213 2.3007 5.3302 7.1422
213 2.3002 5.3299 7.1416
213 2.2997 5.3315 7.1430
214 2.2992 5.3342 7.1464
214 2.2999 5.3336 7.1468
214 2.3006 5.3331 7.1474
214 2.3015 5.3341 7.1482
215 2.3021 5.3334 7.1516
215 2.3028 5.3329 7.1530
215 2.3023 5.3329 7.1523
215 2.3029 5.3326 7.1534
215 2.3025 5.3320 7.1529
215 2.3020 5.3313 7.1518
215 2.3028 5.3315 7.1512
216 2.3023 5.3310 7.1502
216 2.3018 5.3311 7.1500
216 2.3014 5.3310 7.1493
216 2.3009 5.3311 7.1490
216 2.3004 5.3315 7.1493
216 2.2999 5.3329 7.1512
217 2.2994 5.3350 7.1532
217 2.2989 5.3382 7.1551
217 2.2997 5.3391 7.1557
218 2.3006 5.3395 7.1560
218 2.3014 5.3416 7.1594
218 2.3013 5.3435 7.1604
218 2.3012 5.3447 7.1612
218 2.3011 5.3451 7.1618
218 2.3010 5.3451 7.1617
219 2.3010 5.3466 7.1650
219 2.3009 5.3462 7.1649
219 2.3008 5.3456 7.1644
219 2.3007 5.3451 7.1640
219 2.3006 5.3445 7.1635
219 2.3005 5.3439 7.1630
219 2.3004 5.3435 7.1627
219 2.3002 5.3436 7.1627
219 2.3011 5.3451 7.1638
220 2.3009 5.3451 7.1641
220 2.3005 5.3447 7.1635
220 2.3000 5.3442 7.1630
220 2.2995 5.3438 7.1624
220 2.2990 5.3432 7.1618
220 2.2986 5.3428 7.1612
220 2.2981 5.3446 7.1645
221 2.2976 5.3440 7.1638
221 2.2971 5.3457 7.1657
221 2.2966 5.3451 7.1650
221 2.2961 5.3466 7.1664
221 2.2957 5.3460 7.1657
221 2.2956 5.3455 7.1656
221 2.2981 5.3463 7.1676
222 2.2980 5.3458 7.1669
222 2.2979 5.3455 7.1666
222 2.2978 5.3450 7.1659
222 2.2977 5.3445 7.1653
222 2.2976 5.3439 7.1648
222 2.2975 5.3433 7.1643
222 2.2974 5.3427 7.1639
222 2.2973 5.3425 7.1638
222 2.2971 5.3419 7.1634
223 2.2970 5.3413 7.1628
223 2.2969 5.3407 7.1623
223 2.2968 5.3402 7.1617
223 2.2976 5.3397 7.1636
223 2.2984 5.3411 7.1640
223 2.2983 5.3406 7.1633
223 2.2982 5.3399 7.1628
223 2.2980 5.3397 7.1626
223 2.2979 5.3394 7.1626
223 2.2978 5.3395 7.1626
223 2.2976 5.3390 7.1619
223 2.2975 5.3384 7.1614
223 2.2974 5.3378 7.1608
223 2.2972 5.3372 7.1603
223 2.2971 5.3371 7.1604
224 2.2970 5.3373 7.1603
224 2.2968 5.3370 7.1600
224 2.2967 5.3365 7.1592
224 2.2965 5.3388 7.1611
224 2.2964 5.3410 7.1630
224 2.2962 5.3424 7.1641
224 2.2970 5.3427 7.1640
224 2.2969 5.3432 7.1644
224 2.2968 5.3426 7.1638
224 2.2966 5.3420 7.1632
224 2.2965 5.3413 7.1625
224 2.2963 5.3407 7.1619
225 2.2962 5.3421 7.1630
225 2.2960 5.3417 7.1629
225 2.2958 5.3419 7.1628
225 2.2957 5.3434 7.1636
225 2.2955 5.3435 7.1635
225 2.2953 5.3431 7.1633
225 2.2952 5.3444 7.1641
225 2.2950 5.3438 7.1635
225 2.2958 5.3452 7.1643
225 2.2956 5.3445 7.1636
225 2.2954 5.3439 7.1630
225 2.2953 5.3451 7.1636
225 2.2951 5.3447 7.1634
225 2.2949 5.3447 7.1631
226 2.2947 5.3442 7.1623
226 2.2945 5.3437 7.1616
226 2.2943 5.3431 7.1610
226 2.2942 5.3425 7.1603
226 2.2940 5.3424 7.1603
226 2.2938 5.3441 7.1621
226 2.2936 5.3439 7.1618
226 2.2934 5.3433 7.1610
226 2.2932 5.3427 7.1603
226 2.2930 5.3422 7.1596
226 2.2928 5.3417 7.1587
226 2.2936 5.3430 7.1593
227 2.2934 5.3427 7.1592
227 2.2932 5.3427 7.1592
227 2.2930 5.3424 7.1590
227 2.2937 5.3418 7.1600
227 2.2935 5.3413 7.1596
227 2.2932 5.3409 7.1592
227 2.2930 5.3403 7.1587
227 2.2928 5.3397 7.1583
227 2.2926 5.3394 7.1580
227 2.2924 5.3388 7.1575
227 2.2922 5.3382 7.1569
227 2.2920 5.3378 7.1564
227 2.2918 5.3373 7.1560
227 2.2926 5.3374 7.1556
228 2.2923 5.3370 7.1553
228 2.2921 5.3364 7.1548
228 2.2919 5.3361 7.1544
228 2.2917 5.3361 7.1545
228 2.2914 5.3365 7.1549
228 2.2912 5.3360 7.1544
228 2.2910 5.3355 7.1539
228 2.2908 5.3349 7.1533
228 2.2905 5.3343 7.1528
228 2.2903 5.3344 7.1526
228 2.2901 5.3343 7.1526
228 2.2898 5.3340 7.1523
228 2.2896 5.3335 7.1517
229 2.2894 5.3330 7.1512
229 2.2891 5.3324 7.1505
229 2.2889 5.3318 7.1499
229 2.2897 5.3349 7.1531
229 2.2894 5.3343 7.1524
229 2.2892 5.3338 7.1517
229 2.2890 5.3332 7.1510
229 2.2887 5.3326 7.1502
229 2.2885 5.3320 7.1496
229 2.2882 5.3319 7.1494
230 2.2880 5.3315 7.1492
230 2.2877 5.3316 7.1489
230 2.2875 5.3312 7.1486
230 2.2872 5.3311 7.1484
230 2.2870 5.3305 7.1477
230 2.2867 5.3299 7.1469
230 2.2875 5.3295 7.1478
230 2.2872 5.3290 7.1470
230 2.2870 5.3283 7.1462
230 2.2867 5.3277 7.1455
230 2.2865 5.3275 7.1452
230 2.2862 5.3272 7.1449
230 2.2859 5.3267 7.1442
230 2.2857 5.3261 7.1434
230 2.2854 5.3255 7.1426
231 2.2851 5.3248 7.1418
231 2.2849 5.3246 7.1415
231 2.2846 5.3241 7.1407
231 2.2843 5.3236 7.1399
231 2.2841 5.3231 7.1391
231 2.2838 5.3230 7.1391
231 2.2835 5.3232 7.1391
231 2.2833 5.3230 7.1387
231 2.2857 5.3232 7.1401
231 2.2854 5.3232 7.1400
232 2.2851 5.3232 7.1398
232 2.2848 5.3232 7.1396
232 2.2845 5.3229 7.1393
232 2.2843 5.3224 7.1388
232 2.2840 5.3219 7.1382
232 2.2837 5.3214 7.1376
232 2.2834 5.3208 7.1370
232 2.2831 5.3203 7.1363
232 2.2828 5.3198 7.1357
232 2.2826 5.3193 7.1352
232 2.2833 5.3188 7.1365
232 2.2831 5.3185 7.1361
232 2.2828 5.3185 7.1359
232 2.2825 5.3181 7.1355
233 2.2822 5.3177 7.1349
233 2.2819 5.3172 7.1343
233 2.2816 5.3166 7.1336
233 2.2813 5.3167 7.1334
233 2.2810 5.3166 7.1331
233 2.2807 5.3163 7.1326
233 2.2804 5.3158 7.1320
233 2.2801 5.3153 7.1313
233 2.2798 5.3147 7.1306
233 2.2795 5.3141 7.1300
233 2.2792 5.3138 7.1296
233 2.2789 5.3133 7.1289
233 2.2786 5.3128 7.1282
233 2.2783 5.3123 7.1275
233 2.2806 5.3165 7.1306
234 2.2803 5.3159 7.1298
234 2.2800 5.3153 7.1291
234 2.2797 5.3151 7.1288
234 2.2794 5.3148 7.1284
234 2.2791 5.3143 7.1276
234 2.2788 5.3138 7.1269
234 2.2785 5.3133 7.1261
234 2.2782 5.3127 7.1253
234 2.2779 5.3129 7.1252
234 2.2775 5.3127 7.1248
234 2.2772 5.3122 7.1240
234 2.2769 5.3117 7.1232
235 2.2766 5.3122 7.1238
235 2.2763 5.3122 7.1237
235 2.2760 5.3123 7.1236
235 2.2767 5.3119 7.1266
235 2.2775 5.3127 7.1273
235 2.2772 5.3121 7.1266
235 2.2769 5.3118 7.1263
235 2.2766 5.3119 7.1263
235 2.2762 5.3122 7.1267
235 2.2759 5.3117 7.1260
235 2.2756 5.3112 7.1253
235 2.2763 5.3110 7.1267
235 2.2760 5.3105 7.1259
235 2.2756 5.3099 7.1253
235 2.2753 5.3099 7.1250
236 2.2750 5.3096 7.1245
236 2.2747 5.3090 7.1238
236 2.2743 5.3085 7.1231
236 2.2740 5.3090 7.1236
236 2.2737 5.3091 7.1234
236 2.2733 5.3090 7.1230
236 2.2741 5.3091 7.1227
236 2.2738 5.3091 7.1226
236 2.2734 5.3096 7.1230
236 2.2731 5.3095 7.1228
236 2.2728 5.3097 7.1226
236 2.2735 5.3093 7.1231
237 2.2731 5.3091 7.1227
237 2.2728 5.3087 7.1219
237 2.2725 5.3082 7.1211
237 2.2721 5.3077 7.1204
237 2.2718 5.3072 7.1196
237 2.2715 5.3067 7.1187
237 2.2711 5.3065 7.1183
237 2.2708 5.3066 7.1180
237 2.2704 5.3066 7.1178
238 2.2701 5.3071 7.1182
238 2.2698 5.3071 7.1178
238 2.2704 5.3070 7.1184
238 2.2701 5.3070 7.1180
238 2.2698 5.3066 7.1175
238 2.2694 5.3061 7.1168
238 2.2691 5.3056 7.1161
238 2.2687 5.3051 7.1153
238 2.2684 5.3046 7.1146
238 2.2680 5.3041 7.1138
238 2.2677 5.3038 7.1133
238 2.2673 5.3037 7.1129
238 2.2696 5.3045 7.1143
239 2.2692 5.3040 7.1135
239 2.2689 5.3035 7.1127
239 2.2685 5.3030 7.1119
239 2.2682 5.3024 7.1111
239 2.2689 5.3024 7.1125
239 2.2685 5.3019 7.1118
239 2.2682 5.3018 7.1115
239 2.2678 5.3015 7.1111
239 2.2675 5.3016 7.1109
239 2.2671 5.3013 7.1105
239 2.2667 5.3012 7.1102
239 2.2664 5.3006 7.1095
239 2.2660 5.3001 7.1087
240 2.2661 5.2995 7.1084
240 2.2657 5.2990 7.1077
240 2.2654 5.2985 7.1069
240 2.2650 5.2980 7.1062
240 2.2646 5.2975 7.1055
240 2.2643 5.2972 7.1052
240 2.2639 5.2973 7.1051
240 2.2636 5.2976 7.1055
240 2.2632 5.2986 7.1068
240 2.2628 5.2990 7.1070
241 2.2625 5.2990 7.1070
241 2.2621 5.2987 7.1066
241 2.2617 5.2982 7.1059
241 2.2639 5.2985 7.1070
241 2.2636 5.2979 7.1062
241 2.2632 5.2976 7.1058
241 2.2628 5.2977 7.1056
241 2.2625 5.2980 7.1058
241 2.2621 5.2989 7.1068
241 2.2617 5.2984 7.1061
241 2.2614 5.2979 7.1053
241 2.2610 5.2974 7.1046
241 2.2606 5.2971 7.1041
241 2.2603 5.2968 7.1036
242 2.2599 5.2963 7.1028
242 2.2595 5.2958 7.1021
242 2.2591 5.2952 7.1012
242 2.2588 5.2952 7.1009
242 2.2584 5.2952 7.1005
242 2.2580 5.2948 7.0999
242 2.2577 5.2943 7.0992
242 2.2573 5.2942 7.0989
242 2.2569 5.2939 7.0985
242 2.2565 5.2940 7.0982
242 2.2561 5.2936 7.0975
242 2.2558 5.2931 7.0967
242 2.2554 5.2925 7.0959
242 2.2561 5.2921 7.0964
243 2.2557 5.2915 7.0956
243 2.2553 5.2913 7.0952
243 2.2549 5.2909 7.0944
243 2.2546 5.2905 7.0936
243 2.2542 5.2900 7.0928
243 2.2538 5.2899 7.0927
243 2.2534 5.2901 7.0925
243 2.2530 5.2899 7.0920
243 2.2552 5.2912 7.0949
243 2.2553 5.2907 7.0946
243 2.2549 5.2903 7.0939
244 2.2545 5.2899 7.0933
244 2.2541 5.2895 7.0926
244 2.2537 5.2890 7.0918
244 2.2533 5.2885 7.0910
244 2.2530 5.2880 7.0903
244 2.2526 5.2877 7.0898
244 2.2522 5.2877 7.0897
244 2.2518 5.2874 7.0892
244 2.2514 5.2869 7.0884
244 2.2510 5.2864 7.0876
244 2.2506 5.2859 7.0868
245 2.2502 5.2855 7.0860
245 2.2499 5.2853 7.0855
245 2.2495 5.2848 7.0847
245 2.2491 5.2844 7.0839
245 2.2498 5.2839 7.0843
245 2.2494 5.2834 7.0835
245 2.2490 5.2829 7.0827
245 2.2486 5.2824 7.0820
245 2.2482 5.2823 7.0817
245 2.2478 5.2818 7.0809
245 2.2474 5.2813 7.0801
245 2.2470 5.2808 7.0793
245 2.2466 5.2803 7.0785
245 2.2487 5.2815 7.0803
246 2.2488 5.2811 7.0800
246 2.2484 5.2810 7.0796
246 2.2480 5.2810 7.0793
246 2.2476 5.2809 7.0788
246 2.2472 5.2806 7.0782
246 2.2468 5.2802 7.0775
246 2.2465 5.2797 7.0767
246 2.2461 5.2798 7.0765
246 2.2457 5.2793 7.0756
246 2.2453 5.2793 7.0755
246 2.2449 5.2788 7.0747
246 2.2445 5.2789 7.0745
246 2.2441 5.2784 7.0736
247 2.2437 5.2782 7.0731
247 2.2433 5.2777 7.0723
247 2.2429 5.2773 7.0715
247 2.2425 5.2768 7.0708
247 2.2421 5.2764 7.0700
247 2.2417 5.2761 7.0694
247 2.2413 5.2756 7.0686
247 2.2409 5.2751 7.0678
247 2.2405 5.2746 7.0670
247 2.2401 5.2741 7.0662
247 2.2402 5.2740 7.0669
247 2.2398 5.2736 7.0661
247 2.2393 5.2734 7.0655
247 2.2389 5.2731 7.0649
247 2.2385 5.2726 7.0642
247 2.2383 5.2727 7.0641
247 2.2379 5.2722 7.0632
247 2.2375 5.2717 7.0624
247 2.2371 5.2715 7.0619
247 2.2367 5.2715 7.0615
248 2.2363 5.2711 7.0607
248 2.2359 5.2710 7.0602
248 2.2355 5.2706 7.0594
248 2.2351 5.2702 7.0588
248 2.2347 5.2697 7.0580
248 2.2343 5.2693 7.0572
248 2.2339 5.2693 7.0570
248 2.2335 5.2704 7.0577
248 2.2331 5.2705 7.0574
248 2.2327 5.2709 7.0578
248 2.2323 5.2707 7.0572
248 2.2318 5.2707 7.0569
248 2.2339 5.2713 7.0582
248 2.2335 5.2708 7.0574
248 2.2331 5.2720 7.0583
248 2.2327 5.2725 7.0587
248 2.2323 5.2725 7.0584
248 2.2324 5.2724 7.0590
248 2.2320 5.2721 7.0585
248 2.2315 5.2722 7.0584
248 2.2316 5.2723 7.0591
248 2.2312 5.2726 7.0592
249 2.2308 5.2735 7.0601
249 2.2304 5.2730 7.0594
249 2.2300 5.2725 7.0586
249 2.2296 5.2724 7.0582
249 2.2292 5.2719 7.0576
249 2.2288 5.2717 7.0572
249 2.2284 5.2714 7.0567
249 2.2279 5.2716 7.0565
249 2.2275 5.2716 7.0563
249 2.2271 5.2712 7.0555
249 2.2267 5.2707 7.0547
249 2.2263 5.2702 7.0540
249 2.2259 5.2698 7.0532
249 2.2255 5.2693 7.0525
249 2.2250 5.2688 7.0516
249 2.2246 5.2687 7.0513
249 2.2242 5.2683 7.0504
249 2.2238 5.2678 7.0496
249 2.2234 5.2674 7.0488
249 2.2235 5.2669 7.0485
249 2.2231 5.2673 7.0488
250 2.2229 5.2669 7.0485
250 2.2225 5.2679 7.0491
250 2.2221 5.2684 7.0494
250 2.2217 5.2688 7.0496
250 2.2213 5.2699 7.0503
250 2.2208 5.2699 7.0500
250 2.2204 5.2703 7.0502
250 2.2200 5.2702 7.0498
250 2.2196 5.2702 7.0495
250 2.2192 5.2699 7.0489
250 2.2187 5.2700 7.0486
250 2.2183 5.2695 7.0478
250 2.2179 5.2693 7.0473
250 2.2175 5.2708 7.0486
250 2.2171 5.2703 7.0478
250 2.2167 5.2699 7.0470
250 2.2162 5.2713 7.0487
250 2.2158 5.2710 7.0481
250 2.2154 5.2706 7.0473
250 2.2150 5.2705 7.0468
250 2.2146 5.2702 7.0462
250 2.2141 5.2702 7.0458
250 2.2161 5.2706 7.0469
250 2.2157 5.2707 7.0466
250 2.2153 5.2706 7.0463
251 2.2151 5.2710 7.0467
251 2.2153 5.2714 7.0471
251 2.2148 5.2711 7.0466
251 2.2144 5.2712 7.0464
251 2.2140 5.2715 7.0465
251 2.2136 5.2724 7.0472
251 2.2132 5.2719 7.0465
251 2.2127 5.2714 7.0457
251 2.2123 5.2713 7.0453
251 2.2119 5.2709 7.0447
251 2.2115 5.2706 7.0443
251 2.2110 5.2704 7.0438
251 2.2106 5.2705 7.0436
251 2.2102 5.2706 7.0434
251 2.2098 5.2701 7.0426
251 2.2093 5.2697 7.0418
251 2.2089 5.2692 7.0410
251 2.2085 5.2688 7.0403
251 2.2081 5.2683 7.0396
251 2.2076 5.2678 7.0388
252 2.2072 5.2677 7.0383
252 2.2068 5.2673 7.0375
252 2.2064 5.2669 7.0367
252 2.2059 5.2664 7.0359
252 2.2055 5.2660 7.0352
252 2.2051 5.2655 7.0345
252 2.2047 5.2654 7.0340
252 2.2042 5.2652 7.0337
252 2.2038 5.2653 7.0334
252 2.2034 5.2649 7.0326
252 2.2030 5.2645 7.0318
252 2.2025 5.2640 7.0310
252 2.2021 5.2636 7.0302
253 2.2017 5.2632 7.0293
253 2.2013 5.2630 7.0288
253 2.2008 5.2630 7.0285
253 2.2028 5.2634 7.0293
253 2.2036 5.2630 7.0301
254 2.2044 5.2629 7.0329
254 2.2051 5.2643 7.0342
254 2.2059 5.2654 7.0347
255 2.2067 5.2658 7.0364
255 2.2075 5.2653 7.0371
255 2.2083 5.2690 7.0398
256 2.2090 5.2686 7.0402
256 2.2097 5.2702 7.0420
257 2.2104 5.2698 7.0437
257 2.2111 5.2702 7.0443
257 2.2118 5.2698 7.0456
257 2.2125 5.2716 7.0484
258 2.2131 5.2711 7.0497
258 2.2138 5.2715 7.0502
259 2.2145 5.2729 7.0530
259 2.2152 5.2731 7.0532
260 2.2159 5.2727 7.0542
260 2.2166 5.2735 7.0555
260 2.2174 5.2740 7.0559
260 2.2180 5.2738 7.0570
260 2.2187 5.2735 7.0579
260 2.2193 5.2743 7.0586
261 2.2200 5.2744 7.0614
261 2.2206 5.2747 7.0622
262 2.2214 5.2747 7.0650
262 2.2220 5.2745 7.0657
262 2.2227 5.2748 7.0656
262 2.2233 5.2746 7.0665
262 2.2239 5.2741 7.0676
262 2.2245 5.2764 7.0703
263 2.2251 5.2759 7.0714
263 2.2257 5.2770 7.0731
263 2.2264 5.2765 7.0741
263 2.2270 5.2769 7.0745
264 2.2276 5.2767 7.0752
264 2.2283 5.2762 7.0765
264 2.2289 5.2769 7.0771
265 2.2295 5.2765 7.0780
265 2.2301 5.2770 7.0783
265 2.2306 5.2768 7.0789
265 2.2312 5.2775 7.0794
266 2.2318 5.2775 7.0821
266 2.2324 5.2778 7.0828
267 2.2331 5.2778 7.0845
267 2.2337 5.2781 7.0855
267 2.2344 5.2784 7.0856
268 2.2350 5.2781 7.0861
268 2.2355 5.2777 7.0869
268 2.2361 5.2799 7.0886
268 2.2366 5.2797 7.0892
268 2.2372 5.2799 7.0891
269 2.2379 5.2797 7.0918
269 2.2384 5.2792 7.0925
269 2.2390 5.2812 7.0938
269 2.2395 5.2826 7.0955
269 2.2400 5.2821 7.0971
269 2.2405 5.2831 7.0984
270 2.2411 5.2828 7.0988
271 2.2416 5.2826 7.0997
271 2.2423 5.2834 7.1003
271 2.2428 5.2830 7.1013
271 2.2435 5.2826 7.1030
272 2.2440 5.2821 7.1033
272 2.2445 5.2817 7.1041
272 2.2453 5.2824 7.1046
273 2.2458 5.2819 7.1054
274 2.2465 5.2816 7.1067
274 2.2470 5.2818 7.1076
274 2.2477 5.2825 7.1079
275 2.2482 5.2821 7.1085
275 2.2486 5.2818 7.1090
276 2.2491 5.2814 7.1095
276 2.2498 5.2821 7.1098
277 2.2503 5.2816 7.1110
277 2.2508 5.2822 7.1116
278 2.2513 5.2825 7.1117
278 2.2520 5.2820 7.1126
278 2.2526 5.2816 7.1138
278 2.2531 5.2819 7.1144
279 2.2536 5.2822 7.1151
279 2.2540 5.2828 7.1155
280 2.2545 5.2829 7.1171
280 2.2550 5.2831 7.1176
280 2.2556 5.2827 7.1203
280 2.2561 5.2824 7.1206
280 2.2565 5.2827 7.1205
281 2.2572 5.2822 7.1221
281 2.2579 5.2824 7.1220
282 2.2583 5.2820 7.1228
282 2.2590 5.2816 7.1233
282 2.2594 5.2822 7.1237
284 2.2601 5.2817 7.1250
284 2.2608 5.2812 7.1260
284 2.2614 5.2815 7.1260
284 2.2615 5.2812 7.1262
284 2.2617 5.2807 7.1258
284 2.2621 5.2810 7.1257
285 2.2623 5.2805 7.1256
285 2.2624 5.2800 7.1252
285 2.2628 5.2815 7.1265
285 2.2630 5.2813 7.1266
286 2.2631 5.2808 7.1265
286 2.2635 5.2812 7.1268
286 2.2637 5.2807 7.1264
286 2.2638 5.2803 7.1263
286 2.2642 5.2815 7.1289
287 2.2644 5.2811 7.1291
287 2.2645 5.2806 7.1289
287 2.2649 5.2810 7.1291
287 2.2651 5.2805 7.1287
287 2.2652 5.2801 7.1288
287 2.2656 5.2803 7.1288
288 2.2657 5.2799 7.1286
288 2.2658 5.2795 7.1287
288 2.2660 5.2790 7.1284
289 2.2661 5.2785 7.1280
289 2.2667 5.2789 7.1281
289 2.2668 5.2786 7.1281
289 2.2669 5.2786 7.1288
289 2.2674 5.2790 7.1290
290 2.2678 5.2792 7.1296
290 2.2682 5.2788 7.1299
291 2.2686 5.2784 7.1305
291 2.2693 5.2785 7.1303
291 2.2694 5.2789 7.1311
292 2.2698 5.2784 7.1321
292 2.2699 5.2785 7.1327
292 2.2700 5.2790 7.1335
292 2.2704 5.2785 7.1344
292 2.2705 5.2787 7.1348
293 2.2706 5.2790 7.1355
293 2.2710 5.2786 7.1358
293 2.2711 5.2791 7.1365
293 2.2712 5.2792 7.1369
293 2.2716 5.2788 7.1374
293 2.2717 5.2792 7.1379
294 2.2718 5.2799 7.1389
294 2.2722 5.2794 7.1393
294 2.2723 5.2799 7.1398
294 2.2724 5.2800 7.1401
295 2.2728 5.2797 7.1405
295 2.2729 5.2803 7.1414
295 2.2730 5.2807 7.1417
295 2.2731 5.2813 7.1424
296 2.2732 5.2817 7.1427
296 2.2738 5.2813 7.1440
296 2.2739 5.2814 7.1442
296 2.2740 5.2817 7.1448
296 2.2744 5.2813 7.1450
296 2.2745 5.2824 7.1458
297 2.2748 5.2822 7.1462
297 2.2752 5.2835 7.1472
298 2.2756 5.2834 7.1479
298 2.2760 5.2831 7.1482
298 2.2764 5.2833 7.1480
298 2.2768 5.2829 7.1482
298 2.2771 5.2824 7.1489
298 2.2775 5.2837 7.1497
299 2.2779 5.2836 7.1509
299 2.2782 5.2832 7.1511
299 2.2789 5.2844 7.1527
300 2.2792 5.2840 7.1534
300 2.2798 5.2836 7.1537
300 2.2802 5.2846 7.1553
301 2.2806 5.2842 7.1554
301 2.2809 5.2854 7.1561
301 2.2813 5.2849 7.1562
301 2.2816 5.2851 7.1559
302 2.2820 5.2847 7.1566
302 2.2826 5.2842 7.1574
302 2.2829 5.2851 7.1584
302 2.2833 5.2847 7.1590
302 2.2836 5.2864 7.1600
303 2.2839 5.2860 7.1604
303 2.2843 5.2876 7.1612
304 2.2846 5.2872 7.1619
304 2.2849 5.2878 7.1623
304 2.2852 5.2874 7.1628
304 2.2856 5.2882 7.1637
305 2.2859 5.2878 7.1641
305 2.2862 5.2880 7.1642
305 2.2865 5.2877 7.1649
305 2.2868 5.2880 7.1651
306 2.2869 5.2876 7.1647
306 2.2870 5.2871 7.1644
306 2.2873 5.2872 7.1644
306 2.2874 5.2868 7.1644
307 2.2880 5.2864 7.1654
307 2.2881 5.2860 7.1651
307 2.2884 5.2870 7.1663
307 2.2885 5.2865 7.1659
307 2.2885 5.2861 7.1658
307 2.2888 5.2862 7.1658
308 2.2889 5.2857 7.1654
308 2.2890 5.2853 7.1654
308 2.2893 5.2856 7.1654
308 2.2894 5.2852 7.1654
308 2.2894 5.2848 7.1653
308 2.2897 5.2850 7.1653
309 2.2898 5.2845 7.1649
309 2.2899 5.2841 7.1648
309 2.2902 5.2845 7.1650
309 2.2903 5.2857 7.1662
310 2.2903 5.2859 7.1668
310 2.2906 5.2860 7.1667
310 2.2907 5.2858 7.1667
310 2.2907 5.2860 7.1672
310 2.2914 5.2856 7.1681
310 2.2916 5.2856 7.1680
311 2.2917 5.2868 7.1690
311 2.2918 5.2866 7.1690
311 2.2921 5.2872 7.1693
311 2.2921 5.2873 7.1696
311 2.2922 5.2871 7.1696
311 2.2925 5.2874 7.1697
312 2.2925 5.2874 7.1700
312 2.2926 5.2872 7.1698
312 2.2929 5.2875 7.1699
312 2.2929 5.2876 7.1702
313 2.2930 5.2876 7.1704
313 2.2933 5.2878 7.1708
313 2.2933 5.2876 7.1707
313 2.2934 5.2876 7.1708
314 2.2934 5.2872 7.1708
314 2.2935 5.2871 7.1709
314 2.2941 5.2876 7.1714
314 2.2941 5.2874 7.1712
314 2.2942 5.2870 7.1711
314 2.2944 5.2872 7.1709
315 2.2945 5.2871 7.1709
315 2.2945 5.2867 7.1708
315 2.2946 5.2866 7.1708
316 2.2946 5.2864 7.1706
316 2.2949 5.2864 7.1718
316 2.2949 5.2865 7.1720
316 2.2950 5.2877 7.1728
316 2.2953 5.2872 7.1731
316 2.2958 5.2875 7.1730
317 2.2961 5.2872 7.1732
317 2.2964 5.2874 7.1729
317 2.2970 5.2891 7.1754
317 2.2973 5.2888 7.1756
317 2.2975 5.2899 7.1761
318 2.2978 5.2894 7.1767
318 2.2981 5.2896 7.1767
318 2.2981 5.2892 7.1762
319 2.2982 5.2887 7.1758
319 2.2984 5.2897 7.1768
319 2.2984 5.2893 7.1767
319 2.2985 5.2888 7.1763
319 2.2987 5.2897 7.1771
320 2.2988 5.2892 7.1766
320 2.2988 5.2888 7.1764
320 2.2991 5.2889 7.1763
320 2.2991 5.2884 7.1759
320 2.2991 5.2886 7.1763
320 2.2992 5.2882 7.1761
320 2.2992 5.2883 7.1763
321 2.2992 5.2879 7.1762
321 2.2992 5.2882 7.1764
321 2.2992 5.2878 7.1762
321 2.2993 5.2878 7.1763
321 2.2993 5.2873 7.1759
321 2.2993 5.2875 7.1763
322 2.2993 5.2871 7.1761
322 2.2993 5.2874 7.1763
322 2.2994 5.2870 7.1760
322 2.2994 5.2870 7.1761
322 2.2994 5.2866 7.1759
322 2.2994 5.2869 7.1760
323 2.2994 5.2867 7.1762
323 2.2994 5.2872 7.1768
323 2.2994 5.2868 7.1766
323 2.2994 5.2870 7.1766
323 2.2994 5.2866 7.1763
323 2.2994 5.2866 7.1764
323 2.2994 5.2864 7.1765
323 2.2994 5.2869 7.1770
324 2.2994 5.2865 7.1767
324 2.2994 5.2868 7.1768
324 2.2994 5.2865 7.1768
324 2.2994 5.2870 7.1772
324 2.2994 5.2866 7.1769
324 2.2994 5.2868 7.1769
325 2.2994 5.2864 7.1766
325 2.2994 5.2864 7.1766
325 2.2994 5.2859 7.1761
325 2.2994 5.2861 7.1765
325 2.2994 5.2857 7.1760
325 2.2993 5.2865 7.1766
326 2.2993 5.2861 7.1765
326 2.2993 5.2858 7.1765
326 2.2993 5.2854 7.1764
326 2.2993 5.2851 7.1761
326 2.2999 5.2848 7.1768
326 2.3005 5.2858 7.1780
327 2.3004 5.2854 7.1778
327 2.3004 5.2854 7.1778
327 2.3007 5.2849 7.1783
327 2.3009 5.2850 7.1782
328 2.3012 5.2848 7.1788
328 2.3015 5.2845 7.1791
328 2.3021 5.2841 7.1795
328 2.3026 5.2849 7.1801
329 2.3029 5.2846 7.1807
329 2.3031 5.2848 7.1811
329 2.3034 5.2848 7.1810
329 2.3037 5.2844 7.1814
330 2.3039 5.2840 7.1817
330 2.3045 5.2843 7.1841
331 2.3047 5.2840 7.1847
331 2.3050 5.2863 7.1871
331 2.3055 5.2865 7.1872
331 2.3055 5.2865 7.1871
331 2.3055 5.2867 7.1870
332 2.3055 5.2867 7.1870
332 2.3055 5.2868 7.1872
332 2.3054 5.2876 7.1878
332 2.3060 5.2873 7.1885
332 2.3066 5.2875 7.1901
332 2.3065 5.2884 7.1910
333 2.3065 5.2897 7.1925
333 2.3065 5.2893 7.1923
333 2.3065 5.2893 7.1927
333 2.3064 5.2891 7.1927
333 2.3064 5.2903 7.1939
333 2.3064 5.2899 7.1936
334 2.3063 5.2898 7.1938
334 2.3063 5.2894 7.1935
334 2.3069 5.2912 7.1959
334 2.3068 5.2909 7.1957
334 2.3068 5.2904 7.1952
334 2.3068 5.2901 7.1952
334 2.3067 5.2897 7.1947
334 2.3070 5.2905 7.1951
335 2.3069 5.2901 7.1950
335 2.3069 5.2898 7.1949
335 2.3069 5.2894 7.1947
335 2.3068 5.2891 7.1944
335 2.3074 5.2892 7.1944
336 2.3073 5.2888 7.1943
336 2.3073 5.2888 7.1941
336 2.3073 5.2887 7.1941
336 2.3078 5.2885 7.1946
336 2.3078 5.2887 7.1946
336 2.3077 5.2885 7.1946
337 2.3077 5.2885 7.1950
337 2.3076 5.2883 7.1950
337 2.3076 5.2879 7.1946
337 2.3081 5.2883 7.1951
338 2.3081 5.2879 7.1948
338 2.3080 5.2882 7.1954
338 2.3086 5.2880 7.1969
338 2.3085 5.2875 7.1965
338 2.3085 5.2877 7.1980
338 2.3084 5.2873 7.1975
338 2.3084 5.2871 7.1975
339 2.3083 5.2867 7.1970
339 2.3089 5.2865 7.1981
339 2.3088 5.2860 7.1977
339 2.3093 5.2874 7.1992
339 2.3093 5.2870 7.1988
340 2.3092 5.2865 7.1983
340 2.3095 5.2867 7.1980
340 2.3094 5.2864 7.1978
340 2.3094 5.2862 7.1980
341 2.3093 5.2873 7.1989
341 2.3092 5.2872 7.1990
341 2.3092 5.2869 7.1988
341 2.3091 5.2879 7.1995
341 2.3096 5.2875 7.2005
341 2.3102 5.2878 7.2003
342 2.3101 5.2876 7.2004
342 2.3100 5.2877 7.2009
342 2.3103 5.2883 7.2012
342 2.3102 5.2883 7.2016
343 2.3102 5.2884 7.2021
343 2.3104 5.2884 7.2019
343 2.3103 5.2882 7.2019
343 2.3103 5.2883 7.2022
343 2.3105 5.2887 7.2025
344 2.3105 5.2888 7.2028
344 2.3104 5.2888 7.2031
344 2.3106 5.2890 7.2031
344 2.3106 5.2890 7.2034
344 2.3105 5.2889 7.2034
344 2.3107 5.2890 7.2034
345 2.3107 5.2887 7.2031
345 2.3106 5.2884 7.2030
345 2.3108 5.2886 7.2033
346 2.3111 5.2890 7.2035
346 2.3113 5.2894 7.2037
347 2.3118 5.2890 7.2046
347 2.3121 5.2892 7.2043
348 2.3123 5.2893 7.2053
348 2.3128 5.2895 7.2051
349 2.3133 5.2896 7.2066
349 2.3136 5.2892 7.2068
349 2.3138 5.2894 7.2071
349 2.3137 5.2895 7.2082
349 2.3140 5.2893 7.2084
349 2.3139 5.2906 7.2107
350 2.3138 5.2914 7.2122
350 2.3143 5.2912 7.2137
350 2.3146 5.2910 7.2137
350 2.3145 5.2922 7.2152
350 2.3144 5.2923 7.2161
350 2.3146 5.2920 7.2166
350 2.3149 5.2915 7.2170
350 2.3148 5.2923 7.2181
351 2.3147 5.2934 7.2193
351 2.3149 5.2930 7.2195
351 2.3148 5.2938 7.2204
351 2.3148 5.2943 7.2215
352 2.3153 5.2940 7.2223
352 2.3155 5.2935 7.2224
352 2.3154 5.2942 7.2232
352 2.3154 5.2953 7.2241
352 2.3156 5.2951 7.2244
352 2.3158 5.2947 7.2247
352 2.3157 5.2952 7.2257
353 2.3156 5.2959 7.2263
353 2.3155 5.2964 7.2271
353 2.3155 5.2970 7.2276
353 2.3160 5.2967 7.2283
353 2.3165 5.2962 7.2289
353 2.3164 5.2972 7.2297
354 2.3163 5.2974 7.2305
354 2.3165 5.2970 7.2308
354 2.3168 5.2966 7.2311
354 2.3167 5.2968 7.2317
355 2.3172 5.2964 7.2322
356 2.3174 5.2987 7.2345
356 2.3179 5.2983 7.2353
356 2.3184 5.2987 7.2357
356 2.3183 5.2984 7.2353
356 2.3185 5.2980 7.2356
356 2.3184 5.2978 7.2356
356 2.3186 5.2984 7.2362
357 2.3186 5.2985 7.2366
357 2.3188 5.2986 7.2375
357 2.3187 5.2984 7.2374
357 2.3189 5.2986 7.2373
357 2.3188 5.2982 7.2370
358 2.3190 5.2981 7.2379
358 2.3189 5.2982 7.2382
358 2.3191 5.2983 7.2384
358 2.3190 5.2981 7.2383
358 2.3192 5.2980 7.2387
358 2.3191 5.2980 7.2390
358 2.3193 5.2983 7.2390
359 2.3193 5.2984 7.2394
359 2.3195 5.2982 7.2398
359 2.3194 5.2982 7.2400
359 2.3196 5.2986 7.2400
359 2.3195 5.2984 7.2399
359 2.3197 5.2980 7.2399
359 2.3196 5.2981 7.2402
359 2.3198 5.2982 7.2399
360 2.3197 5.2984 7.2403
360 2.3196 5.2985 7.2410
360 2.3195 5.2995 7.2416
361 2.3200 5.2994 7.2439
361 2.3205 5.2991 7.2447
361 2.3204 5.2992 7.2452
361 2.3203 5.2993 7.2456
361 2.3205 5.2992 7.2463
361 2.3207 5.2988 7.2464
361 2.3206 5.2997 7.2470
362 2.3205 5.2998 7.2474
362 2.3204 5.3007 7.2478
362 2.3203 5.3013 7.2483
362 2.3208 5.3011 7.2497
362 2.3207 5.3019 7.2501
363 2.3206 5.3020 7.2505
363 2.3211 5.3016 7.2514
363 2.3213 5.3012 7.2516
363 2.3212 5.3017 7.2520
363 2.3211 5.3019 7.2523
364 2.3213 5.3015 7.2525
364 2.3212 5.3016 7.2528
364 2.3211 5.3017 7.2530
364 2.3216 5.3016 7.2544
364 2.3218 5.3021 7.2556
364 2.3217 5.3024 7.2559
365 2.3216 5.3025 7.2558
365 2.3217 5.3024 7.2564
365 2.3219 5.3020 7.2564
365 2.3218 5.3020 7.2563
366 2.3223 5.3016 7.2565
367 2.3228 5.3013 7.2573
367 2.3230 5.3024 7.2582
367 2.3235 5.3026 7.2582
367 2.3236 5.3022 7.2585
367 2.3238 5.3018 7.2585
367 2.3240 5.3020 7.2586
368 2.3242 5.3019 7.2592
368 2.3244 5.3034 7.2614
368 2.3245 5.3031 7.2617
368 2.3247 5.3032 7.2616
369 2.3249 5.3029 7.2618
369 2.3251 5.3044 7.2633
370 2.3252 5.3040 7.2635
370 2.3254 5.3041 7.2634
370 2.3256 5.3052 7.2648
370 2.3257 5.3052 7.2646
371 2.3262 5.3049 7.2650
371 2.3264 5.3056 7.2659
371 2.3268 5.3058 7.2662
372 2.3270 5.3054 7.2665
372 2.3271 5.3052 7.2665
372 2.3273 5.3053 7.2662
373 2.3275 5.3054 7.2669
373 2.3276 5.3055 7.2670
373 2.3281 5.3056 7.2681
373 2.3282 5.3054 7.2681
373 2.3284 5.3054 7.2678
374 2.3285 5.3053 7.2680
374 2.3287 5.3049 7.2680
374 2.3288 5.3066 7.2694
374 2.3290 5.3062 7.2696
374 2.3291 5.3068 7.2701
375 2.3293 5.3064 7.2703
375 2.3297 5.3060 7.2708
375 2.3299 5.3061 7.2707
376 2.3300 5.3059 7.2709
376 2.3302 5.3062 7.2709
376 2.3303 5.3059 7.2710
376 2.3304 5.3060 7.2709
377 2.3306 5.3059 7.2711
377 2.3307 5.3061 7.2710
377 2.3308 5.3062 7.2725
377 2.3310 5.3063 7.2725
379 2.3314 5.3063 7.2736
379 2.3316 5.3066 7.2740
379 2.3320 5.3066 7.2740
379 2.3322 5.3064 7.2744
379 2.3323 5.3060 7.2743
379 2.3324 5.3068 7.2750
380 2.3325 5.3066 7.2749
380 2.3326 5.3066 7.2746
380 2.3331 5.3064 7.2757
380 2.3332 5.3060 7.2756
380 2.3333 5.3068 7.2761
381 2.3335 5.3077 7.2772
381 2.3336 5.3073 7.2774
381 2.3337 5.3078 7.2778
382 2.3338 5.3076 7.2779
382 2.3339 5.3074 7.2782
382 2.3344 5.3079 7.2785
383 2.3345 5.3076 7.2787
383 2.3349 5.3072 7.2793
383 2.3351 5.3069 7.2793
383 2.3352 5.3065 7.2794
384 2.3353 5.3062 7.2796
384 2.3354 5.3059 7.2798
384 2.3358 5.3063 7.2800
385 2.3359 5.3059 7.2801
385 2.3360 5.3056 7.2802
385 2.3361 5.3053 7.2804
385 2.3362 5.3057 7.2807
386 2.3363 5.3053 7.2805
386 2.3364 5.3060 7.2812
386 2.3369 5.3057 7.2818
386 2.3370 5.3054 7.2819
386 2.3371 5.3064 7.2828
387 2.3372 5.3061 7.2829
387 2.3373 5.3060 7.2827
388 2.3374 5.3057 7.2827
388 2.3375 5.3067 7.2835
388 2.3379 5.3064 7.2840
388 2.3380 5.3062 7.2843
388 2.3381 5.3065 7.2842
389 2.3382 5.3062 7.2843
390 2.3383 5.3059 7.2844
390 2.3387 5.3070 7.2858
390 2.3391 5.3071 7.2856
391 2.3392 5.3068 7.2860
391 2.3393 5.3066 7.2862
391 2.3394 5.3063 7.2863
391 2.3395 5.3073 7.2874
392 2.3396 5.3072 7.2874
392 2.3396 5.3073 7.2883
392 2.3401 5.3074 7.2881
392 2.3402 5.3074 7.2881
393 2.3402 5.3089 7.2895
394 2.3407 5.3085 7.2899
394 2.3411 5.3095 7.2909
394 2.3412 5.3096 7.2908
394 2.3412 5.3110 7.2919
395 2.3413 5.3111 7.2917
395 2.3418 5.3109 7.2926
395 2.3422 5.3107 7.2937
395 2.3423 5.3107 7.2934
396 2.3423 5.3111 7.2948
397 2.3424 5.3108 7.2949
397 2.3425 5.3104 7.2949
397 2.3429 5.3101 7.2955
397 2.3433 5.3111 7.2960
398 2.3434 5.3115 7.2969
398 2.3434 5.3114 7.2966
398 2.3439 5.3112 7.2972
398 2.3439 5.3108 7.2971
398 2.3440 5.3115 7.2976
399 2.3441 5.3119 7.2987
399 2.3441 5.3115 7.2987
399 2.3442 5.3124 7.2993
400 2.3442 5.3121 7.2994
400 2.3443 5.3120 7.2991
400 2.3447 5.3124 7.3002
400 2.3448 5.3121 7.3002
400 2.3448 5.3129 7.3007
401 2.3449 5.3159 7.3029
401 2.3449 5.3157 7.3031
401 2.3450 5.3160 7.3030
401 2.3451 5.3163 7.3038
402 2.3451 5.3182 7.3052
403 2.3452 5.3183 7.3059
403 2.3456 5.3193 7.3068
403 2.3460 5.3193 7.3066
403 2.3460 5.3203 7.3087
404 2.3461 5.3205 7.3093
404 2.3461 5.3203 7.3096
404 2.3465 5.3204 7.3093
406 2.3466 5.3233 7.3115
406 2.3470 5.3243 7.3136
406 2.3470 5.3250 7.3143
406 2.3474 5.3250 7.3141
407 2.3475 5.3271 7.3162
407 2.3475 5.3278 7.3168
408 2.3476 5.3280 7.3171
408 2.3480 5.3281 7.3168
409 2.3480 5.3281 7.3168
409 2.3481 5.3294 7.3179
410 2.3485 5.3312 7.3200
410 2.3485 5.3313 7.3198
410 2.3485 5.3320 7.3202
411 2.3486 5.3317 7.3203
411 2.3486 5.3323 7.3206
412 2.3486 5.3319 7.3206
412 2.3487 5.3327 7.3210
412 2.3487 5.3325 7.3213
412 2.3487 5.3325 7.3210
413 2.3488 5.3321 7.3210
413 2.3488 5.3329 7.3213
413 2.3488 5.3327 7.3213
413 2.3489 5.3329 7.3212
415 2.3489 5.3326 7.3211
415 2.3493 5.3334 7.3232
415 2.3493 5.3331 7.3231
415 2.3497 5.3331 7.3228
416 2.3497 5.3328 7.3229
416 2.3498 5.3324 7.3228
417 2.3502 5.3323 7.3235
417 2.3502 5.3321 7.3236
417 2.3506 5.3321 7.3233
418 2.3510 5.3329 7.3247
418 2.3514 5.3326 7.3252
418 2.3511 5.3324 7.3248
419 2.3509 5.3340 7.3270
419 2.3507 5.3342 7.3271
419 2.3505 5.3349 7.3276
419 2.3503 5.3345 7.3270
419 2.3501 5.3342 7.3265
419 2.3499 5.3338 7.3260
419 2.3497 5.3334 7.3255
419 2.3495 5.3335 7.3253
419 2.3493 5.3344 7.3266
419 2.3490 5.3342 7.3263
419 2.3488 5.3338 7.3257
419 2.3486 5.3336 7.3253
419 2.3484 5.3345 7.3264
419 2.3482 5.3345 7.3261
419 2.3497 5.3346 7.3267
420 2.3495 5.3343 7.3262
420 2.3493 5.3352 7.3267
420 2.3491 5.3350 7.3265
420 2.3489 5.3352 7.3264
420 2.3486 5.3349 7.3258
420 2.3484 5.3346 7.3252
420 2.3482 5.3343 7.3247
420 2.3480 5.3340 7.3242
420 2.3478 5.3340 7.3240
420 2.3476 5.3348 7.3251
420 2.3473 5.3347 7.3247
420 2.3471 5.3343 7.3241
421 2.3469 5.3341 7.3237
421 2.3467 5.3349 7.3246
421 2.3465 5.3349 7.3244
421 2.3468 5.3357 7.3251
421 2.3466 5.3361 7.3253
421 2.3464 5.3370 7.3257
421 2.3462 5.3373 7.3259
421 2.3460 5.3374 7.3256
421 2.3457 5.3382 7.3264
421 2.3455 5.3380 7.3260
422 2.3453 5.3376 7.3255
422 2.3451 5.3373 7.3250
422 2.3449 5.3369 7.3244
422 2.3446 5.3367 7.3240
422 2.3444 5.3375 7.3247
422 2.3448 5.3382 7.3257
422 2.3446 5.3383 7.3254
422 2.3461 5.3383 7.3260
422 2.3459 5.3380 7.3255
422 2.3456 5.3377 7.3249
422 2.3454 5.3374 7.3244
422 2.3452 5.3371 7.3239
423 2.3450 5.3379 7.3243
423 2.3447 5.3378 7.3241
423 2.3445 5.3379 7.3239
423 2.3443 5.3388 7.3245
423 2.3441 5.3390 7.3244
423 2.3438 5.3388 7.3241
423 2.3436 5.3396 7.3244
423 2.3434 5.3393 7.3240
423 2.3438 5.3397 7.3261
423 2.3435 5.3403 7.3265
424 2.3436 5.3417 7.3286
424 2.3436 5.3414 7.3286
424 2.3434 5.3417 7.3286
424 2.3434 5.3422 7.3295
424 2.3432 5.3436 7.3308
424 2.3432 5.3432 7.3306
424 2.3430 5.3430 7.3303
424 2.3445 5.3430 7.3307
425 2.3445 5.3443 7.3320
425 2.3443 5.3439 7.3316
425 2.3443 5.3449 7.3325
425 2.3441 5.3446 7.3320
425 2.3441 5.3442 7.3318
425 2.3439 5.3440 7.3313
425 2.3439 5.3447 7.3322
425 2.3436 5.3448 7.3319
426 2.3434 5.3449 7.3317
426 2.3434 5.3457 7.3325
426 2.3432 5.3455 7.3322
426 2.3433 5.3459 7.3329
426 2.3433 5.3460 7.3331
426 2.3431 5.3467 7.3334
426 2.3428 5.3472 7.3337
427 2.3428 5.3469 7.3336
427 2.3429 5.3481 7.3346
427 2.3426 5.3478 7.3341
427 2.3424 5.3480 7.3342
427 2.3439 5.3480 7.3345
427 2.3439 5.3488 7.3352
427 2.3439 5.3493 7.3359
427 2.3437 5.3490 7.3354
427 2.3435 5.3501 7.3365
427 2.3435 5.3517 7.3378
427 2.3435 5.3515 7.3376
427 2.3433 5.3512 7.3371
427 2.3430 5.3509 7.3367
428 2.3431 5.3506 7.3367
428 2.3431 5.3515 7.3374
428 2.3429 5.3513 7.3370
428 2.3426 5.3510 7.3365
428 2.3427 5.3517 7.3373
428 2.3427 5.3513 7.3371
428 2.3424 5.3514 7.3369
428 2.3422 5.3512 7.3364
428 2.3422 5.3515 7.3369
428 2.3421 5.3516 7.3371
429 2.3421 5.3523 7.3381
429 2.3420 5.3520 7.3379
429 2.3424 5.3526 7.3384
429 2.3439 5.3526 7.3387
429 2.3438 5.3523 7.3385
430 2.3438 5.3530 7.3391
430 2.3437 5.3533 7.3395
430 2.3437 5.3530 7.3392
431 2.3436 5.3536 7.3397
431 2.3436 5.3537 7.3399
431 2.3435 5.3543 7.3407
431 2.3435 5.3540 7.3405
431 2.3449 5.3540 7.3407
432 2.3449 5.3537 7.3405
432 2.3448 5.3543 7.3412
432 2.3448 5.3548 7.3417
432 2.3447 5.3545 7.3414
432 2.3447 5.3555 7.3427
433 2.3446 5.3552 7.3424
433 2.3446 5.3549 7.3420
433 2.3445 5.3555 7.3424
433 2.3444 5.3551 7.3421
433 2.3444 5.3552 7.3423
433 2.3443 5.3558 7.3433
434 2.3443 5.3561 7.3436
434 2.3443 5.3567 7.3456
434 2.3443 5.3564 7.3452
434 2.3457 5.3563 7.3454
434 2.3457 5.3569 7.3460
434 2.3457 5.3566 7.3457
434 2.3457 5.3572 7.3462
435 2.3457 5.3569 7.3461
435 2.3458 5.3569 7.3462
435 2.3458 5.3578 7.3475
435 2.3458 5.3606 7.3495
435 2.3462 5.3602 7.3499
435 2.3462 5.3612 7.3508
436 2.3462 5.3610 7.3506
436 2.3462 5.3620 7.3513
436 2.3463 5.3616 7.3512
436 2.3463 5.3621 7.3517
436 2.3463 5.3638 7.3538
436 2.3467 5.3654 7.3558
436 2.3467 5.3681 7.3578
436 2.3481 5.3681 7.3580
436 2.3478 5.3682 7.3578
437 2.3476 5.3690 7.3583
437 2.3474 5.3690 7.3580
437 2.3472 5.3689 7.3577
437 2.3470 5.3694 7.3580
437 2.3467 5.3691 7.3575
437 2.3465 5.3688 7.3570
437 2.3463 5.3702 7.3583
437 2.3461 5.3700 7.3577
437 2.3459 5.3697 7.3572
437 2.3456 5.3695 7.3568
437 2.3457 5.3700 7.3575
437 2.3457 5.3701 7.3575
437 2.3461 5.3721 7.3595
438 2.3458 5.3718 7.3590
438 2.3456 5.3714 7.3585
438 2.3454 5.3711 7.3580
438 2.3452 5.3709 7.3575
438 2.3449 5.3715 7.3581
438 2.3447 5.3715 7.3578
438 2.3447 5.3718 7.3581
438 2.3445 5.3715 7.3577
438 2.3443 5.3713 7.3574
438 2.3441 5.3709 7.3570
439 2.3438 5.3706 7.3564
439 2.3436 5.3702 7.3559
439 2.3440 5.3706 7.3568
439 2.3438 5.3702 7.3562
439 2.3451 5.3702 7.3563
440 2.3452 5.3699 7.3563
440 2.3453 5.3696 7.3565
440 2.3456 5.3693 7.3570
440 2.3460 5.3693 7.3567
441 2.3461 5.3690 7.3568
442 2.3461 5.3687 7.3569
442 2.3462 5.3684 7.3568
442 2.3466 5.3680 7.3572
442 2.3469 5.3680 7.3569
443 2.3470 5.3678 7.3571
443 2.3470 5.3675 7.3572
444 2.3471 5.3673 7.3572
444 2.3475 5.3671 7.3580
444 2.3478 5.3671 7.3577
445 2.3479 5.3668 7.3576
445 2.3479 5.3665 7.3576
446 2.3480 5.3661 7.3575
446 2.3483 5.3667 7.3580
446 2.3487 5.3667 7.3576
446 2.3487 5.3664 7.3576
446 2.3486 5.3661 7.3573
447 2.3486 5.3659 7.3573
447 2.3485 5.3656 7.3570
447 2.3486 5.3652 7.3569
447 2.3485 5.3650 7.3568
448 2.3485 5.3648 7.3567
448 2.3485 5.3645 7.3568
448 2.3489 5.3644 7.3564
448 2.3488 5.3641 7.3561
448 2.3488 5.3639 7.3560
448 2.3488 5.3636 7.3561
449 2.3488 5.3641 7.3565
449 2.3487 5.3639 7.3564
449 2.3488 5.3636 7.3565
449 2.3487 5.3632 7.3562
449 2.3487 5.3638 7.3565
449 2.3487 5.3634 7.3564
449 2.3491 5.3634 7.3560
450 2.3490 5.3632 7.3559
450 2.3490 5.3637 7.3562
450 2.3490 5.3633 7.3562
450 2.3490 5.3631 7.3560
451 2.3489 5.3628 7.3557
451 2.3489 5.3625 7.3557
451 2.3489 5.3623 7.3556
451 2.3488 5.3636 7.3576
451 2.3489 5.3634 7.3577
451 2.3492 5.3633 7.3573
452 2.3493 5.3638 7.3581
452 2.3493 5.3635 7.3580
453 2.3497 5.3632 7.3584
453 2.3497 5.3628 7.3583
453 2.3501 5.3628 7.3579
454 2.3501 5.3624 7.3578
454 2.3502 5.3621 7.3577
455 2.3502 5.3619 7.3578
455 2.3506 5.3618 7.3574
456 2.3506 5.3615 7.3573
457 2.3506 5.3612 7.3572
457 2.3510 5.3617 7.3576
457 2.3514 5.3616 7.3572
457 2.3514 5.3614 7.3573
458 2.3514 5.3610 7.3572
458 2.3515 5.3609 7.3572
458 2.3518 5.3608 7.3568
460 2.3518 5.3604 7.3566
460 2.3522 5.3609 7.3574
460 2.3522 5.3606 7.3573
460 2.3526 5.3605 7.3568
461 2.3526 5.3601 7.3567
461 2.3526 5.3598 7.3566
462 2.3530 5.3596 7.3572
462 2.3530 5.3594 7.3572
462 2.3534 5.3593 7.3568
463 2.3534 5.3591 7.3567
463 2.3534 5.3596 7.3575
464 2.3534 5.3596 7.3580
464 2.3538 5.3593 7.3583
464 2.3541 5.3591 7.3578
464 2.3542 5.3592 7.3578
464 2.3542 5.3596 7.3585
465 2.3542 5.3594 7.3584
465 2.3542 5.3592 7.3583
465 2.3543 5.3589 7.3582
465 2.3543 5.3601 7.3591
466 2.3543 5.3598 7.3591
466 2.3543 5.3595 7.3591
466 2.3544 5.3600 7.3603
466 2.3557 5.3599 7.3604
466 2.3557 5.3600 7.3605
467 2.3557 5.3599 7.3607
467 2.3557 5.3596 7.3605
467 2.3557 5.3601 7.3611
467 2.3557 5.3598 7.3609
467 2.3557 5.3609 7.3617
467 2.3558 5.3607 7.3616
468 2.3558 5.3608 7.3617
468 2.3558 5.3613 7.3624
468 2.3558 5.3611 7.3624
469 2.3558 5.3607 7.3621
469 2.3562 5.3604 7.3624
469 2.3562 5.3601 7.3623
469 2.3575 5.3600 7.3623
469 2.3575 5.3600 7.3623
469 2.3575 5.3609 7.3629
469 2.3576 5.3613 7.3634
469 2.3576 5.3610 7.3633
470 2.3576 5.3607 7.3632
470 2.3576 5.3606 7.3632
470 2.3576 5.3603 7.3630
470 2.3577 5.3611 7.3642
470 2.3577 5.3616 7.3647
470 2.3577 5.3621 7.3652
470 2.3577 5.3618 7.3649
470 2.3577 5.3620 7.3652
470 2.3577 5.3631 7.3658
470 2.3578 5.3629 7.3657
471 2.3577 5.3637 7.3667
471 2.3580 5.3635 7.3672
471 2.3581 5.3632 7.3670
471 2.3581 5.3628 7.3670
471 2.3581 5.3637 7.3675
471 2.3581 5.3634 7.3674
471 2.3581 5.3631 7.3671
471 2.3594 5.3630 7.3672
472 2.3593 5.3634 7.3674
472 2.3597 5.3631 7.3677
472 2.3597 5.3641 7.3683
472 2.3597 5.3638 7.3682
472 2.3597 5.3648 7.3687
472 2.3597 5.3645 7.3685
472 2.3601 5.3641 7.3687
472 2.3601 5.3639 7.3686
473 2.3601 5.3636 7.3683
473 2.3601 5.3634 7.3681
473 2.3601 5.3631 7.3679
473 2.3601 5.3629 7.3677
473 2.3601 5.3626 7.3674
473 2.3601 5.3623 7.3672
473 2.3601 5.3620 7.3671
473 2.3614 5.3619 7.3671
474 2.3617 5.3617 7.3678
475 2.3617 5.3622 7.3685
475 2.3617 5.3623 7.3685
476 2.3630 5.3620 7.3705
476 2.3633 5.3624 7.3708
476 2.3645 5.3623 7.3708
479 2.3658 5.3620 7.3727
479 2.3670 5.3619 7.3740
479 2.3682 5.3623 7.3748
