1 0.0000 1.5219 1.5219
1 0.8631 2.2359 2.2359
2 1.2244 2.7255 2.7255
2 1.3222 3.0958 3.0958
2 1.5734 3.2389 3.3927
2 1.6402 3.3736 3.5069
3 1.7028 3.3278 3.6250
3 1.7131 3.4548 3.7345
3 1.7472 3.5724 3.8366
3 1.7143 3.5111 3.7871
4 1.7200 3.5219 3.7842
4 1.7170 3.5352 3.7849
4 1.7417 3.6412 3.8797
4 1.7201 3.5840 3.8279
4 1.7171 3.5698 3.8035
4 1.7095 3.5591 3.7835
4 1.7290 3.6574 3.8731
5 1.7144 3.6484 3.8562
5 1.7080 3.7404 3.9408
5 1.6988 3.7328 4.0213
5 1.7149 3.8193 4.0981
5 1.7050 3.9016 4.1715
5 1.6972 3.8789 4.1792
5 1.6875 3.8967 4.1879
5 1.7014 3.9147 4.1973
6 1.6947 3.9329 4.2074
6 1.6864 3.9065 4.1972
6 1.6976 3.9802 4.2630
6 1.6890 3.9656 4.2410
7 1.6794 3.9527 4.3043
7 1.6888 3.9726 4.3153
7 1.6792 3.9923 4.3267
7 1.6689 3.9667 4.3001
7 1.6770 4.0338 4.3594
8 1.6669 4.0532 4.4168
8 1.6563 4.1169 4.4724
8 1.6635 4.1186 4.4828
9 1.7341 4.1369 4.5360
9 1.7867 4.1552 4.5876
9 1.7756 4.2141 4.6377
10 1.7641 4.2713 4.6864
10 1.7524 4.3268 4.7337
10 1.7934 4.3422 4.7798
10 1.7814 4.3576 4.7869
11 1.7693 4.3729 4.7943
11 1.7737 4.4245 4.8382
11 1.7767 4.4747 4.8810
11 1.8096 4.4667 4.8877
11 1.7986 4.5153 4.9291
11 1.8006 4.5627 4.9695
11 1.8014 4.6090 5.0090
11 1.8092 4.5949 5.0024
12 1.7996 4.6399 5.0408
12 1.7898 4.6521 5.0467
12 1.7968 4.6525 5.0409
13 1.8023 4.6532 5.0780
13 1.8038 4.6960 5.1143
13 1.8083 4.7080 5.1201
13 1.8000 4.7016 5.1148
13 1.8013 4.7138 5.1210
13 1.8017 4.7259 5.1273
13 1.8059 4.7273 5.1337
14 1.7985 4.7171 5.1229
14 1.7988 4.7192 5.1194
14 1.7985 4.7214 5.1163
14 1.8024 4.7340 5.1236
14 1.7959 4.7365 5.1210
14 1.7955 4.7750 5.1545
14 1.7945 4.7774 5.1873
14 1.7982 4.7800 5.1847
15 1.7924 4.8172 5.2169
15 1.7915 4.8136 5.2238
15 1.7901 4.8256 5.2307
15 1.7936 4.8224 5.2226
15 1.7885 4.8344 5.2298
16 1.7831 4.8273 5.2282
16 1.7863 4.8393 5.2355
16 1.7811 4.8369 5.2286
16 1.7756 4.8348 5.2589
16 1.7786 4.8329 5.2522
17 1.7732 4.8450 5.2597
17 1.7677 4.8362 5.2495
17 1.7705 4.8484 5.2572
17 1.7650 4.8605 5.2864
17 1.7595 4.8938 5.3152
17 1.7621 4.8855 5.3093
19 1.7867 4.8973 5.3376
19 1.8084 4.8962 5.3448
19 1.8029 4.8916 5.3355
19 1.7972 4.8842 5.3303
20 1.7915 4.8886 5.3303
20 1.7858 4.8794 5.3219
20 1.8051 4.8914 5.3492
20 1.7993 4.8849 5.3383
20 1.8009 4.8850 5.3340
20 1.8021 4.8817 5.3299
20 1.8194 4.8736 5.3306
21 1.8138 4.8657 5.3208
21 1.8148 4.8780 5.3288
21 1.8153 4.8832 5.3369
21 1.8185 4.8885 5.3380
21 1.8134 4.8894 5.3641
22 1.8082 4.8947 5.3652
22 1.8029 4.9001 5.3908
22 1.8185 4.9055 5.3985
22 1.8132 4.9066 5.3953
22 1.8274 4.9047 5.4203
23 1.8221 4.9030 5.4279
23 1.8231 4.9013 5.4249
23 1.8239 4.8953 5.4493
23 1.8188 4.9074 5.4734
23 1.8728 4.9359 5.4973
23 1.8730 4.9414 5.5044
23 1.8730 4.9470 5.5278
23 1.8679 4.9486 5.5509
24 1.8627 4.9450 5.5577
25 1.8661 4.9397 5.5803
25 1.8662 4.9329 5.6028
25 1.8788 4.9388 5.6093
25 1.8903 4.9380 5.6313
25 1.8853 4.9316 5.6318
25 1.8853 4.9270 5.6535
25 1.8850 4.9266 5.6476
26 1.8803 4.9194 5.6446
26 1.8799 4.9170 5.6368
26 1.8793 4.9114 5.6433
26 1.8900 4.9380 5.6645
26 1.8855 4.9442 5.6653
26 1.8809 4.9503 5.6862
26 1.8763 4.9503 5.6809
27 1.8801 4.9529 5.7015
27 1.8834 4.9510 5.7219
27 1.8831 4.9460 5.7227
27 1.8826 4.9462 5.7428
27 1.8925 4.9446 5.7488
27 1.8883 4.9450 5.7548
27 1.8840 4.9419 5.7478
28 1.8836 4.9449 5.7674
28 1.8830 4.9480 5.7683
28 1.8823 4.9425 5.7692
28 1.8814 4.9414 5.7701
28 1.8775 4.9387 5.7894
28 1.8735 4.9347 5.7812
28 1.8727 4.9286 5.7790
28 1.8717 4.9263 5.7769
28 1.8706 4.9274 5.7830
28 1.8694 4.9286 5.7810
28 1.8787 4.9264 5.7823
29 1.8751 4.9219 5.7763
29 1.8715 4.9287 5.7777
29 1.8678 4.9324 5.7761
29 1.8641 4.9292 5.7745
29 1.8681 4.9307 5.7930
29 1.8717 4.9265 5.8114
29 1.8708 4.9263 5.8128
29 1.8698 4.9224 5.8309
29 1.8786 4.9458 5.8489
30 1.8751 4.9457 5.8451
30 1.8716 4.9409 5.8414
30 1.8707 4.9640 5.8591
30 1.8696 4.9677 5.8767
30 1.8685 4.9905 5.8941
30 1.8672 4.9903 5.8904
30 1.8640 4.9888 5.8851
30 1.8608 4.9834 5.8799
31 1.8596 4.9943 5.8857
31 1.8583 4.9929 5.8806
31 1.8569 5.0038 5.8864
31 1.8555 5.0054 5.8922
31 1.8639 5.0072 5.9091
31 1.8609 5.0290 5.9259
31 1.8579 5.0506 5.9426
31 1.8548 5.0568 5.9591
31 1.8518 5.0568 5.9577
32 1.8487 5.0780 5.9740
32 1.8455 5.0756 5.9794
32 1.8424 5.0732 5.9733
32 1.8392 5.0675 5.9672
32 1.8472 5.0884 5.9833
32 1.8440 5.0872 5.9847
32 1.8431 5.0873 5.9861
32 1.8421 5.0826 5.9831
33 1.8390 5.0805 5.9885
33 1.8380 5.0752 5.9841
33 1.8370 5.0743 5.9831
33 1.8446 5.0706 5.9988
33 1.8517 5.0687 5.9978
34 1.8560 5.0652 6.0134
34 1.8549 5.0645 6.0149
34 1.8537 5.0628 6.0121
34 1.8525 5.0603 6.0068
34 1.8497 5.0550 6.0015
34 1.8469 5.0498 5.9953
34 1.8458 5.0467 5.9892
34 1.8430 5.0444 5.9910
34 1.8418 5.0431 5.9904
34 1.8487 5.0418 5.9899
35 1.8460 5.0519 5.9954
35 1.8433 5.0498 5.9932
35 1.8686 5.0694 6.0083
35 1.8658 5.0658 6.0101
35 1.8630 5.0606 6.0045
35 1.8601 5.0554 5.9980
35 1.8666 5.0654 6.0035
36 1.8637 5.0620 5.9981
36 1.8627 5.0594 5.9961
36 1.8669 5.0785 6.0109
36 1.8659 5.0747 6.0047
36 1.8631 5.0693 5.9979
37 1.8621 5.0650 5.9912
37 1.8610 5.0619 5.9881
37 1.8672 5.0568 6.0028
37 1.8712 5.0532 6.0083
38 1.8686 5.0575 6.0139
38 1.8725 5.0672 6.0194
38 1.8698 5.0858 6.0338
38 1.9025 5.0883 6.0480
38 1.8998 5.0861 6.0463
38 1.8970 5.0957 6.0604
38 1.8959 5.0941 6.0575
38 1.8948 5.0889 6.0535
38 1.8921 5.0915 6.0556
39 1.8894 5.0894 6.0556
39 1.8867 5.0888 6.0528
39 1.8857 5.0834 6.0481
39 1.8846 5.0815 6.0444
39 1.8820 5.0802 6.0407
39 1.8793 5.0778 6.0381
40 1.8766 5.0753 6.0368
40 1.8963 5.0736 6.0507
40 1.9001 5.0707 6.0561
40 1.8973 5.0770 6.0614
40 1.9199 5.0864 6.0751
40 1.9189 5.0854 6.0804
41 1.9178 5.0821 6.0791
41 1.9166 5.0884 6.0925
41 1.9154 5.0868 6.0947
41 1.9142 5.0846 6.0904
41 1.9130 5.0825 6.0907
41 1.9117 5.0824 6.0909
41 1.9103 5.0798 6.0861
41 1.9161 5.0778 6.0993
41 1.9216 5.0841 6.1125
42 1.9202 5.0884 6.1256
42 1.9189 5.0902 6.1307
42 1.9174 5.0945 6.1328
42 1.9211 5.0920 6.1379
42 1.9196 5.0949 6.1430
42 1.9231 5.1118 6.1558
42 1.9217 5.1094 6.1609
42 1.9202 5.1112 6.1597
43 1.9187 5.1129 6.1599
43 1.9220 5.1101 6.1726
43 1.9205 5.1074 6.1747
43 1.9237 5.1240 6.1872
43 1.9222 5.1194 6.1826
43 1.9206 5.1164 6.1774
43 1.9190 5.1137 6.1763
43 1.9174 5.1132 6.1753
43 1.9206 5.1296 6.1877
43 1.9236 5.1458 6.2000
43 1.9220 5.1452 6.2123
44 1.9203 5.1436 6.2125
44 1.9187 5.1390 6.2075
44 1.9170 5.1369 6.2046
44 1.9200 5.1340 6.2094
44 1.9228 5.1500 6.2215
44 1.9211 5.1560 6.2263
44 1.9194 5.1527 6.2266
44 1.9221 5.1614 6.2386
44 1.9204 5.1700 6.2505
44 1.9187 5.1680 6.2495
44 1.9170 5.1689 6.2485
44 1.9196 5.1708 6.2475
45 1.9179 5.1766 6.2496
45 1.9161 5.1784 6.2543
45 1.9144 5.1826 6.2564
45 1.9126 5.1844 6.2585
45 1.9108 5.1885 6.2701
45 1.9089 5.1926 6.2721
45 1.9071 5.1983 6.2837
45 1.9053 5.2011 6.2840
45 1.9079 5.2069 6.2955
46 1.9105 5.2220 6.3069
46 1.9129 5.2229 6.3182
46 1.9152 5.2247 6.3201
46 1.9175 5.2287 6.3314
46 1.9196 5.2296 6.3426
46 1.9217 5.2378 6.3537
47 1.9367 5.2381 6.3648
47 1.9419 5.2408 6.3666
47 1.9406 5.2555 6.3776
47 1.9456 5.2564 6.3794
50 1.9621 5.2591 6.3903
50 1.9768 5.2588 6.4012
50 1.9903 5.2734 6.4120
50 1.9884 5.2691 6.4069
50 1.9866 5.2708 6.4111
50 1.9847 5.2726 6.4153
50 1.9829 5.2753 6.4155
51 1.9810 5.2791 6.4157
51 1.9791 5.2770 6.4138
51 1.9771 5.2746 6.4119
51 1.9752 5.2726 6.4086
51 1.9733 5.2684 6.4034
51 1.9713 5.2661 6.4008
51 1.9694 5.2617 6.3953
51 1.9674 5.2594 6.3916
51 1.9722 5.2593 6.3908
52 1.9702 5.2568 6.3884
52 1.9682 5.2596 6.3876
52 1.9662 5.2571 6.3846
52 1.9642 5.2544 6.3816
52 1.9622 5.2520 6.3776
52 1.9602 5.2476 6.3721
52 1.9582 5.2453 6.3677
52 1.9562 5.2433 6.3662
53 1.9541 5.2429 6.3648
53 1.9521 5.2385 6.3591
53 1.9500 5.2376 6.3570
53 1.9480 5.2354 6.3549
53 1.9526 5.2394 6.3570
53 1.9506 5.2370 6.3525
53 1.9485 5.2358 6.3498
53 1.9464 5.2334 6.3472
54 1.9444 5.2319 6.3441
54 1.9423 5.2293 6.3393
54 1.9402 5.2267 6.3363
54 1.9381 5.2224 6.3307
54 1.9360 5.2196 6.3257
54 1.9339 5.2174 6.3218
54 1.9318 5.2130 6.3161
54 1.9297 5.2106 6.3132
55 1.9276 5.2081 6.3091
55 1.9321 5.2085 6.3089
55 1.9300 5.2064 6.3061
55 1.9279 5.2038 6.3018
55 1.9258 5.2012 6.2985
55 1.9237 5.1984 6.2939
55 1.9216 5.1961 6.2908
55 1.9194 5.1934 6.2873
55 1.9173 5.1957 6.2864
56 1.9152 5.1932 6.2830
56 1.9130 5.1955 6.2830
56 1.9109 5.1971 6.2815
56 1.9088 5.1987 6.2840
56 1.9066 5.2004 6.2832
56 1.9111 5.2080 6.2878
56 1.9090 5.2096 6.2903
56 1.9068 5.2227 6.3004
56 1.9047 5.2237 6.2984
57 1.9025 5.2211 6.2948
57 1.9004 5.2266 6.3048
57 1.8983 5.2238 6.3003
57 1.8961 5.2198 6.2950
57 1.8940 5.2173 6.2905
57 1.8918 5.2150 6.2877
57 1.8897 5.2161 6.2864
57 1.8875 5.2202 6.2910
58 1.8854 5.2175 6.2871
58 1.8898 5.2229 6.2917
58 1.8876 5.2235 6.2894
58 1.8855 5.2223 6.2867
58 1.8833 5.2200 6.2837
58 1.8812 5.2185 6.2807
58 1.8790 5.2160 6.2762
58 1.8769 5.2135 6.2728
59 1.8748 5.2096 6.2677
59 1.8726 5.2070 6.2631
59 1.8705 5.2043 6.2587
59 1.8683 5.2005 6.2535
59 1.8662 5.1981 6.2504
59 1.8640 5.1953 6.2459
59 1.8684 5.1957 6.2456
59 1.8662 5.1932 6.2419
59 1.8641 5.1935 6.2465
60 1.8619 5.1921 6.2435
60 1.8598 5.1921 6.2461
60 1.8577 5.1897 6.2428
60 1.8555 5.1881 6.2395
60 1.8534 5.1855 6.2350
60 1.8513 5.1829 6.2315
60 1.8492 5.1792 6.2264
60 1.8470 5.1765 6.2218
61 1.8449 5.1739 6.2174
61 1.8428 5.1701 6.2123
61 1.8470 5.1706 6.2122
61 1.8472 5.1684 6.2115
61 1.8474 5.1656 6.2114
62 1.8590 5.1633 6.2211
62 1.8631 5.1687 6.2307
62 1.8610 5.1686 6.2300
63 1.8589 5.1674 6.2307
63 1.8568 5.1693 6.2306
63 1.8595 5.1665 6.2401
63 1.8574 5.1787 6.2497
63 1.8553 5.1807 6.2524
63 1.8532 5.1803 6.2570
63 1.8511 5.1791 6.2576
63 1.8490 5.1785 6.2552
63 1.8470 5.1782 6.2540
64 1.8449 5.1775 6.2567
64 1.8428 5.1769 6.2551
64 1.8407 5.1761 6.2525
64 1.8447 5.1776 6.2540
64 1.8427 5.1741 6.2491
64 1.8406 5.1716 6.2447
64 1.8385 5.1835 6.2540
64 1.8412 5.1954 6.2633
64 1.8392 5.1939 6.2602
65 1.8371 5.1939 6.2618
65 1.8350 5.1992 6.2645
65 1.8330 5.2032 6.2672
65 1.8309 5.2102 6.2764
65 1.8289 5.2099 6.2771
65 1.8268 5.2151 6.2815
65 1.8248 5.2183 6.2830
65 1.8287 5.2186 6.2825
66 1.8267 5.2218 6.2840
66 1.8246 5.2205 6.2840
66 1.8273 5.2274 6.2931
66 1.8253 5.2289 6.2925
66 1.8233 5.2303 6.2925
66 1.8212 5.2317 6.2941
66 1.8192 5.2310 6.2956
66 1.8172 5.2298 6.2956
67 1.8152 5.2288 6.2929
67 1.8132 5.2299 6.2936
67 1.8111 5.2287 6.2907
67 1.8091 5.2274 6.2902
67 1.8130 5.2306 6.2918
67 1.8110 5.2297 6.2925
67 1.8090 5.2284 6.2894
67 1.8070 5.2269 6.2885
67 1.8050 5.2254 6.2853
68 1.8030 5.2244 6.2854
68 1.8010 5.2228 6.2841
68 1.7990 5.2235 6.2842
68 1.7970 5.2223 6.2838
68 1.7950 5.2234 6.2834
68 1.7931 5.2239 6.2831
68 1.7911 5.2250 6.2822
68 1.7891 5.2258 6.2814
68 1.7929 5.2262 6.2811
69 1.7909 5.2250 6.2807
69 1.7890 5.2245 6.2792
69 1.7870 5.2230 6.2759
69 1.7850 5.2222 6.2741
69 1.7831 5.2206 6.2726
69 1.7811 5.2190 6.2692
69 1.7792 5.2177 6.2685
69 1.7772 5.2160 6.2667
70 1.7753 5.2163 6.2660
70 1.7733 5.2149 6.2649
70 1.7714 5.2154 6.2639
70 1.7694 5.2154 6.2628
70 1.7732 5.2157 6.2622
70 1.7712 5.2127 6.2580
70 1.7693 5.2105 6.2546
70 1.7674 5.2076 6.2503
70 1.7702 5.2084 6.2590
71 1.7682 5.2067 6.2568
71 1.7663 5.2045 6.2533
71 1.7644 5.2029 6.2507
71 1.7625 5.2011 6.2483
71 1.7606 5.2020 6.2470
71 1.7587 5.2003 6.2443
71 1.7568 5.2016 6.2438
72 1.7549 5.2022 6.2422
72 1.7586 5.2043 6.2466
72 1.7567 5.2060 6.2484
72 1.7548 5.2049 6.2459
72 1.7529 5.2033 6.2434
72 1.7510 5.2021 6.2408
72 1.7538 5.2086 6.2452
72 1.7519 5.2068 6.2417
72 1.7500 5.2050 6.2391
72 1.7481 5.2022 6.2350
73 1.7463 5.2003 6.2315
73 1.7444 5.1981 6.2281
73 1.7425 5.1952 6.2239
73 1.7407 5.1934 6.2216
73 1.7388 5.1912 6.2181
73 1.7484 5.1917 6.2266
73 1.7466 5.1922 6.2250
73 1.7447 5.1986 6.2293
73 1.7428 5.1981 6.2277
73 1.7410 5.1961 6.2242
73 1.7391 5.1948 6.2212
74 1.7373 5.1997 6.2241
74 1.7354 5.1990 6.2223
74 1.7336 5.1961 6.2182
74 1.7317 5.1947 6.2167
74 1.7299 5.1927 6.2131
74 1.7280 5.1913 6.2101
74 1.7262 5.1891 6.2067
74 1.7244 5.1880 6.2057
74 1.7225 5.1852 6.2017
74 1.7207 5.1837 6.2000
74 1.7297 5.1840 6.2083
74 1.7279 5.1823 6.2060
74 1.7260 5.1824 6.2051
74 1.7242 5.1803 6.2017
74 1.7224 5.1791 6.2005
74 1.7206 5.1777 6.1981
74 1.7187 5.1783 6.1973
75 1.7169 5.1765 6.1949
75 1.7151 5.1765 6.1938
75 1.7179 5.1766 6.1950
75 1.7191 5.1830 6.2033
75 1.7201 5.1838 6.2076
75 1.7212 5.1877 6.2158
75 1.7222 5.1863 6.2160
75 1.7233 5.1866 6.2189
75 1.7243 5.1866 6.2270
76 1.7270 5.1898 6.2351
76 1.7354 5.1883 6.2431
76 1.7363 5.1931 6.2474
76 1.7443 5.1937 6.2554
76 1.7470 5.2037 6.2634
76 1.7452 5.2020 6.2609
76 1.7435 5.2035 6.2621
77 1.7417 5.2046 6.2615
77 1.7399 5.2050 6.2599
77 1.7382 5.2033 6.2573
77 1.7364 5.2015 6.2548
77 1.7441 5.2030 6.2627
77 1.7423 5.2009 6.2594
77 1.7406 5.1983 6.2555
77 1.7479 5.1977 6.2597
77 1.7488 5.2024 6.2676
77 1.7471 5.2007 6.2643
77 1.7453 5.1989 6.2616
78 1.7436 5.1992 6.2622
78 1.7419 5.1983 6.2600
78 1.7445 5.2030 6.2628
78 1.7427 5.2023 6.2626
78 1.7410 5.2028 6.2622
78 1.7393 5.2030 6.2611
78 1.7376 5.2029 6.2599
78 1.7358 5.2018 6.2587
78 1.7428 5.2017 6.2628
79 1.7411 5.2004 6.2612
79 1.7394 5.1993 6.2584
79 1.7404 5.2019 6.2626
79 1.7387 5.2014 6.2610
79 1.7370 5.2006 6.2605
79 1.7352 5.2004 6.2591
79 1.7388 5.2042 6.2668
79 1.7371 5.2043 6.2657
79 1.7397 5.2103 6.2698
79 1.7380 5.2106 6.2691
80 1.7363 5.2090 6.2667
80 1.7346 5.2116 6.2679
80 1.7329 5.2096 6.2647
80 1.7312 5.2087 6.2641
80 1.7295 5.2063 6.2605
80 1.7279 5.2065 6.2596
80 1.7262 5.2048 6.2564
80 1.7245 5.2048 6.2551
80 1.7228 5.2036 6.2531
80 1.7212 5.2033 6.2516
80 1.7195 5.2025 6.2495
80 1.7178 5.2015 6.2482
80 1.7162 5.2016 6.2486
80 1.7145 5.2004 6.2469
80 1.7129 5.2042 6.2489
80 1.7112 5.2031 6.2463
81 1.7096 5.2015 6.2439
81 1.7079 5.2011 6.2423
81 1.7063 5.2042 6.2437
81 1.7046 5.2030 6.2410
81 1.7030 5.2030 6.2410
81 1.7014 5.2018 6.2393
81 1.7049 5.2036 6.2421
81 1.7032 5.2028 6.2400
81 1.7016 5.2017 6.2386
81 1.7000 5.2001 6.2356
81 1.6984 5.1989 6.2329
81 1.6967 5.1966 6.2295
81 1.6951 5.1953 6.2276
81 1.6935 5.1936 6.2246
81 1.6919 5.1923 6.2218
81 1.6903 5.1906 6.2189
81 1.6887 5.1895 6.2175
82 1.6871 5.1872 6.2141
82 1.6855 5.1859 6.2122
82 1.6839 5.1844 6.2099
82 1.6823 5.1839 6.2083
82 1.6807 5.1822 6.2054
82 1.6791 5.1810 6.2038
82 1.6856 5.1817 6.2079
82 1.6840 5.1803 6.2057
82 1.6824 5.1803 6.2045
82 1.6808 5.1788 6.2022
82 1.6792 5.1783 6.2006
82 1.6776 5.1788 6.1994
82 1.6761 5.1790 6.1986
82 1.6745 5.1776 6.1963
82 1.6729 5.1775 6.1950
82 1.6756 5.1780 6.1965
82 1.6740 5.1838 6.2006
82 1.6724 5.1831 6.2000
83 1.6709 5.1862 6.2021
83 1.6693 5.1859 6.2007
83 1.6677 5.1843 6.1979
83 1.6662 5.1831 6.1953
83 1.6646 5.1858 6.1967
83 1.6631 5.1853 6.1953
83 1.6615 5.1832 6.1921
83 1.6600 5.1889 6.1994
83 1.6584 5.1873 6.1965
83 1.6569 5.1860 6.1938
83 1.6554 5.1843 6.1910
83 1.6538 5.1832 6.1895
83 1.6523 5.1811 6.1863
83 1.6508 5.1856 6.1904
83 1.6570 5.1857 6.1932
84 1.6554 5.1842 6.1910
84 1.6539 5.1837 6.1894
84 1.6524 5.1820 6.1866
84 1.6509 5.1809 6.1850
84 1.6493 5.1795 6.1828
84 1.6478 5.1794 6.1815
84 1.6463 5.1779 6.1792
84 1.6448 5.1773 6.1775
84 1.6474 5.1773 6.1786
84 1.6487 5.1810 6.1814
84 1.6500 5.1812 6.1843
84 1.6513 5.1834 6.1871
84 1.6525 5.1820 6.1875
84 1.6537 5.1818 6.1896
84 1.6549 5.1832 6.1967
85 1.6609 5.1818 6.2007
85 1.6620 5.1848 6.2028
85 1.6678 5.1849 6.2068
85 1.6734 5.1868 6.2107
87 1.6768 5.1853 6.2178
87 1.6801 5.1847 6.2218
87 1.6834 5.1859 6.2232
87 1.6819 5.1895 6.2272
87 1.6804 5.1880 6.2249
87 1.6789 5.1911 6.2276
88 1.6774 5.1896 6.2255
88 1.6914 5.1881 6.2324
88 1.7022 5.1907 6.2394
88 1.7119 5.1887 6.2464
88 1.7208 5.1909 6.2502
88 1.7291 5.1889 6.2541
88 1.7370 5.1908 6.2569
88 1.7444 5.1893 6.2607
88 1.7516 5.1909 6.2627
88 1.7547 5.1919 6.2637
88 1.7531 5.1955 6.2664
88 1.7516 5.1944 6.2647
89 1.7500 5.1975 6.2667
89 1.7485 5.1969 6.2649
89 1.7553 5.1958 6.2718
89 1.7619 5.1984 6.2786
89 1.7682 5.1973 6.2854
89 1.7743 5.1995 6.2892
89 1.7802 5.1983 6.2930
89 1.7860 5.2002 6.2956
89 1.7915 5.1991 6.2994
89 1.7945 5.1971 6.3032
89 1.7999 5.1987 6.3051
89 1.8028 5.1987 6.3051
90 1.8013 5.2070 6.3118
90 1.7997 5.2154 6.3185
90 1.7981 5.2207 6.3222
90 1.7966 5.2290 6.3289
90 1.8018 5.2343 6.3355
90 1.8069 5.2385 6.3421
90 1.8119 5.2467 6.3488
90 1.8168 5.2502 6.3524
90 1.8215 5.2555 6.3561
90 1.8261 5.2584 6.3586
91 1.8306 5.2625 6.3623
91 1.8335 5.2613 6.3688
91 1.8379 5.2638 6.3707
91 1.8406 5.2653 6.3725
91 1.8391 5.2648 6.3707
91 1.8375 5.2635 6.3689
91 1.8359 5.2628 6.3674
91 1.8344 5.2622 6.3656
91 1.8328 5.2616 6.3637
91 1.8313 5.2603 6.3619
91 1.8297 5.2590 6.3592
91 1.8282 5.2587 6.3579
91 1.8325 5.2579 6.3643
91 1.8367 5.2573 6.3708
91 1.8408 5.2566 6.3773
91 1.8449 5.2553 6.3798
91 1.8488 5.2555 6.3862
91 1.8527 5.2545 6.3926
91 1.8565 5.2538 6.3962
91 1.8602 5.2525 6.3980
92 1.8639 5.2526 6.4015
92 1.8674 5.2516 6.4051
92 1.8710 5.2508 6.4075
92 1.8744 5.2494 6.4088
92 1.8778 5.2486 6.4123
92 1.8811 5.2479 6.4158
92 1.8844 5.2471 6.4176
92 1.8876 5.2457 6.4184
92 1.8902 5.2498 6.4247
92 1.8928 5.2503 6.4250
92 1.8913 5.2537 6.4284
92 1.8897 5.2588 6.4319
92 1.8882 5.2617 6.4344
92 1.8866 5.2695 6.4406
92 1.8898 5.2736 6.4468
93 1.8929 5.2760 6.4492
93 1.8959 5.2839 6.4555
93 1.9007 5.2828 6.4617
93 1.9037 5.2849 6.4634
93 1.9066 5.2899 6.4668
93 1.9095 5.2917 6.4680
93 1.9123 5.2951 6.4714
93 1.9148 5.2951 6.4775
93 1.9157 5.2936 6.4775
93 1.9185 5.2952 6.4782
93 1.9210 5.2976 6.4816
94 1.9231 5.2975 6.4850
94 1.9253 5.3052 6.4911
94 1.9277 5.3044 6.4972
94 1.9301 5.3084 6.5033
94 1.9324 5.3133 6.5093
94 1.9333 5.3132 6.5095
94 1.9342 5.3181 6.5155
94 1.9350 5.3194 6.5215
95 1.9359 5.3181 6.5232
95 1.9367 5.3221 6.5265
95 1.9375 5.3297 6.5325
95 1.9396 5.3329 6.5347
95 1.9404 5.3349 6.5407
95 1.9412 5.3341 6.5418
95 1.9419 5.3417 6.5478
95 1.9427 5.3403 6.5477
95 1.9434 5.3452 6.5509
95 1.9442 5.3527 6.5568
95 1.9462 5.3526 6.5572
96 1.9469 5.3513 6.5574
96 1.9476 5.3533 6.5606
96 1.9483 5.3560 6.5665
96 1.9490 5.3542 6.5664
96 1.9496 5.3541 6.5679
96 1.9503 5.3616 6.5738
96 1.9523 5.3629 6.5745
96 1.9529 5.3616 6.5756
96 1.9535 5.3613 6.5767
96 1.9541 5.3687 6.5825
97 1.9547 5.3692 6.5883
97 1.9553 5.3709 6.5899
97 1.9559 5.3740 6.5957
97 1.9579 5.3743 6.5964
97 1.9584 5.3730 6.5960
97 1.9590 5.3753 6.5992
97 1.9595 5.3801 6.6050
97 1.9600 5.3811 6.6081
97 1.9605 5.3806 6.6082
97 1.9610 5.3879 6.6139
97 1.9630 5.3899 6.6155
97 1.9635 5.3902 6.6186
97 1.9639 5.3939 6.6243
97 1.9644 5.3970 6.6300
97 1.9649 5.4007 6.6357
98 1.9653 5.4020 6.6388
98 1.9657 5.4036 6.6409
98 1.9662 5.4062 6.6440
98 1.9666 5.4099 6.6496
98 1.9670 5.4108 6.6518
98 1.9674 5.4145 6.6548
98 1.9660 5.4142 6.6547
98 1.9646 5.4189 6.6603
98 1.9633 5.4180 6.6587
98 1.9652 5.4174 6.6608
98 1.9638 5.4221 6.6664
98 1.9657 5.4237 6.6674
99 1.9661 5.4228 6.6688
99 1.9665 5.4300 6.6744
99 1.9669 5.4287 6.6750
99 1.9672 5.4309 6.6771
99 1.9691 5.4339 6.6792
99 1.9694 5.4375 6.6822
99 1.9681 5.4373 6.6808
100 1.9699 5.4364 6.6829
100 1.9686 5.4354 6.6813
100 1.9689 5.4399 6.6843
100 1.9707 5.4445 6.6873
100 1.9711 5.4434 6.6887
100 1.9714 5.4480 6.6917
100 1.9732 5.4466 6.6947
100 1.9735 5.4453 6.6944
100 1.9738 5.4471 6.6958
100 1.9756 5.4497 6.6972
100 1.9759 5.4479 6.6969
100 1.9762 5.4469 6.6963
100 1.9765 5.4494 6.6993
101 1.9752 5.4480 6.6968
101 1.9739 5.4472 6.6950
101 1.9726 5.4455 6.6923
101 1.9713 5.4485 6.6953
101 1.9716 5.4554 6.7007
101 1.9733 5.4584 6.7037
101 1.9736 5.4566 6.7032
101 1.9739 5.4563 6.7038
101 1.9741 5.4607 6.7067
101 1.9744 5.4595 6.7071
101 1.9746 5.4589 6.7069
101 1.9749 5.4599 6.7099
101 1.9766 5.4624 6.7113
102 1.9753 5.4649 6.7133
102 1.9755 5.4631 6.7126
102 1.9743 5.4627 6.7112
102 1.9745 5.4648 6.7142
102 1.9733 5.4684 6.7195
102 1.9720 5.4675 6.7177
102 1.9708 5.4667 6.7159
102 1.9695 5.4653 6.7142
102 1.9697 5.4697 6.7171
102 1.9714 5.4707 6.7174
102 1.9702 5.4697 6.7159
102 1.9704 5.4694 6.7158
102 1.9692 5.4683 6.7136
102 1.9694 5.4718 6.7156
102 1.9682 5.4715 6.7143
103 1.9684 5.4707 6.7146
103 1.9671 5.4742 6.7199
103 1.9674 5.4810 6.7252
103 1.9690 5.4808 6.7253
103 1.9692 5.4799 6.7263
103 1.9680 5.4786 6.7238
103 1.9668 5.4774 6.7216
103 1.9684 5.4841 6.7268
103 1.9686 5.4833 6.7269
103 1.9728 5.4900 6.7322
103 1.9769 5.4913 6.7342
104 1.9771 5.4896 6.7334
104 1.9787 5.4891 6.7386
104 1.9789 5.4958 6.7438
104 1.9791 5.4972 6.7467
105 1.9831 5.4967 6.7519
105 1.9853 5.4949 6.7538
105 1.9855 5.4949 6.7548
105 1.9876 5.4983 6.7600
105 1.9897 5.4991 6.7609
106 1.9918 5.4979 6.7661
106 1.9939 5.4973 6.7712
106 1.9959 5.5008 6.7764
106 1.9979 5.5010 6.7763
107 2.0017 5.5031 6.7814
107 2.0055 5.5027 6.7865
107 2.0092 5.5070 6.7916
107 2.0128 5.5136 6.7967
107 2.0164 5.5201 6.8018
107 2.0199 5.5267 6.8069
107 2.0200 5.5285 6.8096
107 2.0202 5.5280 6.8102
107 2.0203 5.5314 6.8130
107 2.0204 5.5356 6.8180
107 2.0205 5.5398 6.8231
107 2.0207 5.5440 6.8281
107 2.0226 5.5447 6.8284
108 2.0241 5.5462 6.8334
108 2.0257 5.5457 6.8384
108 2.0272 5.5485 6.8434
108 2.0286 5.5549 6.8484
108 2.0301 5.5614 6.8533
108 2.0315 5.5647 6.8583
108 2.0330 5.5652 6.8596
109 2.0344 5.5672 6.8645
109 2.0357 5.5736 6.8695
109 2.0371 5.5760 6.8722
109 2.0384 5.5824 6.8771
109 2.0398 5.5865 6.8798
109 2.0411 5.5928 6.8847
109 2.0424 5.5970 6.8873
109 2.0425 5.6033 6.8922
109 2.0426 5.6027 6.8924
109 2.0427 5.6047 6.8942
109 2.0428 5.6087 6.8991
109 2.0428 5.6120 6.9040
109 2.0429 5.6146 6.9066
109 2.0430 5.6187 6.9092
109 2.0431 5.6180 6.9092
109 2.0431 5.6197 6.9104
109 2.0432 5.6229 6.9130
109 2.0432 5.6256 6.9156
109 2.0433 5.6278 6.9174
109 2.0433 5.6310 6.9192
109 2.0433 5.6303 6.9190
109 2.0433 5.6317 6.9198
109 2.0434 5.6343 6.9215
109 2.0434 5.6375 6.9241
109 2.0434 5.6394 6.9253
109 2.0467 5.6398 6.9279
110 2.0467 5.6424 6.9305
110 2.0467 5.6434 6.9353
110 2.0467 5.6461 6.9370
110 2.0467 5.6500 6.9418
110 2.0466 5.6527 6.9435
110 2.0466 5.6588 6.9482
110 2.0466 5.6585 6.9508
110 2.0465 5.6602 6.9555
110 2.0465 5.6591 6.9563
110 2.0464 5.6603 6.9568
110 2.0464 5.6634 6.9593
110 2.0463 5.6695 6.9640
110 2.0463 5.6756 6.9687
110 2.0462 5.6770 6.9712
110 2.0461 5.6759 6.9717
110 2.0461 5.6769 6.9719
110 2.0460 5.6795 6.9736
110 2.0459 5.6834 6.9761
110 2.0458 5.6873 6.9786
111 2.0457 5.6885 6.9803
111 2.0456 5.6873 6.9805
111 2.0455 5.6882 6.9804
111 2.0454 5.6903 6.9816
111 2.0453 5.6934 6.9833
111 2.0451 5.6965 6.9850
111 2.0483 5.6983 6.9896
111 2.0482 5.6994 6.9913
111 2.0481 5.6982 6.9907
111 2.0480 5.6995 6.9915
111 2.0478 5.7055 6.9961
111 2.0477 5.7080 6.9972
111 2.0475 5.7140 7.0019
111 2.0474 5.7140 7.0064
111 2.0472 5.7136 7.0060
112 2.0471 5.7146 7.0072
112 2.0483 5.7135 7.0096
112 2.0496 5.7147 7.0142
112 2.0509 5.7168 7.0167
112 2.0521 5.7227 7.0212
112 2.0533 5.7287 7.0258
112 2.0545 5.7317 7.0303
112 2.0557 5.7304 7.0319
112 2.0569 5.7313 7.0344
112 2.0580 5.7372 7.0389
112 2.0592 5.7393 7.0434
112 2.0603 5.7452 7.0479
112 2.0614 5.7511 7.0524
113 2.0633 5.7520 7.0569
113 2.0644 5.7528 7.0593
113 2.0662 5.7519 7.0617
113 2.0680 5.7540 7.0662
113 2.0697 5.7577 7.0706
113 2.0715 5.7595 7.0751
113 2.0732 5.7619 7.0796
113 2.0749 5.7634 7.0802
114 2.0748 5.7642 7.0813
114 2.0746 5.7636 7.0814
114 2.0744 5.7642 7.0812
114 2.0743 5.7672 7.0835
114 2.0741 5.7692 7.0851
114 2.0739 5.7729 7.0895
114 2.0737 5.7720 7.0899
114 2.0735 5.7707 7.0892
114 2.0734 5.7715 7.0896
114 2.0732 5.7739 7.0911
114 2.0730 5.7754 7.0918
114 2.0728 5.7791 7.0942
114 2.0726 5.7781 7.0943
114 2.0724 5.7768 7.0935
114 2.0721 5.7774 7.0936
114 2.0719 5.7803 7.0960
114 2.0717 5.7816 7.0963
114 2.0715 5.7845 7.0979
114 2.0745 5.7844 7.0995
115 2.0743 5.7840 7.0989
115 2.0741 5.7829 7.0982
115 2.0738 5.7834 7.0981
115 2.0736 5.7852 7.0992
115 2.0734 5.7888 7.1035
115 2.0731 5.7945 7.1079
115 2.0729 5.7969 7.1122
115 2.0726 5.7960 7.1120
115 2.0724 5.7951 7.1124
115 2.0721 5.7968 7.1134
115 2.0719 5.8025 7.1177
115 2.0716 5.8053 7.1200
115 2.0713 5.8110 7.1243
115 2.0711 5.8100 7.1239
115 2.0708 5.8091 7.1240
115 2.0705 5.8106 7.1247
115 2.0702 5.8142 7.1270
115 2.0700 5.8165 7.1285
115 2.0697 5.8201 7.1308
115 2.0694 5.8192 7.1302
115 2.0691 5.8182 7.1302
115 2.0688 5.8194 7.1306
115 2.0685 5.8223 7.1321
115 2.0682 5.8243 7.1331
115 2.0679 5.8271 7.1346
115 2.0709 5.8294 7.1389
116 2.0706 5.8284 7.1388
116 2.0703 5.8271 7.1379
116 2.0699 5.8288 7.1394
116 2.0696 5.8311 7.1405
116 2.0693 5.8328 7.1415
116 2.0690 5.8347 7.1425
116 2.0687 5.8360 7.1467
116 2.0683 5.8348 7.1469
116 2.0680 5.8341 7.1468
116 2.0677 5.8345 7.1466
116 2.0674 5.8359 7.1472
116 2.0670 5.8373 7.1479
116 2.0667 5.8388 7.1486
116 2.0663 5.8375 7.1485
116 2.0660 5.8368 7.1483
116 2.0657 5.8371 7.1479
116 2.0653 5.8383 7.1483
116 2.0650 5.8396 7.1486
116 2.0646 5.8408 7.1490
117 2.0643 5.8395 7.1488
117 2.0639 5.8388 7.1484
117 2.0635 5.8390 7.1479
117 2.0632 5.8401 7.1481
117 2.0628 5.8411 7.1482
117 2.0624 5.8422 7.1484
117 2.0653 5.8424 7.1499
117 2.0650 5.8414 7.1492
117 2.0646 5.8405 7.1490
117 2.0642 5.8411 7.1505
117 2.0638 5.8420 7.1505
117 2.0634 5.8474 7.1546
117 2.0631 5.8509 7.1588
117 2.0627 5.8528 7.1610
117 2.0623 5.8513 7.1601
117 2.0619 5.8511 7.1605
117 2.0615 5.8521 7.1607
117 2.0611 5.8541 7.1617
117 2.0607 5.8575 7.1639
117 2.0603 5.8592 7.1646
118 2.0599 5.8576 7.1636
118 2.0595 5.8574 7.1638
118 2.0591 5.8583 7.1638
118 2.0587 5.8599 7.1644
118 2.0583 5.8626 7.1659
118 2.0579 5.8640 7.1663
118 2.0575 5.8625 7.1653
118 2.0571 5.8622 7.1652
118 2.0567 5.8629 7.1650
118 2.0563 5.8643 7.1654
118 2.0559 5.8666 7.1665
118 2.0554 5.8678 7.1666
118 2.0582 5.8688 7.1688
118 2.0578 5.8676 7.1685
118 2.0574 5.8668 7.1680
118 2.0570 5.8670 7.1674
118 2.0565 5.8682 7.1676
118 2.0561 5.8692 7.1677
118 2.0557 5.8726 7.1718
118 2.0552 5.8753 7.1759
119 2.0564 5.8742 7.1781
119 2.0575 5.8737 7.1791
119 2.0586 5.8737 7.1805
119 2.0597 5.8790 7.1846
119 2.0608 5.8809 7.1886
119 2.0618 5.8836 7.1908
119 2.0629 5.8852 7.1929
119 2.0639 5.8842 7.1939
119 2.0649 5.8833 7.1980
119 2.0660 5.8839 7.2020
119 2.0670 5.8846 7.2034
119 2.0679 5.8862 7.2056
119 2.0689 5.8915 7.2096
119 2.0699 5.8948 7.2136
120 2.0709 5.8964 7.2157
120 2.0736 5.8952 7.2197
120 2.0763 5.8942 7.2237
121 2.0758 5.8938 7.2230
121 2.0754 5.8960 7.2245
121 2.0770 5.8965 7.2284
121 2.0787 5.8971 7.2324
121 2.0796 5.8980 7.2338
121 2.0812 5.8988 7.2378
121 2.0828 5.8990 7.2377
122 2.0844 5.9001 7.2398
122 2.0859 5.8992 7.2412
122 2.0875 5.8997 7.2433
122 2.0890 5.9002 7.2454
122 2.0905 5.9053 7.2493
122 2.0920 5.9086 7.2533
122 2.0934 5.9113 7.2572
122 2.0930 5.9164 7.2611
122 2.0926 5.9190 7.2650
122 2.0921 5.9204 7.2659
122 2.0917 5.9219 7.2698
123 2.0913 5.9252 7.2719
123 2.0908 5.9274 7.2739
123 2.0901 5.9325 7.2778
123 2.0894 5.9340 7.2817
123 2.0887 5.9391 7.2855
123 2.0880 5.9442 7.2894
123 2.0876 5.9431 7.2893
123 2.0872 5.9425 7.2889
124 2.0868 5.9476 7.2928
124 2.0863 5.9485 7.2934
124 2.0859 5.9474 7.2932
124 2.0855 5.9468 7.2926
124 2.0848 5.9458 7.2910
124 2.0841 5.9468 7.2913
124 2.0834 5.9458 7.2897
124 2.0827 5.9471 7.2903
124 2.0842 5.9483 7.2941
124 2.0856 5.9496 7.2962
124 2.0852 5.9528 7.3000
124 2.0847 5.9541 7.3020
125 2.0843 5.9550 7.3020
125 2.0839 5.9554 7.3058
125 2.0834 5.9580 7.3078
125 2.0830 5.9591 7.3091
125 2.0823 5.9641 7.3129
125 2.0816 5.9659 7.3167
125 2.0831 5.9660 7.3205
125 2.0845 5.9668 7.3225
125 2.0838 5.9678 7.3263
125 2.0831 5.9689 7.3300
126 2.0827 5.9707 7.3338
126 2.0823 5.9715 7.3347
126 2.0818 5.9765 7.3385
126 2.0814 5.9773 7.3404
126 2.0810 5.9788 7.3424
126 2.0805 5.9795 7.3430
126 2.0799 5.9785 7.3413
126 2.0792 5.9796 7.3417
127 2.0785 5.9796 7.3407
127 2.0779 5.9803 7.3421
127 2.0793 5.9810 7.3440
127 2.0806 5.9814 7.3443
127 2.0802 5.9845 7.3481
127 2.0798 5.9860 7.3500
127 2.0807 5.9865 7.3537
127 2.0803 5.9871 7.3535
127 2.0799 5.9879 7.3548
127 2.0794 5.9864 7.3537
127 2.0790 5.9889 7.3557
127 2.0786 5.9902 7.3570
128 2.0779 5.9891 7.3551
128 2.0773 5.9899 7.3571
128 2.0766 5.9909 7.3590
128 2.0760 5.9921 7.3603
128 2.0773 5.9928 7.3616
128 2.0767 5.9933 7.3653
128 2.0760 5.9936 7.3690
128 2.0756 5.9945 7.3703
128 2.0765 5.9935 7.3722
128 2.0761 5.9984 7.3759
128 2.0771 5.9997 7.3772
128 2.0780 6.0003 7.3775
129 2.0776 6.0007 7.3783
129 2.0771 6.0000 7.3777
129 2.0767 6.0007 7.3783
129 2.0763 6.0015 7.3802
129 2.0756 6.0014 7.3792
129 2.0750 6.0029 7.3801
129 2.0743 6.0032 7.3797
129 2.0737 6.0026 7.3791
129 2.0733 6.0046 7.3804
129 2.0729 6.0057 7.3812
129 2.0724 6.0064 7.3825
129 2.0720 6.0070 7.3828
129 2.0716 6.0090 7.3841
129 2.0711 6.0099 7.3850
130 2.0707 6.0093 7.3844
130 2.0703 6.0098 7.3847
130 2.0698 6.0105 7.3859
130 2.0708 6.0107 7.3879
130 2.0703 6.0113 7.3887
130 2.0712 6.0117 7.3923
130 2.0722 6.0135 7.3959
130 2.0731 6.0143 7.3965
130 2.0726 6.0173 7.3984
130 2.0722 6.0171 7.3996
131 2.0717 6.0178 7.3996
131 2.0713 6.0178 7.4015
131 2.0709 6.0202 7.4027
131 2.0704 6.0199 7.4036
131 2.0698 6.0220 7.4072
131 2.0692 6.0219 7.4107
131 2.0706 6.0220 7.4143
131 2.0719 6.0228 7.4178
131 2.0732 6.0239 7.4214
131 2.0726 6.0286 7.4249
131 2.0720 6.0306 7.4285
132 2.0716 6.0306 7.4278
132 2.0712 6.0310 7.4275
132 2.0707 6.0330 7.4288
132 2.0703 6.0360 7.4323
132 2.0698 6.0359 7.4315
132 2.0694 6.0362 7.4311
132 2.0688 6.0374 7.4347
132 2.0682 6.0384 7.4382
133 2.0676 6.0388 7.4390
133 2.0670 6.0418 7.4425
133 2.0683 6.0424 7.4444
133 2.0696 6.0424 7.4441
133 2.0692 6.0441 7.4450
133 2.0688 6.0439 7.4468
133 2.0683 6.0448 7.4467
133 2.0679 6.0456 7.4486
133 2.0675 6.0471 7.4491
133 2.0670 6.0469 7.4503
134 2.0664 6.0488 7.4538
134 2.0659 6.0505 7.4573
134 2.0671 6.0517 7.4608
134 2.0684 6.0541 7.4642
134 2.0678 6.0546 7.4677
134 2.0673 6.0545 7.4712
134 2.0668 6.0556 7.4720
134 2.0664 6.0563 7.4719
134 2.0660 6.0567 7.4715
134 2.0655 6.0613 7.4749
135 2.0651 6.0622 7.4754
135 2.0646 6.0629 7.4752
135 2.0641 6.0632 7.4757
135 2.0635 6.0656 7.4775
135 2.0629 6.0666 7.4787
135 2.0623 6.0686 7.4821
135 2.0636 6.0694 7.4840
135 2.0649 6.0700 7.4842
135 2.0644 6.0717 7.4850
135 2.0640 6.0731 7.4884
136 2.0649 6.0750 7.4919
136 2.0645 6.0769 7.4937
136 2.0640 6.0781 7.4948
136 2.0636 6.0784 7.4943
136 2.0632 6.0798 7.4948
136 2.0627 6.0810 7.4966
136 2.0622 6.0809 7.5000
136 2.0616 6.0813 7.5018
136 2.0610 6.0811 7.5036
136 2.0605 6.0819 7.5054
136 2.0617 6.0848 7.5088
136 2.0611 6.0855 7.5122
136 2.0606 6.0860 7.5155
136 2.0602 6.0879 7.5189
137 2.0611 6.0882 7.5223
137 2.0606 6.0927 7.5256
137 2.0615 6.0943 7.5268
137 2.0624 6.0954 7.5280
137 2.0620 6.0973 7.5291
137 2.0616 6.0971 7.5303
137 2.0610 6.0987 7.5336
137 2.0619 6.1003 7.5354
137 2.0613 6.1005 7.5387
137 2.0622 6.1008 7.5405
137 2.0618 6.1018 7.5416
138 2.0613 6.1063 7.5449
138 2.0609 6.1068 7.5446
138 2.0605 6.1080 7.5448
138 2.0601 6.1078 7.5456
138 2.0596 6.1079 7.5451
138 2.0592 6.1081 7.5448
138 2.0588 6.1078 7.5455
138 2.0596 6.1092 7.5467
139 2.0592 6.1121 7.5484
139 2.0601 6.1125 7.5517
139 2.0609 6.1135 7.5550
139 2.0618 6.1133 7.5551
140 2.0630 6.1144 7.5584
140 2.0642 6.1160 7.5617
140 2.0654 6.1174 7.5650
140 2.0666 6.1183 7.5661
140 2.0675 6.1179 7.5672
140 2.0683 6.1168 7.5680
140 2.0691 6.1166 7.5687
140 2.0699 6.1167 7.5695
140 2.0707 6.1176 7.5702
140 2.0715 6.1187 7.5709
140 2.0723 6.1195 7.5717
141 2.0719 6.1190 7.5710
141 2.0715 6.1182 7.5706
141 2.0710 6.1184 7.5700
141 2.0706 6.1184 7.5694
141 2.0702 6.1188 7.5695
141 2.0697 6.1232 7.5727
141 2.0693 6.1227 7.5720
141 2.0689 6.1219 7.5715
141 2.0684 6.1220 7.5708
141 2.0680 6.1219 7.5701
141 2.0676 6.1223 7.5700
141 2.0671 6.1251 7.5717
141 2.0679 6.1295 7.5750
142 2.0687 6.1282 7.5782
142 2.0695 6.1279 7.5799
142 2.0702 6.1280 7.5816
142 2.0710 6.1294 7.5833
142 2.0717 6.1297 7.5850
142 2.0725 6.1303 7.5882
142 2.0732 6.1307 7.5899
142 2.0728 6.1312 7.5904
142 2.0723 6.1309 7.5901
142 2.0719 6.1313 7.5897
142 2.0715 6.1324 7.5902
142 2.0710 6.1331 7.5901
142 2.0706 6.1374 7.5933
142 2.0701 6.1378 7.5935
142 2.0697 6.1368 7.5927
142 2.0693 6.1371 7.5922
142 2.0688 6.1381 7.5925
142 2.0684 6.1386 7.5922
142 2.0679 6.1414 7.5939
142 2.0687 6.1457 7.5971
142 2.0682 6.1447 7.5966
143 2.0678 6.1442 7.5958
143 2.0685 6.1458 7.5990
143 2.0692 6.1460 7.6001
143 2.0699 6.1459 7.6005
143 2.0707 6.1463 7.6013
143 2.0714 6.1464 7.6024
143 2.0721 6.1462 7.6028
143 2.0716 6.1454 7.6022
143 2.0712 6.1447 7.6019
143 2.0719 6.1439 7.6036
143 2.0725 6.1439 7.6047
143 2.0732 6.1437 7.6049
143 2.0739 6.1445 7.6054
143 2.0745 6.1467 7.6070
143 2.0752 6.1485 7.6087
144 2.0759 6.1488 7.6098
145 2.0770 6.1478 7.6130
145 2.0782 6.1491 7.6161
145 2.0794 6.1492 7.6178
145 2.0805 6.1490 7.6189
145 2.0811 6.1494 7.6193
145 2.0823 6.1495 7.6204
145 2.0834 6.1492 7.6200
145 2.0830 6.1487 7.6192
145 2.0825 6.1509 7.6208
145 2.0821 6.1503 7.6199
145 2.0816 6.1521 7.6209
145 2.0823 6.1537 7.6241
145 2.0829 6.1547 7.6245
145 2.0835 6.1553 7.6250
145 2.0831 6.1543 7.6241
145 2.0827 6.1556 7.6248
145 2.0822 6.1559 7.6245
145 2.0818 6.1568 7.6245
146 2.0824 6.1595 7.6262
146 2.0820 6.1585 7.6252
146 2.0826 6.1585 7.6259
146 2.0821 6.1597 7.6264
146 2.0817 6.1599 7.6259
146 2.0813 6.1606 7.6258
146 2.0819 6.1634 7.6275
146 2.0814 6.1637 7.6275
146 2.0810 6.1679 7.6306
146 2.0805 6.1721 7.6337
146 2.0801 6.1724 7.6337
146 2.0807 6.1715 7.6347
146 2.0803 6.1742 7.6364
146 2.0798 6.1769 7.6380
146 2.0804 6.1770 7.6391
146 2.0810 6.1775 7.6407
146 2.0816 6.1778 7.6418
147 2.0812 6.1771 7.6411
147 2.0807 6.1773 7.6409
147 2.0803 6.1791 7.6416
147 2.0809 6.1785 7.6423
147 2.0804 6.1778 7.6416
147 2.0810 6.1793 7.6447
147 2.0816 6.1814 7.6478
147 2.0811 6.1816 7.6474
147 2.0807 6.1831 7.6479
147 2.0813 6.1846 7.6489
147 2.0808 6.1851 7.6494
147 2.0804 6.1892 7.6524
147 2.0799 6.1934 7.6555
148 2.0795 6.1938 7.6557
148 2.0800 6.1928 7.6562
148 2.0796 6.1954 7.6578
148 2.0791 6.1981 7.6594
148 2.0797 6.1982 7.6601
148 2.0803 6.1982 7.6608
148 2.0808 6.1979 7.6610
148 2.0804 6.1971 7.6609
148 2.0799 6.1992 7.6620
148 2.0795 6.1993 7.6614
148 2.0790 6.2034 7.6645
148 2.0796 6.2036 7.6655
148 2.0791 6.2028 7.6653
148 2.0787 6.2037 7.6654
148 2.0782 6.2037 7.6647
148 2.0778 6.2063 7.6663
148 2.0783 6.2070 7.6679
148 2.0779 6.2085 7.6690
149 2.0774 6.2098 7.6697
149 2.0780 6.2089 7.6704
149 2.0791 6.2110 7.6734
149 2.0796 6.2128 7.6750
149 2.0802 6.2127 7.6757
149 2.0807 6.2154 7.6787
149 2.0812 6.2168 7.6797
149 2.0808 6.2178 7.6799
149 2.0813 6.2168 7.6802
149 2.0818 6.2168 7.6806
149 2.0814 6.2175 7.6805
149 2.0819 6.2174 7.6810
149 2.0824 6.2180 7.6825
149 2.0829 6.2178 7.6824
150 2.0824 6.2169 7.6819
150 2.0820 6.2163 7.6809
150 2.0831 6.2157 7.6839
150 2.0827 6.2154 7.6833
150 2.0832 6.2174 7.6863
151 2.0837 6.2183 7.6892
151 2.0842 6.2177 7.6897
151 2.0847 6.2177 7.6904
151 2.0858 6.2175 7.6911
151 2.0869 6.2196 7.6940
151 2.0879 6.2208 7.6970
151 2.0890 6.2206 7.6967
152 2.0900 6.2199 7.6982
152 2.0911 6.2196 7.7012
152 2.0921 6.2195 7.7022
152 2.0931 6.2198 7.7038
152 2.0942 6.2224 7.7067
152 2.0952 6.2228 7.7077
152 2.0962 6.2231 7.7078
152 2.0958 6.2229 7.7093
152 2.0954 6.2250 7.7109
152 2.0950 6.2248 7.7124
152 2.0946 6.2249 7.7135
152 2.0942 6.2247 7.7145
152 2.0938 6.2264 7.7155
152 2.0934 6.2275 7.7165
152 2.0930 6.2274 7.7180
152 2.0935 6.2276 7.7180
153 2.0931 6.2274 7.7190
153 2.0927 6.2274 7.7196
153 2.0923 6.2272 7.7203
153 2.0919 6.2287 7.7210
153 2.0915 6.2287 7.7239
153 2.0911 6.2299 7.7254
153 2.0907 6.2312 7.7270
153 2.0903 6.2329 7.7299
153 2.0908 6.2334 7.7303
153 2.0904 6.2337 7.7318
153 2.0900 6.2357 7.7347
153 2.0896 6.2369 7.7357
153 2.0892 6.2380 7.7386
153 2.0888 6.2386 7.7393
153 2.0884 6.2388 7.7403
153 2.0880 6.2405 7.7418
154 2.0884 6.2422 7.7447
154 2.0880 6.2437 7.7462
154 2.0885 6.2476 7.7491
154 2.0881 6.2481 7.7506
154 2.0877 6.2478 7.7510
154 2.0873 6.2489 7.7517
154 2.0869 6.2498 7.7532
154 2.0865 6.2500 7.7538
154 2.0861 6.2514 7.7548
154 2.0857 6.2512 7.7563
154 2.0853 6.2537 7.7592
154 2.0858 6.2547 7.7607
154 2.0853 6.2553 7.7635
154 2.0858 6.2568 7.7664
154 2.0854 6.2607 7.7693
154 2.0859 6.2604 7.7690
154 2.0855 6.2595 7.7675
154 2.0851 6.2589 7.7664
154 2.0847 6.2578 7.7648
154 2.0843 6.2574 7.7641
155 2.0838 6.2565 7.7625
155 2.0834 6.2559 7.7614
155 2.0830 6.2551 7.7599
155 2.0826 6.2546 7.7593
155 2.0831 6.2545 7.7596
155 2.0835 6.2553 7.7610
155 2.0840 6.2564 7.7625
155 2.0845 6.2603 7.7654
155 2.0849 6.2607 7.7656
155 2.0845 6.2596 7.7639
155 2.0841 6.2592 7.7632
155 2.0837 6.2583 7.7616
155 2.0833 6.2577 7.7605
155 2.0829 6.2578 7.7620
155 2.0825 6.2572 7.7610
155 2.0821 6.2564 7.7598
155 2.0817 6.2569 7.7626
155 2.0813 6.2562 7.7615
155 2.0808 6.2553 7.7604
155 2.0804 6.2558 7.7632
156 2.0800 6.2553 7.7629
156 2.0796 6.2546 7.7618
156 2.0792 6.2539 7.7606
156 2.0788 6.2530 7.7595
156 2.0784 6.2524 7.7591
156 2.0779 6.2517 7.7580
156 2.0775 6.2511 7.7569
156 2.0771 6.2502 7.7557
156 2.0776 6.2500 7.7554
156 2.0771 6.2493 7.7542
156 2.0767 6.2483 7.7530
156 2.0763 6.2478 7.7526
156 2.0759 6.2470 7.7514
156 2.0755 6.2468 7.7517
156 2.0751 6.2470 7.7519
156 2.0747 6.2463 7.7506
156 2.0743 6.2475 7.7521
157 2.0739 6.2479 7.7525
157 2.0734 6.2475 7.7516
157 2.0730 6.2472 7.7526
157 2.0726 6.2482 7.7532
157 2.0722 6.2494 7.7547
157 2.0718 6.2496 7.7550
157 2.0713 6.2506 7.7559
157 2.0709 6.2514 7.7564
157 2.0705 6.2524 7.7574
157 2.0710 6.2535 7.7601
157 2.0714 6.2573 7.7629
157 2.0710 6.2581 7.7636
157 2.0706 6.2593 7.7640
157 2.0710 6.2595 7.7647
157 2.0706 6.2597 7.7648
157 2.0702 6.2605 7.7654
157 2.0698 6.2612 7.7657
157 2.0693 6.2622 7.7663
158 2.0689 6.2620 7.7670
158 2.0685 6.2644 7.7698
158 2.0689 6.2647 7.7712
158 2.0694 6.2643 7.7727
158 2.0690 6.2641 7.7731
158 2.0685 6.2679 7.7759
158 2.0690 6.2682 7.7760
158 2.0686 6.2684 7.7764
158 2.0681 6.2693 7.7768
158 2.0677 6.2694 7.7770
158 2.0682 6.2695 7.7777
158 2.0686 6.2688 7.7804
158 2.0690 6.2687 7.7805
158 2.0686 6.2699 7.7815
158 2.0690 6.2737 7.7842
158 2.0695 6.2741 7.7852
159 2.0690 6.2742 7.7851
159 2.0686 6.2750 7.7854
159 2.0682 6.2756 7.7854
159 2.0678 6.2757 7.7855
159 2.0673 6.2754 7.7859
159 2.0669 6.2752 7.7869
159 2.0674 6.2747 7.7873
159 2.0678 6.2740 7.7883
159 2.0674 6.2737 7.7885
159 2.0669 6.2743 7.7900
159 2.0673 6.2750 7.7909
159 2.0678 6.2754 7.7910
159 2.0673 6.2761 7.7937
159 2.0670 6.2754 7.7935
159 2.0667 6.2753 7.7930
159 2.0663 6.2767 7.7957
159 2.0659 6.2783 7.7984
160 2.0656 6.2786 7.7985
160 2.0660 6.2776 7.7986
160 2.0656 6.2782 7.8000
160 2.0660 6.2788 7.8003
160 2.0657 6.2783 7.7994
160 2.0661 6.2797 7.8009
160 2.0658 6.2806 7.8013
160 2.0662 6.2798 7.8017
160 2.0659 6.2835 7.8044
160 2.0663 6.2847 7.8054
160 2.0667 6.2860 7.8063
161 2.0671 6.2871 7.8090
161 2.0675 6.2895 7.8117
161 2.0679 6.2895 7.8121
161 2.0682 6.2887 7.8123
161 2.0686 6.2899 7.8133
161 2.0690 6.2899 7.8147
161 2.0686 6.2908 7.8149
161 2.0682 6.2927 7.8164
161 2.0686 6.2929 7.8162
161 2.0683 6.2929 7.8158
161 2.0680 6.2948 7.8173
161 2.0677 6.2947 7.8168
161 2.0673 6.2963 7.8178
161 2.0677 6.2967 7.8177
162 2.0681 6.2977 7.8183
162 2.0677 6.2986 7.8210
162 2.0681 6.2985 7.8212
162 2.0684 6.2997 7.8239
162 2.0688 6.3000 7.8245
162 2.0685 6.3009 7.8252
162 2.0688 6.3017 7.8266
163 2.0685 6.3025 7.8270
163 2.0681 6.3032 7.8274
163 2.0685 6.3040 7.8301
163 2.0688 6.3037 7.8297
163 2.0685 6.3036 7.8292
163 2.0682 6.3042 7.8298
163 2.0686 6.3039 7.8299
163 2.0683 6.3055 7.8308
163 2.0679 6.3052 7.8315
163 2.0676 6.3057 7.8319
163 2.0679 6.3061 7.8318
163 2.0676 6.3058 7.8312
163 2.0673 6.3058 7.8309
164 2.0670 6.3065 7.8318
164 2.0667 6.3065 7.8314
164 2.0671 6.3072 7.8328
164 2.0674 6.3073 7.8325
164 2.0671 6.3071 7.8319
164 2.0668 6.3078 7.8333
164 2.0672 6.3074 7.8342
164 2.0675 6.3087 7.8369
164 2.0671 6.3083 7.8360
164 2.0668 6.3084 7.8366
164 2.0664 6.3096 7.8380
164 2.0668 6.3099 7.8378
165 2.0664 6.3098 7.8388
165 2.0661 6.3091 7.8385
165 2.0664 6.3101 7.8391
165 2.0660 6.3107 7.8418
165 2.0656 6.3106 7.8424
165 2.0660 6.3116 7.8438
165 2.0657 6.3109 7.8431
165 2.0660 6.3108 7.8431
165 2.0657 6.3143 7.8457
165 2.0653 6.3146 7.8483
165 2.0649 6.3155 7.8490
165 2.0652 6.3158 7.8494
165 2.0649 6.3163 7.8507
165 2.0646 6.3157 7.8501
165 2.0642 6.3155 7.8505
165 2.0638 6.3146 7.8493
165 2.0634 6.3145 7.8497
166 2.0630 6.3137 7.8486
166 2.0633 6.3138 7.8500
166 2.0637 6.3147 7.8504
166 2.0633 6.3153 7.8505
166 2.0636 6.3160 7.8519
166 2.0639 6.3157 7.8514
166 2.0635 6.3151 7.8501
166 2.0632 6.3151 7.8510
166 2.0628 6.3145 7.8499
166 2.0625 6.3136 7.8491
166 2.0621 6.3140 7.8505
166 2.0618 6.3137 7.8509
166 2.0614 6.3130 7.8495
166 2.0617 6.3143 7.8509
166 2.0614 6.3144 7.8515
166 2.0610 6.3138 7.8504
166 2.0607 6.3133 7.8501
166 2.0603 6.3145 7.8527
166 2.0606 6.3149 7.8533
166 2.0602 6.3157 7.8559
166 2.0600 6.3162 7.8565
166 2.0596 6.3157 7.8554
166 2.0592 6.3159 7.8563
166 2.0588 6.3152 7.8549
166 2.0585 6.3159 7.8555
166 2.0581 6.3159 7.8559
167 2.0577 6.3149 7.8545
167 2.0574 6.3168 7.8559
167 2.0570 6.3160 7.8545
167 2.0573 6.3152 7.8546
167 2.0570 6.3158 7.8550
167 2.0566 6.3163 7.8559
167 2.0570 6.3165 7.8563
167 2.0566 6.3171 7.8564
167 2.0562 6.3177 7.8573
167 2.0559 6.3171 7.8568
167 2.0555 6.3181 7.8574
167 2.0551 6.3185 7.8580
167 2.0549 6.3182 7.8584
167 2.0545 6.3187 7.8584
167 2.0548 6.3193 7.8593
167 2.0544 6.3199 7.8599
167 2.0541 6.3189 7.8592
167 2.0545 6.3196 7.8601
167 2.0541 6.3214 7.8627
167 2.0537 6.3220 7.8629
167 2.0533 6.3235 7.8638
167 2.0530 6.3245 7.8652
168 2.0527 6.3254 7.8656
168 2.0523 6.3257 7.8660
168 2.0519 6.3261 7.8659
168 2.0516 6.3265 7.8661
168 2.0512 6.3270 7.8665
168 2.0516 6.3261 7.8665
168 2.0512 6.3260 7.8664
168 2.0508 6.3268 7.8669
168 2.0511 6.3262 7.8682
168 2.0507 6.3253 7.8671
168 2.0510 6.3252 7.8670
168 2.0507 6.3249 7.8674
168 2.0504 6.3252 7.8675
168 2.0500 6.3262 7.8684
168 2.0503 6.3260 7.8683
168 2.0499 6.3265 7.8692
168 2.0497 6.3257 7.8687
168 2.0493 6.3262 7.8696
168 2.0496 6.3257 7.8705
168 2.0492 6.3264 7.8719
169 2.0488 6.3259 7.8707
169 2.0486 6.3251 7.8702
169 2.0482 6.3255 7.8708
169 2.0485 6.3261 7.8718
169 2.0488 6.3276 7.8731
169 2.0491 6.3277 7.8728
169 2.0488 6.3272 7.8719
169 2.0484 6.3272 7.8717
169 2.0480 6.3272 7.8720
169 2.0477 6.3266 7.8717
169 2.0474 6.3263 7.8710
169 2.0470 6.3270 7.8715
169 2.0466 6.3268 7.8717
169 2.0463 6.3271 7.8723
169 2.0460 6.3266 7.8714
169 2.0456 6.3266 7.8711
169 2.0452 6.3265 7.8712
169 2.0449 6.3259 7.8709
169 2.0446 6.3255 7.8704
169 2.0442 6.3264 7.8717
169 2.0445 6.3268 7.8726
169 2.0441 6.3273 7.8735
169 2.0439 6.3276 7.8742
169 2.0435 6.3273 7.8735
169 2.0431 6.3279 7.8737
169 2.0427 6.3277 7.8738
169 2.0423 6.3272 7.8728
169 2.0420 6.3271 7.8725
169 2.0416 6.3270 7.8725
170 2.0412 6.3262 7.8715
170 2.0408 6.3268 7.8715
170 2.0404 6.3273 7.8715
170 2.0407 6.3274 7.8740
170 2.0403 6.3265 7.8729
170 2.0400 6.3263 7.8731
170 2.0396 6.3266 7.8735
170 2.0399 6.3267 7.8732
170 2.0395 6.3271 7.8730
170 2.0391 6.3278 7.8732
170 2.0389 6.3283 7.8741
170 2.0385 6.3286 7.8738
170 2.0388 6.3290 7.8748
170 2.0391 6.3284 7.8754
170 2.0394 6.3282 7.8758
170 2.0391 6.3297 7.8771
170 2.0388 6.3302 7.8796
170 2.0384 6.3305 7.8799
170 2.0387 6.3302 7.8794
171 2.0384 6.3309 7.8796
171 2.0380 6.3312 7.8792
171 2.0377 6.3330 7.8817
171 2.0375 6.3333 7.8816
171 2.0378 6.3326 7.8825
171 2.0374 6.3325 7.8824
171 2.0371 6.3317 7.8810
171 2.0367 6.3315 7.8813
171 2.0364 6.3317 7.8813
171 2.0362 6.3319 7.8811
171 2.0365 6.3317 7.8809
171 2.0361 6.3315 7.8810
171 2.0359 6.3307 7.8803
171 2.0355 6.3304 7.8804
171 2.0353 6.3308 7.8803
171 2.0349 6.3305 7.8803
171 2.0352 6.3309 7.8809
172 2.0350 6.3301 7.8801
172 2.0346 6.3305 7.8800
172 2.0344 6.3304 7.8796
172 2.0340 6.3307 7.8795
172 2.0343 6.3320 7.8809
172 2.0346 6.3329 7.8815
172 2.0342 6.3323 7.8802
172 2.0339 6.3320 7.8802
172 2.0335 6.3315 7.8791
172 2.0331 6.3312 7.8790
172 2.0329 6.3311 7.8786
172 2.0325 6.3304 7.8773
172 2.0321 6.3303 7.8786
172 2.0324 6.3303 7.8791
172 2.0321 6.3297 7.8780
172 2.0317 6.3319 7.8805
172 2.0320 6.3317 7.8805
172 2.0318 6.3315 7.8800
172 2.0314 6.3314 7.8803
172 2.0317 6.3312 7.8804
172 2.0313 6.3307 7.8793
172 2.0309 6.3304 7.8786
172 2.0306 6.3297 7.8773
172 2.0302 6.3294 7.8768
172 2.0300 6.3296 7.8767
173 2.0296 6.3288 7.8754
173 2.0292 6.3285 7.8747
173 2.0288 6.3277 7.8734
173 2.0285 6.3282 7.8735
173 2.0288 6.3287 7.8740
173 2.0291 6.3300 7.8764
173 2.0294 6.3303 7.8768
173 2.0291 6.3305 7.8767
173 2.0294 6.3307 7.8769
173 2.0291 6.3302 7.8761
173 2.0287 6.3298 7.8755
173 2.0283 6.3293 7.8746
173 2.0279 6.3289 7.8739
173 2.0277 6.3287 7.8733
173 2.0273 6.3283 7.8729
173 2.0270 6.3278 7.8720
173 2.0266 6.3279 7.8721
173 2.0262 6.3272 7.8711
173 2.0260 6.3272 7.8715
173 2.0263 6.3274 7.8720
173 2.0266 6.3281 7.8722
173 2.0269 6.3286 7.8725
174 2.0272 6.3292 7.8738
174 2.0275 6.3309 7.8747
174 2.0278 6.3301 7.8747
174 2.0280 6.3300 7.8745
174 2.0277 6.3305 7.8745
174 2.0280 6.3323 7.8759
174 2.0282 6.3337 7.8768
174 2.0280 6.3335 7.8763
175 2.0283 6.3329 7.8767
175 2.0286 6.3329 7.8777
175 2.0284 6.3326 7.8772
175 2.0294 6.3328 7.8785
175 2.0296 6.3343 7.8794
175 2.0299 6.3354 7.8800
175 2.0297 6.3346 7.8793
175 2.0293 6.3339 7.8783
175 2.0303 6.3335 7.8796
175 2.0300 6.3330 7.8787
176 2.0302 6.3345 7.8793
176 2.0305 6.3342 7.8802
176 2.0315 6.3340 7.8811
176 2.0325 6.3345 7.8824
176 2.0334 6.3343 7.8837
176 2.0344 6.3358 7.8861
176 2.0354 6.3370 7.8885
177 2.0363 6.3366 7.8894
177 2.0373 6.3376 7.8907
177 2.0382 6.3374 7.8913
177 2.0392 6.3378 7.8922
177 2.0401 6.3376 7.8931
177 2.0410 6.3375 7.8937
177 2.0419 6.3373 7.8935
177 2.0416 6.3369 7.8930
177 2.0412 6.3363 7.8922
177 2.0408 6.3364 7.8922
177 2.0405 6.3359 7.8912
177 2.0401 6.3354 7.8907
177 2.0397 6.3348 7.8898
178 2.0394 6.3351 7.8901
178 2.0390 6.3348 7.8893
178 2.0393 6.3352 7.8895
178 2.0389 6.3352 7.8894
178 2.0385 6.3347 7.8884
178 2.0382 6.3342 7.8879
178 2.0378 6.3336 7.8869
178 2.0374 6.3331 7.8860
178 2.0371 6.3324 7.8850
178 2.0367 6.3319 7.8842
178 2.0363 6.3312 7.8832
178 2.0366 6.3314 7.8833
178 2.0362 6.3307 7.8821
178 2.0359 6.3302 7.8811
178 2.0355 6.3298 7.8803
178 2.0351 6.3291 7.8793
179 2.0348 6.3284 7.8780
179 2.0344 6.3279 7.8770
179 2.0340 6.3274 7.8761
179 2.0336 6.3266 7.8751
179 2.0339 6.3264 7.8749
179 2.0335 6.3259 7.8740
179 2.0332 6.3252 7.8730
179 2.0328 6.3245 7.8717
179 2.0324 6.3240 7.8707
179 2.0321 6.3233 7.8695
179 2.0317 6.3229 7.8687
179 2.0313 6.3223 7.8675
179 2.0310 6.3220 7.8670
179 2.0312 6.3218 7.8666
180 2.0308 6.3223 7.8668
180 2.0305 6.3225 7.8666
180 2.0301 6.3233 7.8675
180 2.0297 6.3231 7.8675
180 2.0294 6.3236 7.8676
180 2.0290 6.3238 7.8674
180 2.0293 6.3233 7.8680
180 2.0295 6.3230 7.8686
180 2.0292 6.3247 7.8710
180 2.0288 6.3245 7.8711
180 2.0291 6.3249 7.8714
180 2.0287 6.3256 7.8720
180 2.0283 6.3253 7.8719
180 2.0279 6.3258 7.8718
180 2.0276 6.3259 7.8716
180 2.0272 6.3259 7.8713
180 2.0268 6.3261 7.8716
181 2.0264 6.3265 7.8715
181 2.0261 6.3269 7.8717
181 2.0263 6.3272 7.8716
181 2.0260 6.3270 7.8715
181 2.0256 6.3284 7.8728
181 2.0252 6.3288 7.8726
181 2.0248 6.3292 7.8727
181 2.0245 6.3289 7.8726
181 2.0241 6.3302 7.8735
181 2.0237 6.3301 7.8731
181 2.0234 6.3303 7.8733
181 2.0236 6.3301 7.8731
181 2.0233 6.3304 7.8728
181 2.0229 6.3307 7.8728
181 2.0225 6.3305 7.8726
181 2.0221 6.3316 7.8732
182 2.0218 6.3314 7.8731
182 2.0214 6.3334 7.8744
182 2.0210 6.3333 7.8753
182 2.0206 6.3353 7.8776
182 2.0209 6.3354 7.8773
182 2.0205 6.3352 7.8775
182 2.0201 6.3360 7.8781
182 2.0198 6.3364 7.8786
182 2.0194 6.3376 7.8795
182 2.0197 6.3371 7.8798
182 2.0193 6.3369 7.8798
182 2.0189 6.3376 7.8803
182 2.0185 6.3372 7.8798
182 2.0188 6.3378 7.8804
182 2.0184 6.3382 7.8810
182 2.0187 6.3413 7.8834
182 2.0183 6.3434 7.8857
182 2.0186 6.3436 7.8855
183 2.0182 6.3447 7.8868
183 2.0178 6.3458 7.8874
183 2.0177 6.3458 7.8874
183 2.0173 6.3456 7.8873
183 2.0170 6.3462 7.8876
183 2.0166 6.3462 7.8875
183 2.0162 6.3468 7.8878
183 2.0161 6.3469 7.8877
183 2.0163 6.3466 7.8880
183 2.0159 6.3469 7.8877
183 2.0156 6.3472 7.8879
183 2.0158 6.3473 7.8875
183 2.0155 6.3475 7.8878
183 2.0151 6.3478 7.8879
183 2.0154 6.3470 7.8878
183 2.0150 6.3472 7.8880
184 2.0152 6.3475 7.8888
184 2.0149 6.3467 7.8879
184 2.0151 6.3465 7.8877
184 2.0154 6.3469 7.8886
184 2.0150 6.3475 7.8888
184 2.0153 6.3473 7.8885
184 2.0149 6.3475 7.8884
184 2.0145 6.3477 7.8885
184 2.0148 6.3483 7.8898
184 2.0144 6.3494 7.8904
184 2.0140 6.3499 7.8909
184 2.0143 6.3498 7.8915
184 2.0139 6.3498 7.8917
184 2.0142 6.3496 7.8913
184 2.0138 6.3488 7.8901
184 2.0134 6.3489 7.8898
184 2.0131 6.3484 7.8886
184 2.0127 6.3482 7.8885
185 2.0123 6.3474 7.8873
185 2.0120 6.3475 7.8869
185 2.0116 6.3470 7.8860
185 2.0118 6.3466 7.8872
185 2.0115 6.3464 7.8872
185 2.0117 6.3466 7.8881
185 2.0120 6.3466 7.8877
185 2.0116 6.3461 7.8865
185 2.0112 6.3458 7.8863
185 2.0108 6.3451 7.8851
185 2.0105 6.3451 7.8847
185 2.0101 6.3445 7.8835
185 2.0097 6.3446 7.8836
185 2.0094 6.3442 7.8828
185 2.0090 6.3444 7.8827
185 2.0092 6.3447 7.8827
186 2.0089 6.3444 7.8820
186 2.0085 6.3443 7.8819
186 2.0081 6.3440 7.8813
186 2.0077 6.3443 7.8810
186 2.0074 6.3439 7.8803
186 2.0076 6.3444 7.8806
186 2.0073 6.3443 7.8804
186 2.0075 6.3439 7.8813
186 2.0071 6.3442 7.8814
186 2.0068 6.3447 7.8826
186 2.0064 6.3450 7.8826
186 2.0066 6.3460 7.8839
186 2.0069 6.3462 7.8841
186 2.0065 6.3459 7.8835
186 2.0061 6.3461 7.8831
186 2.0058 6.3458 7.8824
186 2.0057 6.3463 7.8827
186 2.0053 6.3462 7.8824
186 2.0049 6.3458 7.8815
186 2.0045 6.3455 7.8814
187 2.0042 6.3448 7.8805
187 2.0041 6.3453 7.8807
187 2.0037 6.3456 7.8810
187 2.0039 6.3458 7.8808
187 2.0036 6.3451 7.8798
187 2.0032 6.3455 7.8803
187 2.0028 6.3449 7.8793
187 2.0024 6.3451 7.8795
187 2.0021 6.3444 7.8786
187 2.0017 6.3447 7.8789
187 2.0013 6.3443 7.8779
187 2.0016 6.3441 7.8777
187 2.0012 6.3438 7.8776
187 2.0015 6.3436 7.8773
187 2.0011 6.3429 7.8763
187 2.0007 6.3432 7.8764
187 2.0003 6.3424 7.8754
187 2.0000 6.3427 7.8756
187 1.9999 6.3427 7.8765
188 1.9995 6.3422 7.8757
188 1.9991 6.3429 7.8766
188 1.9987 6.3431 7.8778
188 1.9984 6.3427 7.8769
188 1.9980 6.3439 7.8782
188 1.9976 6.3441 7.8794
188 1.9973 6.3447 7.8799
188 1.9969 6.3450 7.8798
188 1.9968 6.3447 7.8797
188 1.9964 6.3461 7.8809
188 1.9960 6.3463 7.8810
188 1.9959 6.3460 7.8813
188 1.9956 6.3466 7.8816
188 1.9958 6.3496 7.8838
188 1.9961 6.3498 7.8845
188 1.9957 6.3500 7.8843
188 1.9956 6.3494 7.8840
188 1.9952 6.3508 7.8862
188 1.9949 6.3528 7.8884
188 1.9945 6.3530 7.8883
188 1.9941 6.3539 7.8888
188 1.9940 6.3547 7.8896
189 1.9937 6.3559 7.8905
189 1.9933 6.3560 7.8904
189 1.9929 6.3565 7.8906
189 1.9928 6.3576 7.8913
189 1.9927 6.3577 7.8913
189 1.9923 6.3578 7.8911
189 1.9920 6.3582 7.8910
189 1.9916 6.3587 7.8911
189 1.9919 6.3583 7.8920
189 1.9915 6.3582 7.8917
189 1.9914 6.3591 7.8922
189 1.9913 6.3592 7.8921
189 1.9909 6.3598 7.8923
189 1.9912 6.3596 7.8919
189 1.9908 6.3599 7.8917
189 1.9904 6.3609 7.8921
189 1.9901 6.3608 7.8918
189 1.9900 6.3614 7.8927
189 1.9896 6.3619 7.8928
189 1.9895 6.3619 7.8934
189 1.9898 6.3614 7.8940
189 1.9894 6.3617 7.8937
189 1.9890 6.3625 7.8941
190 1.9887 6.3621 7.8931
190 1.9883 6.3624 7.8930
190 1.9882 6.3633 7.8933
190 1.9885 6.3633 7.8937
190 1.9881 6.3638 7.8937
190 1.9880 6.3640 7.8941
190 1.9876 6.3639 7.8937
190 1.9873 6.3644 7.8938
190 1.9872 6.3639 7.8933
190 1.9868 6.3641 7.8930
190 1.9864 6.3648 7.8932
190 1.9861 6.3646 7.8930
190 1.9857 6.3662 7.8942
190 1.9856 6.3657 7.8938
190 1.9853 6.3655 7.8936
190 1.9855 6.3658 7.8943
190 1.9851 6.3687 7.8965
190 1.9854 6.3689 7.8962
190 1.9850 6.3682 7.8953
190 1.9847 6.3676 7.8945
191 1.9843 6.3669 7.8935
191 1.9839 6.3664 7.8926
191 1.9842 6.3663 7.8924
191 1.9845 6.3692 7.8945
191 1.9841 6.3686 7.8934
191 1.9837 6.3686 7.8935
191 1.9834 6.3682 7.8927
191 1.9830 6.3684 7.8925
191 1.9849 6.3682 7.8932
191 1.9845 6.3676 7.8921
191 1.9847 6.3679 7.8927
191 1.9844 6.3679 7.8927
191 1.9846 6.3680 7.8935
191 1.9843 6.3676 7.8927
191 1.9845 6.3672 7.8940
191 1.9842 6.3674 7.8939
191 1.9838 6.3683 7.8944
191 1.9834 6.3683 7.8943
191 1.9833 6.3681 7.8945
192 1.9830 6.3677 7.8937
192 1.9826 6.3678 7.8935
192 1.9823 6.3672 7.8923
192 1.9822 6.3674 7.8932
192 1.9818 6.3674 7.8931
192 1.9817 6.3675 7.8934
192 1.9814 6.3668 7.8923
192 1.9810 6.3669 7.8920
192 1.9806 6.3664 7.8909
192 1.9805 6.3665 7.8915
192 1.9802 6.3663 7.8913
192 1.9801 6.3664 7.8915
192 1.9804 6.3662 7.8912
192 1.9800 6.3657 7.8902
192 1.9796 6.3655 7.8909
192 1.9793 6.3653 7.8903
192 1.9789 6.3657 7.8912
192 1.9785 6.3653 7.8902
192 1.9782 6.3650 7.8907
193 1.9784 6.3646 7.8912
193 1.9781 6.3666 7.8933
193 1.9777 6.3670 7.8942
193 1.9780 6.3668 7.8951
193 1.9782 6.3667 7.8953
193 1.9785 6.3672 7.8961
193 1.9787 6.3674 7.8963
193 1.9784 6.3671 7.8956
193 1.9780 6.3675 7.8963
193 1.9776 6.3670 7.8953
193 1.9773 6.3668 7.8957
193 1.9769 6.3663 7.8949
193 1.9766 6.3661 7.8947
193 1.9768 6.3667 7.8950
193 1.9765 6.3660 7.8940
193 1.9761 6.3658 7.8938
193 1.9757 6.3664 7.8950
193 1.9760 6.3668 7.8951
193 1.9756 6.3666 7.8949
193 1.9755 6.3660 7.8945
193 1.9755 6.3662 7.8967
193 1.9751 6.3660 7.8965
193 1.9750 6.3662 7.8964
194 1.9747 6.3660 7.8961
194 1.9746 6.3654 7.8957
194 1.9745 6.3656 7.8969
194 1.9742 6.3658 7.8969
194 1.9741 6.3659 7.8968
194 1.9743 6.3661 7.8969
194 1.9740 6.3658 7.8967
194 1.9736 6.3657 7.8963
194 1.9739 6.3651 7.8970
194 1.9735 6.3652 7.8966
194 1.9738 6.3681 7.8987
194 1.9734 6.3674 7.8977
194 1.9737 6.3672 7.8983
194 1.9739 6.3669 7.8980
194 1.9736 6.3672 7.8979
194 1.9732 6.3691 7.9001
194 1.9734 6.3691 7.9004
194 1.9737 6.3690 7.9005
195 1.9736 6.3683 7.9000
195 1.9735 6.3693 7.9012
195 1.9735 6.3695 7.9018
195 1.9734 6.3688 7.9013
195 1.9736 6.3683 7.9017
195 1.9736 6.3692 7.9026
195 1.9735 6.3693 7.9031
195 1.9737 6.3703 7.9052
195 1.9740 6.3710 7.9064
195 1.9739 6.3717 7.9085
195 1.9757 6.3720 7.9106
195 1.9756 6.3728 7.9118
196 1.9755 6.3721 7.9112
196 1.9758 6.3718 7.9117
196 1.9757 6.3722 7.9118
196 1.9759 6.3719 7.9119
196 1.9759 6.3719 7.9118
196 1.9758 6.3726 7.9126
196 1.9760 6.3719 7.9138
196 1.9757 6.3725 7.9145
196 1.9759 6.3722 7.9148
196 1.9761 6.3720 7.9145
196 1.9764 6.3722 7.9150
196 1.9763 6.3720 7.9146
196 1.9772 6.3719 7.9151
196 1.9781 6.3718 7.9150
197 1.9790 6.3711 7.9156
197 1.9799 6.3708 7.9164
197 1.9808 6.3707 7.9171
197 1.9817 6.3735 7.9192
197 1.9826 6.3733 7.9198
197 1.9834 6.3744 7.9210
197 1.9843 6.3753 7.9222
199 1.9845 6.3746 7.9230
199 1.9848 6.3756 7.9242
199 1.9850 6.3754 7.9244
199 1.9852 6.3763 7.9265
199 1.9854 6.3762 7.9267
199 1.9863 6.3763 7.9273
199 1.9871 6.3765 7.9274
200 1.9880 6.3760 7.9286
200 1.9888 6.3759 7.9307
200 1.9897 6.3761 7.9328
200 1.9905 6.3759 7.9332
200 1.9908 6.3774 7.9353
200 1.9910 6.3793 7.9365
201 1.9940 6.3790 7.9386
202 1.9948 6.3796 7.9407
202 1.9977 6.3804 7.9427
202 1.9985 6.3807 7.9448
202 2.0013 6.3814 7.9469
202 2.0015 6.3812 7.9475
202 2.0042 6.3823 7.9496
202 2.0069 6.3825 7.9517
202 2.0095 6.3826 7.9537
207 2.0142 6.3822 7.9558
207 2.0180 6.3838 7.9579
207 2.0215 6.3836 7.9599
207 2.0248 6.3833 7.9620
207 2.0279 6.3843 7.9641
207 2.0309 6.3853 7.9661
207 2.0337 6.3861 7.9682
