3 1.0000 1.0000 1.0000
3 0.9183 0.9183 0.9183
3 0.8113 1.5000 1.5000
3 0.7219 1.3710 1.3710
3 1.2516 1.7925 1.7925
3 1.3788 2.1281 2.1281
3 1.4056 2.4056 2.4056
3 1.3921 2.6416 2.6416
3 1.3610 2.8464 2.8464
3 1.3486 2.7322 2.7322
3 1.4834 2.9183 2.9183
3 1.4605 2.8074 2.8074
4 1.7274 2.9781 2.9781
4 1.6895 2.9996 2.9996
4 1.6494 2.9056 2.9056
4 1.6457 3.0575 3.0575
4 1.6337 3.1972 3.1972
4 1.6163 3.2211 3.2211
4 1.5955 3.3464 3.3464
4 1.5724 3.3680 3.3680
4 1.6424 3.4817 3.4817
4 1.6321 3.5884 3.5884
4 1.6186 3.5162 3.5162
4 1.6663 3.5378 3.5378
4 1.6515 3.4697 3.4697
4 1.6349 3.5697 3.5697
4 1.6699 3.6645 3.6645
4 1.6942 3.6595 3.7545
4 1.7105 3.7484 3.8402
4 1.7207 3.7442 3.9219
4 1.7260 3.7653 4.0000
4 1.7155 3.7636 3.9912
4 1.7036 3.7112 3.9320
5 1.6907 3.7923 4.0069
5 1.6925 3.8701 4.0787
5 1.6918 3.8907 4.1477
5 1.6890 3.8785 4.1416
5 1.6845 3.8998 4.2075
5 1.6785 3.8898 4.2021
5 1.6714 3.8460 4.1506
5 1.6823 3.9167 4.2141
5 1.6901 3.9850 4.2755
5 1.6834 3.9411 4.2249
5 1.6894 3.9460 4.2236
5 1.6827 3.9408 4.2123
5 1.6752 3.8998 4.1656
5 1.6804 3.9647 4.2249
5 1.6797 3.9538 4.2162
5 1.6778 4.0162 4.2733
5 1.6749 4.0226 4.2895
5 1.6711 4.0824 4.3441
5 1.6665 4.0444 4.3012
6 1.7687 4.1026 4.3546
6 1.7622 4.0646 4.3120
6 1.7671 4.1212 4.3643
6 1.7706 4.1079 4.3800
6 1.7726 4.1283 4.4302
6 1.7736 4.1211 4.4451
6 1.7734 4.1414 4.4933
6 1.7724 4.1614 4.5076
6 1.7682 4.1551 4.4958
6 1.7636 4.1226 4.4579
6 1.7626 4.1431 4.4731
6 1.8502 4.1940 4.5189
6 1.9354 4.2020 4.5637
6 1.9319 4.1894 4.5537
6 1.9278 4.1978 4.5679
6 1.9231 4.1898 4.5639
6 1.9180 4.1986 4.5782
6 1.9133 4.1702 4.5445
6 1.9082 4.1417 4.5107
7 1.9591 4.1516 4.5534
7 1.9986 4.1401 4.5951
7 2.0309 4.1870 4.6360
7 2.0577 4.2330 4.6761
7 2.0566 4.2780 4.7153
7 2.0508 4.2721 4.7038
7 2.0447 4.2455 4.6717
7 2.0436 4.2488 4.6853
7 2.0418 4.2364 4.6894
7 2.0396 4.2553 4.7272
7 2.0368 4.2741 4.7643
7 2.0820 4.3163 4.8008
7 2.0765 4.3343 4.8366
7 2.0708 4.3096 4.8060
7 2.0648 4.2848 4.7755
7 2.0587 4.3030 4.7882
7 2.0806 4.3211 4.8233
7 2.0995 4.3612 4.8578
7 2.1159 4.3649 4.8917
7 2.1302 4.3589 4.9250
7 2.1716 4.3978 4.9578
7 2.1651 4.3919 4.9460
7 2.1586 4.3689 4.9171
8 2.1518 4.3458 4.8883
8 2.1841 4.3632 4.9208
8 2.1771 4.3677 4.9527
8 2.1700 4.3451 4.9242
8 2.1685 4.3549 4.9357
8 2.1666 4.3721 4.9670
8 2.1644 4.3734 4.9708
8 2.1618 4.3675 4.9663
8 2.1554 4.3461 4.9391
8 2.1490 4.3247 4.9120
8 2.1424 4.3199 4.9017
8 2.1358 4.2988 4.8752
8 2.1358 4.3047 4.8758
8 2.1339 4.3405 4.9063
8 2.1317 4.3576 4.9183
8 2.1292 4.3632 4.9233
8 2.1265 4.3800 4.9351
8 2.1207 4.4143 4.9645
9 2.1462 4.4240 4.9759
9 2.1402 4.4039 4.9510
9 2.1342 4.4137 4.9561
9 2.1469 4.4069 4.9676
9 2.1582 4.4070 4.9791
9 2.1684 4.4019 4.9904
9 2.1775 4.4077 5.0184
9 2.1780 4.4403 5.0460
9 2.1723 4.4354 5.0361
9 2.1665 4.4168 5.0126
9 2.1669 4.4099 5.0137
9 2.1670 4.4087 5.0248
9 2.1668 4.4033 5.0299
9 2.1663 4.4065 5.0409
9 2.1648 4.4098 5.0459
9 2.1596 4.3925 5.0236
9 2.1590 4.4084 5.0346
9 2.1539 4.3911 5.0126
9 2.1810 4.4012 5.0237
10 2.1757 4.3967 5.0145
10 2.1704 4.3798 4.9930
10 2.1691 4.3956 5.0043
10 2.1677 4.4113 5.0155
10 2.1661 4.4061 5.0127
10 2.1642 4.4361 5.0383
10 2.1622 4.4300 5.0355
10 2.1575 4.4137 5.0149
10 2.1575 4.4176 5.0146
10 2.1527 4.4015 4.9942
10 2.1480 4.4081 4.9967
10 2.1479 4.4147 5.0079
10 2.1432 4.4104 4.9994
10 2.1384 4.3947 4.9797
10 2.1335 4.4099 4.9910
11 2.1322 4.4251 5.0022
11 2.1323 4.4350 5.0133
11 2.1309 4.4391 5.0160
11 2.1293 4.4343 5.0128
11 2.1276 4.4385 5.0238
11 2.1258 4.4331 5.0208
11 2.1215 4.4355 5.0317
11 2.1172 4.4502 5.0425
11 2.1175 4.4648 5.0533
11 2.1132 4.4502 5.0350
11 2.1135 4.4527 5.0338
11 2.1225 4.4552 5.0446
11 2.1309 4.4649 5.0678
11 2.1386 4.4674 5.0908
11 2.1457 4.4770 5.1136
11 2.1416 4.4730 5.1056
11 2.1374 4.4592 5.0880
11 2.1441 4.4734 5.1105
11 2.1502 4.4746 5.1162
11 2.1558 4.4812 5.1264
11 2.1610 4.4824 5.1365
11 2.1658 4.4890 5.1466
11 2.1618 4.4756 5.1294
12 2.2010 4.4823 5.1512
12 2.1968 4.4689 5.1340
12 2.2011 4.4785 5.1556
12 2.1969 4.4745 5.1478
12 2.1927 4.4614 5.1308
12 2.1931 4.4753 5.1522
12 2.2197 4.4769 5.1734
12 2.2186 4.4799 5.1790
12 2.2174 4.5048 5.1999
12 2.2161 4.5052 5.2026
12 2.2147 4.5010 5.1992
12 2.2107 4.5103 5.2198
12 2.2067 4.4977 5.2033
12 2.2027 4.4851 5.1869
13 2.1986 4.4812 5.1793
13 2.1945 4.4687 5.1630
13 2.1933 4.4929 5.1835
13 2.2123 4.5022 5.2037
13 2.2291 4.5260 5.2238
13 2.2442 4.5351 5.2437
13 2.2580 4.5369 5.2635
13 2.2539 4.5245 5.2474
13 2.2544 4.5375 5.2566
13 2.2503 4.5607 5.2761
13 2.2462 4.5837 5.2955
13 2.2420 4.5881 5.2962
13 2.2378 4.6108 5.3153
13 2.2504 4.6232 5.3242
13 2.2462 4.6356 5.3330
13 2.2419 4.6234 5.3173
14 2.2410 4.6357 5.3361
14 2.2399 4.6326 5.3332
14 2.2387 4.6332 5.3382
14 2.2375 4.6551 5.3567
14 2.2335 4.6635 5.3616
14 2.2295 4.6754 5.3702
14 2.2409 4.6836 5.3883
14 2.2369 4.6895 5.3908
14 2.2329 4.6976 5.3956
14 2.2373 4.7093 5.4135
14 2.2414 4.7089 5.4182
14 2.2452 4.7129 5.4228
14 2.2487 4.7245 5.4405
14 2.2521 4.7453 5.4579
14 2.2482 4.7660 5.4753
14 2.2442 4.7684 5.4744
14 2.2403 4.7888 5.4916
14 2.2364 4.7774 5.4769
14 2.2376 4.7811 5.4814
14 2.2408 4.7816 5.4984
14 2.2438 4.7926 5.5153
14 2.2466 4.8126 5.5320
14 2.2492 4.8179 5.5397
14 2.2515 4.8377 5.5562
14 2.2478 4.8484 5.5638
15 2.2440 4.8591 5.5713
15 2.2403 4.8626 5.5717
15 2.2426 4.8820 5.5879
15 2.2388 4.8841 5.5870
15 2.2351 4.8802 5.5800
15 2.2313 4.8692 5.5660
15 2.2335 4.8797 5.5821
15 2.2331 4.8764 5.5786
15 2.2327 4.8767 5.5807
15 2.2321 4.8803 5.5849
15 2.2315 4.8991 5.6007
15 2.2280 4.9003 5.5989
15 2.2244 4.9007 5.5964
15 2.2208 4.9057 5.5985
16 2.2202 4.9107 5.6141
16 2.2167 4.9103 5.6108
16 2.2131 4.9064 5.6040
16 2.2095 4.8960 5.5907
16 2.2196 4.9143 5.6062
16 2.2220 4.9178 5.6216
16 2.2241 4.9248 5.6288
16 2.2261 4.9347 5.6359
16 2.2279 4.9338 5.6380
16 2.2296 4.9304 5.6420
16 2.2262 4.9296 5.6383
16 2.2280 4.9319 5.6404
16 2.2245 4.9305 5.6362
16 2.2211 4.9319 5.6348
16 2.2228 4.9354 5.6497
16 2.2194 4.9336 5.6451
16 2.2211 4.9434 5.6599
16 2.2177 4.9411 5.6549
16 2.2143 4.9373 5.6483
16 2.2109 4.9277 5.6359
17 2.2075 4.9451 5.6507
17 2.2092 4.9475 5.6576
17 2.2091 4.9648 5.6722
17 2.2090 4.9715 5.6867
17 2.2087 4.9781 5.6935
17 2.2084 4.9748 5.6901
17 2.2102 4.9918 5.7044
17 2.2070 4.9892 5.6991
17 2.2037 4.9926 5.6999
17 2.2054 4.9940 5.7006
17 2.2052 5.0107 5.7148
17 2.2068 5.0274 5.7288
17 2.2036 5.0244 5.7233
17 2.2005 5.0205 5.7168
17 2.1973 5.0113 5.7051
17 2.1991 5.0205 5.7190
17 2.2006 5.0270 5.7329
17 2.2023 5.0235 5.7350
17 2.2039 5.0326 5.7416
17 2.2054 5.0390 5.7481
17 2.2067 5.0480 5.7546
17 2.2037 5.0449 5.7490
18 2.2007 5.0415 5.7431
18 2.2022 5.0576 5.7567
18 2.2037 5.0665 5.7631
18 2.2050 5.0754 5.7696
18 2.2020 5.0717 5.7635
18 2.1990 5.0678 5.7572
18 2.1961 5.0590 5.7460
18 2.1975 5.0636 5.7499
18 2.1988 5.0601 5.7508
18 2.2000 5.0602 5.7572
18 2.2011 5.0625 5.7610
18 2.2022 5.0713 5.7742
18 2.2031 5.0774 5.7874
18 2.2003 5.0738 5.7813
18 2.1974 5.0761 5.7812
18 2.1988 5.0822 5.7942
18 2.1960 5.0783 5.7880
18 2.1973 5.0798 5.8010
18 2.1985 5.0763 5.8030
18 2.1997 5.0824 5.8159
18 2.2008 5.0910 5.8287
18 2.2017 5.0954 5.8414
19 2.1990 5.1015 5.8450
19 2.2000 5.1165 5.8576
19 2.1973 5.1126 5.8512
19 2.1946 5.1089 5.8451
19 2.1918 5.1007 5.8346
19 2.1891 5.0967 5.8281
19 2.1863 5.0982 5.8273
19 2.1867 5.1015 5.8310
19 2.1840 5.0973 5.8244
19 2.1813 5.0982 5.8230
19 2.1899 5.1042 5.8355
19 2.1910 5.1101 5.8415
19 2.1883 5.1058 5.8349
19 2.1856 5.1022 5.8290
19 2.1828 5.0944 5.8189
20 2.1839 5.0938 5.8199
20 2.1849 5.0962 5.8221
20 2.1858 5.1007 5.8258
20 2.1866 5.1051 5.8295
20 2.1840 5.1008 5.8230
20 2.1813 5.1018 5.8217
20 2.1818 5.1042 5.8278
20 2.1792 5.0999 5.8212
20 2.1800 5.1015 5.8249
20 2.1774 5.0971 5.8182
20 2.1748 5.0924 5.8114
20 2.1721 5.0889 5.8057
20 2.1695 5.0816 5.7962
20 2.1708 5.0834 5.7958
20 2.1716 5.0845 5.7982
20 2.1722 5.0852 5.8005
20 2.1728 5.0885 5.8066
20 2.1733 5.0930 5.8103
20 2.1737 5.0948 5.8141
20 2.1712 5.0903 5.8075
20 2.1686 5.0909 5.8060
21 2.1661 5.0863 5.7993
21 2.1635 5.0870 5.7979
21 2.1640 5.0877 5.8003
21 2.1614 5.0880 5.7985
21 2.1624 5.0865 5.8023
21 2.1632 5.0924 5.8061
21 2.1641 5.0896 5.8066
21 2.1648 5.0899 5.8104
21 2.1623 5.0854 5.8038
21 2.1599 5.0821 5.7985
21 2.1574 5.0753 5.7896
21 2.1588 5.0753 5.7935
21 2.1596 5.0757 5.7995
21 2.1571 5.0712 5.7929
21 2.1547 5.0712 5.7909
21 2.1522 5.0666 5.7843
21 2.1601 5.0680 5.7882
22 2.1608 5.0739 5.7997
22 2.1584 5.0693 5.7931
22 2.1560 5.0661 5.7879
22 2.1535 5.0596 5.7794
22 2.1541 5.0593 5.7809
22 2.1547 5.0568 5.7790
22 2.1552 5.0603 5.7850
22 2.1557 5.0737 5.7964
22 2.1533 5.0692 5.7899
22 2.1541 5.0737 5.7958
22 2.1555 5.0751 5.7953
22 2.1532 5.0705 5.7887
22 2.1508 5.0711 5.7873
22 2.1516 5.0738 5.7932
22 2.1492 5.0691 5.7866
22 2.1507 5.0769 5.7925
22 2.1521 5.0779 5.7933
22 2.1498 5.0732 5.7867
22 2.1474 5.0702 5.7817
22 2.1451 5.0640 5.7737
22 2.1428 5.0685 5.7776
23 2.1434 5.0763 5.7835
23 2.1439 5.0807 5.7946
23 2.1444 5.0783 5.7926
23 2.1448 5.0817 5.7952
23 2.1462 5.0875 5.7991
23 2.1466 5.0895 5.8029
23 2.1444 5.0849 5.7964
23 2.1421 5.0848 5.7945
23 2.1430 5.0859 5.8055
23 2.1438 5.0870 5.8071
23 2.1416 5.0824 5.8006
23 2.1393 5.0794 5.7958
23 2.1371 5.0736 5.7881
23 2.1385 5.0780 5.7939
23 2.1390 5.0787 5.7955
23 2.1394 5.0815 5.7994
23 2.1398 5.0842 5.8010
23 2.1401 5.0858 5.8036
23 2.1380 5.0813 5.7973
24 2.1383 5.0820 5.8080
24 2.1361 5.0775 5.8016
24 2.1340 5.0779 5.8003
24 2.1354 5.0814 5.8029
24 2.1363 5.0818 5.8067
24 2.1341 5.0862 5.8093
24 2.1355 5.0890 5.8109
24 2.1334 5.0844 5.8046
24 2.1313 5.0816 5.8000
24 2.1291 5.0760 5.7926
24 2.1300 5.0816 5.7983
24 2.1308 5.0872 5.8089
24 2.1316 5.0915 5.8115
24 2.1324 5.0893 5.8119
24 2.1331 5.0895 5.8145
24 2.1310 5.0850 5.8082
24 2.1290 5.0849 5.8064
24 2.1296 5.0851 5.8090
24 2.1276 5.0806 5.8028
24 2.1255 5.0808 5.8013
25 2.1262 5.0814 5.8023
25 2.1241 5.0811 5.8003
25 2.1221 5.0866 5.8041
25 2.1200 5.0838 5.7996
25 2.1180 5.0785 5.7926
25 2.1159 5.0785 5.7909
25 2.1166 5.0829 5.7948
25 2.1172 5.0851 5.7974
25 2.1179 5.0873 5.8077
25 2.1185 5.0852 5.8078
25 2.1164 5.0808 5.8017
25 2.1144 5.0804 5.7996
25 2.1150 5.0807 5.8001
25 2.1130 5.0850 5.8028
25 2.1110 5.0807 5.7968
25 2.1090 5.0805 5.7949
25 2.1159 5.0860 5.7988
25 2.1165 5.0882 5.8026
25 2.1144 5.0876 5.8003
25 2.1124 5.0832 5.7943
25 2.1104 5.0782 5.7876
26 2.1111 5.0800 5.7888
26 2.1117 5.0779 5.7873
26 2.1122 5.0786 5.7885
26 2.1128 5.0840 5.7941
26 2.1108 5.0797 5.7882
26 2.1088 5.0790 5.7858
26 2.1094 5.0808 5.7885
26 2.1075 5.0765 5.7826
26 2.1055 5.0756 5.7801
26 2.1061 5.0871 5.7901
26 2.1067 5.0886 5.7920
26 2.1072 5.0914 5.7947
26 2.1077 5.0932 5.7966
26 2.1081 5.0974 5.8004
26 2.1062 5.0931 5.7946
26 2.1043 5.0929 5.7927
26 2.1059 5.0999 5.8026
26 2.1040 5.1052 5.8064
26 2.1021 5.1004 5.8000
26 2.1026 5.1038 5.8027
26 2.1007 5.1080 5.8054
27 2.0988 5.1114 5.8073
27 2.0969 5.1072 5.8015
27 2.0985 5.1114 5.8113
27 2.1001 5.1148 5.8210
27 2.1016 5.1128 5.8228
27 2.1030 5.1130 5.8255
27 2.1037 5.1132 5.8273
27 2.1018 5.1090 5.8216
27 2.1000 5.1067 5.8178
27 2.0981 5.1020 5.8116
27 2.0962 5.0978 5.8059
27 2.0968 5.0979 5.8078
27 2.0982 5.1021 5.8115
27 2.0996 5.1131 5.8211
27 2.0978 5.1089 5.8154
27 2.0959 5.1080 5.8130
27 2.0973 5.1190 5.8225
28 2.0987 5.1300 5.8320
28 2.0992 5.1333 5.8356
28 2.0997 5.1336 5.8369
28 2.1001 5.1316 5.8369
28 2.1006 5.1338 5.8387
28 2.1010 5.1371 5.8440
28 2.1023 5.1480 5.8533
28 2.1005 5.1438 5.8477
28 2.0988 5.1415 5.8439
28 2.0970 5.1370 5.8380
28 2.0983 5.1349 5.8393
28 2.0995 5.1416 5.8444
28 2.1007 5.1412 5.8463
28 2.0990 5.1430 5.8556
28 2.0972 5.1389 5.8500
28 2.0980 5.1430 5.8592
28 2.0992 5.1536 5.8684
28 2.0974 5.1494 5.8628
28 2.0986 5.1600 5.8720
28 2.0991 5.1615 5.8738
28 2.0973 5.1573 5.8682
28 2.0978 5.1587 5.8733
28 2.0982 5.1566 5.8729
28 2.0986 5.1572 5.8755
28 2.0990 5.1599 5.8791
28 2.1001 5.1649 5.8826
28 2.1012 5.1753 5.8916
28 2.0995 5.1712 5.8860
28 2.0979 5.1689 5.8824
28 2.0962 5.1646 5.8767
29 2.0973 5.1625 5.8775
29 2.0977 5.1636 5.8788
29 2.0987 5.1632 5.8800
29 2.0991 5.1696 5.8890
29 2.0974 5.1700 5.8979
29 2.0958 5.1691 5.8956
29 2.0968 5.1755 5.9005
29 2.0952 5.1714 5.8950
29 2.0935 5.1704 5.8926
29 2.0945 5.1753 5.8961
29 2.0954 5.1756 5.9011
29 2.0964 5.1859 5.9099
29 2.0947 5.1818 5.9044
29 2.0931 5.1796 5.9008
29 2.0915 5.1754 5.8953
29 2.0919 5.1756 5.8957
29 2.0923 5.1758 5.8975
29 2.0926 5.1772 5.8988
29 2.0930 5.1784 5.9023
29 2.0933 5.1796 5.9036
29 2.0943 5.1858 5.9085
29 2.0927 5.1818 5.9031
30 2.0937 5.1867 5.9066
30 2.0921 5.1826 5.9012
30 2.0930 5.1874 5.9061
30 2.0934 5.1875 5.9074
30 2.0943 5.1974 5.9160
30 2.0927 5.1934 5.9106
30 2.0911 5.1912 5.9071
30 2.0896 5.1872 5.9017
30 2.0905 5.1971 5.9103
30 2.0914 5.1966 5.9104
30 2.0922 5.1993 5.9190
30 2.0931 5.1973 5.9179
30 2.0939 5.1975 5.9197
30 2.0923 5.1936 5.9144
30 2.0908 5.1926 5.9121
30 2.0916 5.2024 5.9206
30 2.0901 5.2122 5.9290
30 2.0885 5.2082 5.9237
30 2.0870 5.2179 5.9322
31 2.0854 5.2240 5.9369
31 2.0858 5.2287 5.9417
31 2.0843 5.2384 5.9501
31 2.0828 5.2343 5.9447
31 2.0812 5.2322 5.9413
31 2.0797 5.2282 5.9360
31 2.0782 5.2378 5.9444
31 2.0786 5.2416 5.9477
31 2.0794 5.2476 5.9524
31 2.0802 5.2497 5.9558
31 2.0810 5.2514 5.9582
31 2.0817 5.2544 5.9665
31 2.0802 5.2604 5.9711
31 2.0787 5.2564 5.9659
31 2.0772 5.2553 5.9635
31 2.0757 5.2599 5.9668
31 2.0742 5.2559 5.9616
31 2.0727 5.2557 5.9602
31 2.0737 5.2652 5.9684
31 2.0741 5.2669 5.9730
31 2.0726 5.2629 5.9678
31 2.0736 5.2666 5.9759
31 2.0721 5.2626 5.9707
31 2.0706 5.2604 5.9673
31 2.0691 5.2566 5.9622
31 2.0701 5.2580 5.9655
32 2.0710 5.2639 5.9701
32 2.0715 5.2648 5.9710
32 2.0719 5.2684 5.9791
32 2.0723 5.2687 5.9799
32 2.0727 5.2668 5.9796
32 2.0736 5.2761 5.9876
32 2.0722 5.2721 5.9824
32 2.0707 5.2710 5.9801
32 2.0716 5.2768 5.9881
32 2.0724 5.2769 5.9913
32 2.0728 5.2799 5.9945
32 2.0732 5.2810 5.9954
32 2.0735 5.2819 5.9978
32 2.0739 5.2825 5.9983
32 2.0724 5.2786 5.9932
32 2.0710 5.2765 5.9898
32 2.0696 5.2729 5.9849
32 2.0705 5.2733 5.9928
32 2.0709 5.2778 6.0007
32 2.0712 5.2777 6.0009
32 2.0721 5.2813 6.0054
32 2.0707 5.2775 6.0003
33 2.0693 5.2865 6.0082
33 2.0679 5.2827 6.0031
33 2.0665 5.2825 6.0017
33 2.0668 5.2915 6.0095
33 2.0671 5.2914 6.0104
33 2.0679 5.2916 6.0116
33 2.0688 5.2898 6.0106
33 2.0696 5.2918 6.0150
33 2.0704 5.2936 6.0173
33 2.0690 5.3025 6.0251
33 2.0676 5.2986 6.0200
33 2.0662 5.2966 6.0168
33 2.0649 5.2930 6.0120
33 2.0658 5.2930 6.0138
33 2.0667 5.2932 6.0169
33 2.0670 5.2987 6.0213
33 2.0656 5.2983 6.0290
33 2.0643 5.2945 6.0240
33 2.0629 5.2935 6.0217
33 2.0637 5.2934 6.0230
33 2.0624 5.2896 6.0180
33 2.0632 5.2925 6.0212
33 2.0641 5.3013 6.0288
34 2.0650 5.3068 6.0364
34 2.0636 5.3030 6.0314
34 2.0640 5.3030 6.0319
34 2.0643 5.3013 6.0315
34 2.0646 5.3016 6.0317
34 2.0649 5.3031 6.0341
34 2.0658 5.3055 6.0416
34 2.0645 5.3018 6.0367
34 2.0631 5.2998 6.0335
34 2.0618 5.2964 6.0289
34 2.0626 5.2946 6.0295
34 2.0630 5.2970 6.0338
34 2.0616 5.2933 6.0289
34 2.0625 5.2958 6.0364
34 2.0611 5.2920 6.0315
34 2.0598 5.2919 6.0301
34 2.0585 5.2948 6.0344
34 2.0588 5.2957 6.0353
34 2.0597 5.3043 6.0427
34 2.0604 5.3098 6.0501
34 2.0591 5.3060 6.0452
34 2.0578 5.3041 6.0421
34 2.0565 5.3007 6.0376
35 2.0573 5.3061 6.0419
35 2.0582 5.3073 6.0436
35 2.0590 5.3076 6.0445
35 2.0598 5.3058 6.0435
35 2.0606 5.3066 6.0444
35 2.0593 5.3029 6.0396
35 2.0581 5.3019 6.0374
35 2.0584 5.3027 6.0381
35 2.0592 5.3052 6.0411
35 2.0579 5.3015 6.0363
35 2.0587 5.3057 6.0436
35 2.0590 5.3057 6.0437
35 2.0598 5.3110 6.0510
35 2.0585 5.3074 6.0462
35 2.0572 5.3055 6.0432
35 2.0560 5.3022 6.0388
35 2.0567 5.3106 6.0460
35 2.0571 5.3116 6.0478
35 2.0574 5.3126 6.0484
35 2.0577 5.3132 6.0501
35 2.0580 5.3135 6.0502
35 2.0568 5.3099 6.0455
36 2.0576 5.3098 6.0478
36 2.0583 5.3118 6.0501
36 2.0571 5.3082 6.0454
36 2.0558 5.3080 6.0441
36 2.0561 5.3079 6.0447
36 2.0564 5.3121 6.0519
36 2.0552 5.3149 6.0536
36 2.0559 5.3167 6.0554
36 2.0547 5.3131 6.0507
36 2.0535 5.3112 6.0477
36 2.0523 5.3080 6.0434
36 2.0531 5.3081 6.0444
36 2.0539 5.3065 6.0434
36 2.0547 5.3082 6.0464
36 2.0555 5.3080 6.0466
36 2.0558 5.3132 6.0537
36 2.0546 5.3096 6.0490
36 2.0534 5.3087 6.0470
36 2.0537 5.3085 6.0474
36 2.0525 5.3126 6.0545
36 2.0513 5.3091 6.0498
36 2.0501 5.3088 6.0485
36 2.0508 5.3129 6.0526
37 2.0511 5.3181 6.0596
37 2.0499 5.3171 6.0576
37 2.0507 5.3223 6.0616
37 2.0495 5.3247 6.0630
37 2.0483 5.3228 6.0600
37 2.0471 5.3198 6.0559
37 2.0459 5.3194 6.0545
37 2.0466 5.3274 6.0615
37 2.0474 5.3302 6.0655
37 2.0482 5.3308 6.0662
37 2.0490 5.3387 6.0731
37 2.0497 5.3387 6.0738
37 2.0485 5.3352 6.0693
37 2.0474 5.3342 6.0672
37 2.0477 5.3382 6.0712
37 2.0484 5.3415 6.0735
37 2.0472 5.3380 6.0690
37 2.0461 5.3369 6.0668
37 2.0468 5.3409 6.0709
37 2.0475 5.3394 6.0713
37 2.0482 5.3396 6.0742
37 2.0489 5.3429 6.0811
37 2.0492 5.3508 6.0879
37 2.0495 5.3514 6.0883
37 2.0484 5.3510 6.0868
37 2.0472 5.3588 6.0936
37 2.0461 5.3554 6.0892
37 2.0449 5.3524 6.0852
38 2.0456 5.3552 6.0869
38 2.0445 5.3517 6.0824
38 2.0452 5.3523 6.0847
38 2.0441 5.3488 6.0802
38 2.0429 5.3477 6.0781
38 2.0433 5.3527 6.0848
38 2.0436 5.3547 6.0866
38 2.0425 5.3542 6.0851
38 2.0432 5.3581 6.0880
38 2.0440 5.3584 6.0897
38 2.0447 5.3598 6.0926
38 2.0454 5.3613 6.0943
38 2.0443 5.3652 6.1010
38 2.0432 5.3618 6.0966
38 2.0421 5.3589 6.0927
38 2.0428 5.3621 6.0955
38 2.0431 5.3644 6.0977
38 2.0434 5.3646 6.0982
38 2.0437 5.3695 6.1048
38 2.0440 5.3718 6.1070
38 2.0443 5.3716 6.1073
38 2.0432 5.3705 6.1051
39 2.0439 5.3754 6.1117
39 2.0428 5.3773 6.1127
39 2.0417 5.3740 6.1084
39 2.0406 5.3734 6.1068
39 2.0409 5.3766 6.1097
39 2.0412 5.3793 6.1135
39 2.0401 5.3825 6.1174
39 2.0390 5.3791 6.1131
39 2.0379 5.3774 6.1104
39 2.0368 5.3746 6.1066
39 2.0371 5.3773 6.1088
39 2.0378 5.3821 6.1153
39 2.0386 5.3833 6.1166
39 2.0393 5.3833 6.1171
39 2.0400 5.3871 6.1199
39 2.0403 5.3909 6.1237
39 2.0392 5.3876 6.1194
39 2.0381 5.3843 6.1151
39 2.0370 5.3831 6.1130
40 2.0377 5.3844 6.1152
40 2.0366 5.3811 6.1109
40 2.0356 5.3794 6.1083
40 2.0345 5.3766 6.1046
40 2.0348 5.3777 6.1074
40 2.0351 5.3789 6.1087
40 2.0353 5.3798 6.1092
40 2.0356 5.3799 6.1095
40 2.0359 5.3785 6.1093
40 2.0348 5.3752 6.1050
40 2.0337 5.3719 6.1008
40 2.0327 5.3714 6.0993
40 2.0329 5.3714 6.0995
40 2.0319 5.3681 6.0952
40 2.0321 5.3701 6.0970
40 2.0324 5.3709 6.0973
40 2.0326 5.3713 6.0986
40 2.0328 5.3699 6.0983
40 2.0318 5.3667 6.0941
40 2.0307 5.3651 6.0915
40 2.0297 5.3624 6.0879
41 2.0304 5.3609 6.0883
41 2.0312 5.3620 6.0921
41 2.0301 5.3638 6.0984
41 2.0309 5.3637 6.1001
41 2.0316 5.3684 6.1065
41 2.0306 5.3652 6.1023
41 2.0295 5.3642 6.1003
41 2.0303 5.3627 6.1005
41 2.0310 5.3647 6.1043
41 2.0317 5.3662 6.1106
41 2.0323 5.3677 6.1143
41 2.0330 5.3703 6.1171
41 2.0332 5.3740 6.1209
41 2.0322 5.3709 6.1167
41 2.0312 5.3693 6.1142
41 2.0302 5.3667 6.1106
41 2.0309 5.3713 6.1144
41 2.0298 5.3682 6.1103
42 2.0306 5.3713 6.1140
42 2.0312 5.3750 6.1168
42 2.0302 5.3718 6.1127
42 2.0292 5.3713 6.1112
42 2.0298 5.3750 6.1140
42 2.0305 5.3781 6.1162
42 2.0307 5.3807 6.1183
42 2.0297 5.3775 6.1142
42 2.0304 5.3798 6.1164
42 2.0294 5.3766 6.1123
42 2.0284 5.3750 6.1098
42 2.0273 5.3725 6.1063
42 2.0280 5.3762 6.1100
42 2.0287 5.3748 6.1093
42 2.0294 5.3747 6.1097
42 2.0302 5.3754 6.1118
42 2.0309 5.3791 6.1155
42 2.0311 5.3813 6.1172
42 2.0317 5.3833 6.1194
42 2.0324 5.3863 6.1215
42 2.0314 5.3832 6.1175
42 2.0304 5.3822 6.1156
42 2.0310 5.3852 6.1177
42 2.0312 5.3858 6.1181
43 2.0318 5.3888 6.1203
43 2.0324 5.3934 6.1239
43 2.0314 5.3902 6.1199
43 2.0305 5.3887 6.1175
43 2.0295 5.3862 6.1141
43 2.0301 5.3888 6.1158
43 2.0308 5.3897 6.1168
43 2.0315 5.3883 6.1160
43 2.0321 5.3886 6.1169
43 2.0328 5.3912 6.1196
43 2.0319 5.3881 6.1156
43 2.0325 5.3885 6.1173
43 2.0331 5.3911 6.1190
43 2.0321 5.3880 6.1151
43 2.0312 5.3875 6.1137
43 2.0317 5.3901 6.1154
43 2.0320 5.3918 6.1168
43 2.0311 5.3887 6.1128
43 2.0316 5.3923 6.1165
43 2.0321 5.3946 6.1178
43 2.0312 5.3915 6.1139
43 2.0302 5.3900 6.1115
43 2.0293 5.3875 6.1082
44 2.0296 5.3876 6.1084
44 2.0299 5.3880 6.1087
44 2.0302 5.3880 6.1104
44 2.0304 5.3885 6.1107
44 2.0310 5.3930 6.1143
44 2.0316 5.3939 6.1160
44 2.0307 5.3909 6.1121
44 2.0298 5.3899 6.1103
44 2.0300 5.3899 6.1104
44 2.0307 5.3916 6.1140
44 2.0314 5.3921 6.1157
44 2.0320 5.3925 6.1163
44 2.0326 5.3928 6.1177
44 2.0332 5.3995 6.1236
44 2.0322 5.3965 6.1198
44 2.0313 5.3950 6.1174
44 2.0304 5.3926 6.1142
44 2.0309 5.3928 6.1178
44 2.0315 5.3950 6.1191
44 2.0320 5.3958 6.1218
44 2.0311 5.3958 6.1254
44 2.0313 5.3958 6.1254
44 2.0304 5.3928 6.1215
45 2.0309 5.3950 6.1229
45 2.0300 5.3920 6.1191
45 2.0303 5.3920 6.1194
45 2.0306 5.3939 6.1221
45 2.0308 5.3939 6.1242
45 2.0311 5.3952 6.1259
45 2.0313 5.3939 6.1256
45 2.0316 5.3938 6.1270
45 2.0321 5.3964 6.1305
45 2.0312 5.3934 6.1267
45 2.0303 5.3919 6.1244
45 2.0294 5.3896 6.1212
45 2.0299 5.3895 6.1226
45 2.0304 5.3917 6.1247
45 2.0295 5.3888 6.1209
45 2.0286 5.3878 6.1192
45 2.0293 5.3904 6.1250
45 2.0298 5.3939 6.1285
45 2.0289 5.3909 6.1248
45 2.0291 5.3911 6.1249
45 2.0294 5.3898 6.1246
45 2.0296 5.3899 6.1248
45 2.0298 5.3909 6.1261
46 2.0301 5.3931 6.1319
46 2.0292 5.3953 6.1332
46 2.0294 5.3972 6.1353
46 2.0299 5.4001 6.1380
46 2.0290 5.3972 6.1342
46 2.0282 5.3958 6.1320
46 2.0273 5.3935 6.1289
46 2.0278 5.3954 6.1306
46 2.0269 5.3925 6.1268
46 2.0260 5.3916 6.1251
46 2.0267 5.3933 6.1286
46 2.0272 5.3950 6.1303
46 2.0263 5.3921 6.1266
46 2.0255 5.3917 6.1254
46 2.0259 5.3946 6.1289
46 2.0251 5.3918 6.1252
46 2.0253 5.3922 6.1255
46 2.0258 5.3937 6.1269
46 2.0249 5.3908 6.1232
46 2.0241 5.3894 6.1210
46 2.0232 5.3872 6.1179
47 2.0237 5.3906 6.1214
47 2.0239 5.3971 6.1271
47 2.0246 5.3975 6.1276
47 2.0252 5.3963 6.1269
47 2.0259 5.3966 6.1276
47 2.0265 5.3975 6.1290
47 2.0270 5.3978 6.1346
47 2.0275 5.3997 6.1372
47 2.0266 5.3969 6.1336
47 2.0258 5.3960 6.1319
47 2.0262 5.3967 6.1353
47 2.0267 5.3972 6.1409
47 2.0271 5.3975 6.1465
47 2.0275 5.3976 6.1491
47 2.0280 5.4005 6.1525
47 2.0282 5.4004 6.1524
47 2.0286 5.4033 6.1550
47 2.0278 5.4005 6.1514
47 2.0270 5.3991 6.1492
47 2.0261 5.3969 6.1462
47 2.0264 5.3998 6.1518
47 2.0255 5.3970 6.1482
48 2.0262 5.3969 6.1495
48 2.0253 5.3941 6.1459
48 2.0245 5.3937 6.1447
48 2.0237 5.3956 6.1458
48 2.0239 5.3957 6.1460
48 2.0244 5.3981 6.1481
48 2.0235 5.3953 6.1445
48 2.0227 5.3940 6.1423
48 2.0219 5.3918 6.1394
48 2.0223 5.3935 6.1414
48 2.0229 5.3942 6.1425
48 2.0236 5.3953 6.1446
48 2.0242 5.3942 6.1439
48 2.0248 5.3941 6.1443
48 2.0240 5.3913 6.1407
48 2.0232 5.3905 6.1391
48 2.0238 5.3914 6.1404
48 2.0230 5.3942 6.1459
48 2.0222 5.3915 6.1424
48 2.0213 5.3911 6.1412
48 2.0216 5.3909 6.1411
49 2.0219 5.3943 6.1465
49 2.0211 5.3934 6.1448
49 2.0213 5.3947 6.1462
49 2.0216 5.3951 6.1464
49 2.0218 5.3954 6.1475
49 2.0220 5.3943 6.1472
49 2.0225 5.3984 6.1506
49 2.0217 5.4001 6.1515
49 2.0209 5.3987 6.1493
49 2.0200 5.3967 6.1465
49 2.0192 5.3962 6.1453
49 2.0197 5.3951 6.1455
49 2.0199 5.3979 6.1509
49 2.0191 5.3952 6.1474
49 2.0183 5.3943 6.1458
49 2.0187 5.3958 6.1474
49 2.0194 5.3973 6.1500
49 2.0186 5.3987 6.1507
49 2.0178 5.3983 6.1494
49 2.0180 5.4007 6.1548
49 2.0182 5.4010 6.1551
49 2.0174 5.4001 6.1534
49 2.0181 5.4022 6.1554
49 2.0187 5.4037 6.1579
49 2.0193 5.4026 6.1572
49 2.0199 5.4033 6.1581
49 2.0203 5.4058 6.1606
49 2.0195 5.4074 6.1615
50 2.0200 5.4062 6.1617
50 2.0204 5.4086 6.1642
50 2.0196 5.4147 6.1695
50 2.0198 5.4150 6.1696
50 2.0202 5.4190 6.1729
50 2.0195 5.4230 6.1762
50 2.0197 5.4263 6.1794
50 2.0199 5.4264 6.1795
50 2.0202 5.4263 6.1806
50 2.0204 5.4266 6.1807
50 2.0208 5.4282 6.1821
50 2.0200 5.4306 6.1837
50 2.0204 5.4327 6.1853
50 2.0206 5.4342 6.1864
50 2.0199 5.4356 6.1871
50 2.0203 5.4377 6.1890
50 2.0207 5.4390 6.1897
50 2.0199 5.4449 6.1950
50 2.0201 5.4509 6.2002
50 2.0194 5.4549 6.2034
50 2.0198 5.4561 6.2047
51 2.0201 5.4574 6.2079
51 2.0194 5.4587 6.2084
51 2.0186 5.4582 6.2072
51 2.0190 5.4582 6.2082
51 2.0194 5.4592 6.2107
51 2.0197 5.4580 6.2107
51 2.0201 5.4578 6.2117
51 2.0194 5.4565 6.2097
51 2.0186 5.4545 6.2070
51 2.0192 5.4546 6.2080
51 2.0198 5.4545 6.2084
51 2.0204 5.4554 6.2100
51 2.0210 5.4542 6.2093
51 2.0216 5.4540 6.2095
51 2.0209 5.4520 6.2068
51 2.0212 5.4541 6.2088
51 2.0205 5.4521 6.2060
52 2.0246 5.4534 6.2080
52 2.0239 5.4521 6.2059
52 2.0231 5.4501 6.2032
52 2.0237 5.4517 6.2057
52 2.0243 5.4519 6.2070
52 2.0248 5.4507 6.2062
52 2.0254 5.4518 6.2082
52 2.0259 5.4524 6.2090
52 2.0263 5.4537 6.2106
52 2.0256 5.4548 6.2138
52 2.0248 5.4528 6.2110
52 2.0252 5.4540 6.2116
52 2.0244 5.4520 6.2089
52 2.0248 5.4531 6.2099
52 2.0240 5.4518 6.2079
52 2.0233 5.4498 6.2052
53 2.0226 5.4522 6.2071
53 2.0231 5.4527 6.2078
53 2.0237 5.4530 6.2084
53 2.0242 5.4518 6.2076
53 2.0247 5.4521 6.2080
53 2.0240 5.4501 6.2053
53 2.0243 5.4528 6.2072
53 2.0283 5.4530 6.2104
53 2.0276 5.4510 6.2076
53 2.0279 5.4520 6.2081
53 2.0272 5.4500 6.2053
53 2.0265 5.4487 6.2034
53 2.0257 5.4467 6.2006
53 2.0261 5.4491 6.2030
53 2.0266 5.4490 6.2041
53 2.0271 5.4493 6.2045
53 2.0276 5.4495 6.2058
53 2.0281 5.4498 6.2061
53 2.0286 5.4498 6.2072
53 2.0279 5.4479 6.2045
54 2.0272 5.4459 6.2018
54 2.0265 5.4454 6.2006
54 2.0268 5.4472 6.2019
54 2.0271 5.4477 6.2030
54 2.0273 5.4485 6.2043
54 2.0276 5.4473 6.2041
54 2.0279 5.4471 6.2049
54 2.0271 5.4451 6.2022
54 2.0275 5.4490 6.2053
54 2.0278 5.4506 6.2064
54 2.0271 5.4493 6.2045
54 2.0264 5.4473 6.2018
54 2.0267 5.4477 6.2042
54 2.0271 5.4484 6.2061
54 2.0274 5.4473 6.2061
54 2.0277 5.4470 6.2070
54 2.0280 5.4497 6.2094
54 2.0285 5.4497 6.2102
54 2.0278 5.4478 6.2075
54 2.0271 5.4458 6.2048
55 2.0263 5.4445 6.2029
55 2.0256 5.4425 6.2002
55 2.0261 5.4452 6.2021
55 2.0266 5.4455 6.2027
55 2.0271 5.4462 6.2034
55 2.0276 5.4482 6.2065
55 2.0269 5.4462 6.2038
55 2.0307 5.4482 6.2087
55 2.0300 5.4462 6.2060
55 2.0293 5.4458 6.2049
55 2.0295 5.4468 6.2060
55 2.0298 5.4486 6.2090
55 2.0301 5.4488 6.2093
55 2.0303 5.4477 6.2090
55 2.0340 5.4503 6.2109
55 2.0333 5.4491 6.2089
55 2.0326 5.4471 6.2063
56 2.0319 5.4451 6.2036
56 2.0355 5.4459 6.2085
56 2.0360 5.4468 6.2100
56 2.0364 5.4484 6.2116
56 2.0369 5.4485 6.2127
56 2.0374 5.4474 6.2120
56 2.0367 5.4454 6.2093
56 2.0369 5.4457 6.2106
56 2.0372 5.4460 6.2107
56 2.0374 5.4462 6.2116
56 2.0376 5.4463 6.2117
56 2.0369 5.4443 6.2090
56 2.0362 5.4431 6.2071
56 2.0355 5.4411 6.2045
56 2.0359 5.4420 6.2048
56 2.0352 5.4400 6.2021
57 2.0387 5.4400 6.2070
57 2.0392 5.4400 6.2079
57 2.0396 5.4402 6.2081
57 2.0400 5.4404 6.2092
57 2.0405 5.4406 6.2095
57 2.0398 5.4387 6.2069
57 2.0391 5.4382 6.2058
57 2.0394 5.4383 6.2067
57 2.0398 5.4390 6.2082
57 2.0401 5.4378 6.2082
57 2.0404 5.4377 6.2089
57 2.0397 5.4365 6.2071
57 2.0391 5.4345 6.2044
57 2.0395 5.4345 6.2048
57 2.0399 5.4351 6.2061
57 2.0404 5.4340 6.2054
57 2.0408 5.4338 6.2056
57 2.0401 5.4318 6.2030
57 2.0435 5.4319 6.2077
57 2.0428 5.4299 6.2051
57 2.0461 5.4310 6.2067
57 2.0464 5.4311 6.2068
57 2.0466 5.4300 6.2065
57 2.0468 5.4309 6.2074
57 2.0471 5.4312 6.2083
58 2.0464 5.4300 6.2065
58 2.0457 5.4281 6.2038
58 2.0451 5.4261 6.2012
58 2.0483 5.4275 6.2059
58 2.0487 5.4278 6.2064
58 2.0491 5.4286 6.2077
58 2.0495 5.4274 6.2070
58 2.0499 5.4275 6.2079
58 2.0503 5.4284 6.2082
58 2.0496 5.4264 6.2055
58 2.0489 5.4260 6.2044
58 2.0492 5.4262 6.2074
58 2.0496 5.4251 6.2073
58 2.0499 5.4253 6.2092
58 2.0502 5.4255 6.2111
58 2.0505 5.4264 6.2120
58 2.0498 5.4253 6.2102
58 2.0491 5.4234 6.2075
58 2.0485 5.4254 6.2091
59 2.0489 5.4256 6.2104
59 2.0482 5.4279 6.2151
59 2.0548 5.4281 6.2198
59 2.0552 5.4282 6.2200
59 2.0556 5.4271 6.2192
59 2.0559 5.4272 6.2195
59 2.0563 5.4274 6.2198
59 2.0557 5.4255 6.2172
59 2.0560 5.4277 6.2188
59 2.0553 5.4258 6.2162
59 2.0556 5.4266 6.2164
59 2.0549 5.4254 6.2145
59 2.0543 5.4235 6.2119
59 2.0547 5.4235 6.2128
59 2.0549 5.4255 6.2158
59 2.0553 5.4268 6.2176
59 2.0556 5.4270 6.2185
59 2.0560 5.4271 6.2186
59 2.0564 5.4271 6.2194
59 2.0622 5.4271 6.2240
59 2.0615 5.4252 6.2214
60 2.0609 5.4232 6.2188
60 2.0602 5.4229 6.2178
60 2.0605 5.4243 6.2207
60 2.0598 5.4232 6.2189
60 2.0591 5.4212 6.2163
60 2.0595 5.4213 6.2170
60 2.0598 5.4235 6.2199
60 2.0601 5.4237 6.2202
60 2.0605 5.4242 6.2213
60 2.0608 5.4232 6.2206
60 2.0612 5.4230 6.2208
60 2.0665 5.4230 6.2237
60 2.0659 5.4211 6.2211
60 2.0652 5.4192 6.2185
61 2.0646 5.4181 6.2167
61 2.0639 5.4162 6.2141
61 2.0642 5.4184 6.2170
61 2.0646 5.4185 6.2170
61 2.0649 5.4214 6.2199
61 2.0652 5.4212 6.2201
61 2.0645 5.4193 6.2175
61 2.0676 5.4218 6.2220
61 2.0670 5.4199 6.2194
61 2.0663 5.4195 6.2184
61 2.0666 5.4202 6.2202
61 2.0669 5.4191 6.2201
61 2.0672 5.4193 6.2216
61 2.0675 5.4207 6.2245
61 2.0669 5.4188 6.2219
61 2.0662 5.4182 6.2207
61 2.0692 5.4204 6.2222
61 2.0686 5.4216 6.2227
62 2.0689 5.4223 6.2234
62 2.0692 5.4212 6.2226
62 2.0695 5.4213 6.2228
62 2.0698 5.4226 6.2241
62 2.0692 5.4207 6.2215
62 2.0685 5.4203 6.2205
62 2.0714 5.4205 6.2227
62 2.0708 5.4186 6.2201
62 2.0702 5.4181 6.2190
62 2.0704 5.4183 6.2192
62 2.0707 5.4183 6.2193
62 2.0709 5.4191 6.2201
62 2.0712 5.4193 6.2202
62 2.0714 5.4204 6.2211
62 2.0708 5.4198 6.2199
62 2.0701 5.4209 6.2203
62 2.0704 5.4218 6.2211
62 2.0707 5.4230 6.2222
62 2.0709 5.4235 6.2233
62 2.0712 5.4252 6.2255
62 2.0714 5.4264 6.2271
62 2.0716 5.4264 6.2274
62 2.0710 5.4245 6.2248
63 2.0703 5.4258 6.2255
63 2.0697 5.4239 6.2229
63 2.0691 5.4235 6.2218
63 2.0694 5.4286 6.2263
63 2.0697 5.4321 6.2307
63 2.0699 5.4310 6.2305
63 2.0701 5.4308 6.2312
63 2.0703 5.4314 6.2330
63 2.0706 5.4339 6.2359
63 2.0709 5.4356 6.2387
63 2.0702 5.4337 6.2361
63 2.0696 5.4326 6.2344
63 2.0690 5.4308 6.2320
63 2.0693 5.4306 6.2326
63 2.0695 5.4323 6.2341
63 2.0698 5.4348 6.2385
63 2.0691 5.4353 6.2430
63 2.0685 5.4334 6.2404
63 2.0688 5.4334 6.2448
63 2.0682 5.4315 6.2423
63 2.0676 5.4310 6.2411
64 2.0678 5.4318 6.2429
64 2.0672 5.4299 6.2404
64 2.0665 5.4280 6.2378
64 2.0659 5.4269 6.2361
64 2.0653 5.4252 6.2337
64 2.0681 5.4280 6.2365
64 2.0685 5.4286 6.2376
64 2.0688 5.4288 6.2383
64 2.0691 5.4289 6.2391
64 2.0694 5.4279 6.2384
64 2.0688 5.4261 6.2358
64 2.0691 5.4268 6.2369
64 2.0694 5.4276 6.2376
64 2.0688 5.4257 6.2350
64 2.0682 5.4253 6.2340
64 2.0676 5.4234 6.2315
64 2.0678 5.4234 6.2316
64 2.0681 5.4258 6.2343
64 2.0674 5.4239 6.2318
64 2.0668 5.4229 6.2301
64 2.0662 5.4211 6.2278
65 2.0656 5.4245 6.2305
65 2.0658 5.4261 6.2318
65 2.0661 5.4272 6.2340
65 2.0665 5.4273 6.2346
65 2.0668 5.4274 6.2347
65 2.0671 5.4264 6.2339
65 2.0674 5.4263 6.2367
65 2.0676 5.4297 6.2395
65 2.0670 5.4279 6.2370
65 2.0664 5.4274 6.2358
65 2.0667 5.4281 6.2364
65 2.0669 5.4302 6.2385
65 2.0663 5.4284 6.2360
65 2.0657 5.4273 6.2344
65 2.0651 5.4256 6.2320
65 2.0654 5.4273 6.2348
65 2.0657 5.4274 6.2347
65 2.0660 5.4285 6.2362
65 2.0663 5.4318 6.2390
65 2.0666 5.4323 6.2399
65 2.0660 5.4305 6.2374
66 2.0663 5.4323 6.2396
66 2.0657 5.4305 6.2371
66 2.0651 5.4301 6.2360
66 2.0654 5.4328 6.2382
66 2.0656 5.4343 6.2393
66 2.0659 5.4366 6.2411
66 2.0653 5.4348 6.2386
66 2.0647 5.4338 6.2369
66 2.0641 5.4321 6.2346
66 2.0644 5.4333 6.2355
66 2.0671 5.4355 6.2398
66 2.0698 5.4359 6.2441
66 2.0724 5.4358 6.2468
66 2.0750 5.4348 6.2511
66 2.0744 5.4329 6.2486
66 2.0738 5.4324 6.2475
66 2.0741 5.4337 6.2517
66 2.0735 5.4319 6.2492
67 2.0738 5.4321 6.2495
67 2.0732 5.4303 6.2470
67 2.0726 5.4292 6.2454
67 2.0720 5.4276 6.2431
67 2.0723 5.4276 6.2430
67 2.0725 5.4266 6.2423
67 2.0728 5.4268 6.2425
67 2.0731 5.4280 6.2436
67 2.0725 5.4261 6.2411
67 2.0719 5.4257 6.2401
67 2.0722 5.4259 6.2412
67 2.0716 5.4241 6.2387
67 2.0710 5.4236 6.2377
67 2.0735 5.4253 6.2404
67 2.0738 5.4255 6.2421
67 2.0741 5.4256 6.2439
67 2.0744 5.4262 6.2481
67 2.0746 5.4264 6.2508
67 2.0749 5.4274 6.2516
67 2.0743 5.4255 6.2491
67 2.0737 5.4237 6.2467
67 2.0731 5.4227 6.2451
67 2.0725 5.4211 6.2428
68 2.0728 5.4220 6.2435
68 2.0730 5.4227 6.2452
68 2.0724 5.4208 6.2428
68 2.0718 5.4204 6.2417
68 2.0721 5.4252 6.2459
68 2.0724 5.4261 6.2480
68 2.0727 5.4263 6.2501
68 2.0729 5.4263 6.2522
68 2.0732 5.4264 6.2537
68 2.0734 5.4272 6.2558
68 2.0737 5.4272 6.2579
68 2.0731 5.4254 6.2555
68 2.0725 5.4244 6.2539
68 2.0719 5.4227 6.2516
68 2.0722 5.4235 6.2518
68 2.0724 5.4234 6.2519
68 2.0718 5.4216 6.2495
69 2.0721 5.4237 6.2536
69 2.0715 5.4219 6.2512
69 2.0709 5.4215 6.2502
69 2.0711 5.4242 6.2528
69 2.0714 5.4250 6.2546
69 2.0708 5.4245 6.2535
69 2.0710 5.4246 6.2576
69 2.0705 5.4228 6.2552
69 2.0699 5.4218 6.2536
69 2.0693 5.4202 6.2514
69 2.0696 5.4204 6.2518
69 2.0699 5.4209 6.2526
69 2.0702 5.4200 6.2519
69 2.0705 5.4198 6.2520
69 2.0707 5.4215 6.2561
69 2.0701 5.4197 6.2537
69 2.0696 5.4192 6.2526
69 2.0698 5.4211 6.2541
69 2.0692 5.4193 6.2517
69 2.0717 5.4200 6.2529
70 2.0719 5.4213 6.2544
70 2.0714 5.4195 6.2520
70 2.0708 5.4185 6.2504
70 2.0702 5.4169 6.2482
70 2.0705 5.4181 6.2503
70 2.0708 5.4182 6.2510
70 2.0710 5.4173 6.2503
70 2.0713 5.4179 6.2512
70 2.0716 5.4182 6.2515
70 2.0710 5.4164 6.2491
70 2.0713 5.4171 6.2493
70 2.0707 5.4153 6.2469
70 2.0710 5.4155 6.2478
70 2.0704 5.4137 6.2455
70 2.0706 5.4144 6.2459
70 2.0709 5.4161 6.2472
70 2.0703 5.4143 6.2448
70 2.0697 5.4133 6.2433
70 2.0692 5.4118 6.2411
70 2.0686 5.4133 6.2424
71 2.0689 5.4135 6.2426
71 2.0691 5.4137 6.2429
71 2.0694 5.4139 6.2430
71 2.0697 5.4130 6.2423
71 2.0699 5.4130 6.2423
71 2.0702 5.4149 6.2435
71 2.0696 5.4131 6.2412
71 2.0691 5.4126 6.2401
71 2.0693 5.4133 6.2427
71 2.0696 5.4132 6.2428
71 2.0690 5.4115 6.2404
71 2.0684 5.4105 6.2389
71 2.0679 5.4090 6.2367
71 2.0681 5.4105 6.2385
71 2.0684 5.4114 6.2397
71 2.0687 5.4116 6.2403
71 2.0689 5.4116 6.2402
71 2.0692 5.4117 6.2409
71 2.0686 5.4100 6.2386
72 2.0689 5.4099 6.2394
72 2.0683 5.4082 6.2370
72 2.0678 5.4078 6.2361
72 2.0680 5.4090 6.2369
72 2.0683 5.4088 6.2376
72 2.0685 5.4080 6.2374
72 2.0688 5.4084 6.2384
72 2.0690 5.4086 6.2398
72 2.0692 5.4087 6.2401
72 2.0687 5.4097 6.2406
72 2.0689 5.4108 6.2413
72 2.0684 5.4091 6.2389
72 2.0678 5.4082 6.2374
72 2.0673 5.4067 6.2353
72 2.0675 5.4085 6.2370
72 2.0670 5.4068 6.2347
72 2.0664 5.4063 6.2337
72 2.0667 5.4064 6.2340
72 2.0661 5.4047 6.2317
72 2.0656 5.4043 6.2307
72 2.0658 5.4053 6.2316
72 2.0660 5.4054 6.2319
72 2.0663 5.4055 6.2327
72 2.0665 5.4046 6.2325
73 2.0660 5.4041 6.2315
73 2.0662 5.4041 6.2315
73 2.0656 5.4052 6.2321
73 2.0651 5.4043 6.2306
73 2.0645 5.4028 6.2285
73 2.0640 5.4025 6.2276
73 2.0642 5.4036 6.2285
73 2.0637 5.4019 6.2262
73 2.0631 5.4015 6.2252
73 2.0634 5.4014 6.2269
73 2.0628 5.4009 6.2258
73 2.0631 5.4014 6.2273
73 2.0633 5.4005 6.2273
73 2.0636 5.4007 6.2286
73 2.0638 5.4018 6.2306
73 2.0662 5.4036 6.2319
73 2.0664 5.4038 6.2321
73 2.0659 5.4034 6.2311
73 2.0653 5.4019 6.2291
74 2.0648 5.4014 6.2280
74 2.0650 5.4016 6.2306
74 2.0645 5.4042 6.2326
74 2.0647 5.4062 6.2347
74 2.0649 5.4063 6.2349
74 2.0652 5.4069 6.2356
74 2.0654 5.4070 6.2357
74 2.0656 5.4077 6.2364
74 2.0651 5.4100 6.2380
74 2.0645 5.4120 6.2395
74 2.0640 5.4106 6.2375
74 2.0642 5.4112 6.2376
74 2.0637 5.4107 6.2365
74 2.0639 5.4113 6.2371
75 2.0642 5.4112 6.2385
75 2.0636 5.4123 6.2390
75 2.0631 5.4119 6.2381
75 2.0625 5.4114 6.2370
75 2.0620 5.4099 6.2349
75 2.0623 5.4100 6.2357
75 2.0618 5.4095 6.2346
75 2.0612 5.4078 6.2323
75 2.0607 5.4064 6.2303
75 2.0610 5.4089 6.2329
76 2.0604 5.4084 6.2318
76 2.0599 5.4093 6.2321
76 2.0602 5.4104 6.2347
76 2.0596 5.4098 6.2335
76 2.0591 5.4093 6.2324
76 2.0593 5.4109 6.2341
76 2.0588 5.4103 6.2330
76 2.0590 5.4105 6.2342
76 2.0592 5.4109 6.2350
76 2.0594 5.4127 6.2367
76 2.0597 5.4126 6.2373
76 2.0591 5.4120 6.2362
76 2.0593 5.4127 6.2366
76 2.0588 5.4120 6.2354
77 2.0591 5.4151 6.2393
77 2.0593 5.4160 6.2401
77 2.0595 5.4161 6.2402
77 2.0597 5.4161 6.2409
77 2.0599 5.4170 6.2422
77 2.0594 5.4180 6.2426
77 2.0588 5.4176 6.2417
77 2.0591 5.4198 6.2455
77 2.0586 5.4184 6.2435
77 2.0581 5.4180 6.2426
77 2.0647 5.4186 6.2464
77 2.0650 5.4188 6.2468
77 2.0653 5.4191 6.2475
77 2.0655 5.4208 6.2500
77 2.0658 5.4207 6.2501
77 2.0660 5.4207 6.2504
