5 0.0000 0.0000 0.0000
5 0.0000 1.0000 1.0000
5 0.0000 1.5850 1.5850
5 0.8113 1.5000 2.0000
5 1.3710 1.9219 2.3219
5 1.4591 2.2516 2.5850
5 1.3788 2.5216 2.8074
5 1.5000 2.5000 3.0000
5 1.8366 2.7255 3.1699
5 1.8464 2.9219 3.3219
5 1.8231 3.0958 3.4594
5 1.7842 3.2516 3.5850
6 1.8262 3.2389 3.7004
6 1.7885 3.2359 3.8074
6 1.7819 3.2402 3.9069
6 1.8829 3.2028 4.0000
6 1.9328 3.3372 4.0875
6 1.9547 3.4613 4.1699
6 1.9593 3.5766 4.2479
7 1.9855 3.5842 4.3219
7 1.9952 3.5352 4.2971
7 1.9940 3.5503 4.3685
7 1.9853 3.5670 4.4366
7 2.1524 3.6683 4.5016
7 2.1430 3.7639 4.5639
7 2.1285 3.7483 4.6235
7 2.1104 3.7360 4.6067
7 2.1020 3.7534 4.6645
7 2.2460 3.7714 4.7200
7 2.2519 3.7647 4.7069
7 2.2336 3.8489 4.7606
7 2.2133 3.9292 4.8125
7 2.2049 3.9455 4.8626
7 2.1855 3.9620 4.9110
7 2.1988 4.0360 4.9579
7 2.2058 4.0515 4.9477
7 2.2079 4.0468 4.9932
7 2.1915 4.1158 5.0374
7 2.1871 4.1311 5.0803
8 2.2511 4.1964 5.1219
8 2.2348 4.2107 5.1624
8 2.2361 4.2728 5.2018
8 2.2794 4.2863 5.2402
8 2.2899 4.3454 5.2776
8 2.2962 4.3413 5.3141
8 2.2989 4.3381 5.3496
8 2.2987 4.3253 5.3844
9 2.3293 4.3813 5.4183
9 2.3268 4.3948 5.4514
9 2.3224 4.3835 5.4839
9 2.3164 4.3660 5.4763
9 2.3090 4.3661 5.5081
9 2.3627 4.4188 5.5392
9 2.3539 4.3978 5.5187
9 2.3441 4.3899 5.5495
9 2.3368 4.3763 5.5439
9 2.3269 4.3636 5.5389
9 2.3164 4.3665 5.5346
9 2.3399 4.3698 5.5648
9 2.3290 4.3652 5.5610
9 2.4115 4.3551 5.5905
9 2.3994 4.3516 5.6194
9 2.3868 4.3344 5.5963
9 2.3739 4.3321 5.5938
9 2.3608 4.3201 5.5916
9 2.4080 4.3052 5.6202
9 2.3944 4.3044 5.6071
10 2.4008 4.3517 5.6352
10 2.3875 4.3509 5.6338
10 2.3741 4.3504 5.6614
10 2.4087 4.3410 5.6884
10 2.4357 4.3259 5.7150
10 2.4573 4.3216 5.7411
10 2.4621 4.3292 5.7668
10 2.4794 4.3256 5.7921
10 2.4666 4.3222 5.7807
10 2.4808 4.3154 5.8056
10 2.4682 4.3334 5.8301
10 2.4554 4.3512 5.8543
10 2.4426 4.3687 5.8781
10 2.4298 4.3662 5.8768
10 2.4476 4.3604 5.9001
10 2.4598 4.3550 5.9231
10 2.4472 4.3963 5.9458
11 2.4539 4.4369 5.9681
11 2.4641 4.4285 5.9668
11 2.4692 4.4365 5.9888
11 2.4775 4.4445 6.0105
11 2.4828 4.4369 6.0318
11 2.4714 4.4296 6.0222
11 2.4784 4.4205 6.0214
11 2.4930 4.4236 6.0207
11 2.5052 4.4131 6.0417
11 2.5153 4.4128 6.0411
11 2.5237 4.4070 6.0618
11 2.5280 4.3993 6.0822
11 2.5336 4.3920 6.0817
12 2.5406 4.4089 6.1018
12 2.5462 4.4458 6.1216
12 2.5507 4.4369 6.1137
12 2.5541 4.4266 6.1135
12 2.5447 4.4183 6.1012
12 2.5474 4.4192 6.1208
12 2.5523 4.4099 6.1210
12 2.5561 4.4455 6.1403
12 2.5590 4.4546 6.1594
12 2.5629 4.4590 6.1596
12 2.5650 4.4936 6.1784
13 2.5701 4.5093 6.1786
13 2.5716 4.5102 6.1971
13 2.5748 4.5015 6.1974
13 2.5757 4.5059 6.2157
13 2.5759 4.4963 6.2161
13 2.5785 4.4952 6.2165
13 2.5812 4.5281 6.2345
13 2.5740 4.5270 6.2285
13 2.5666 4.5221 6.2185
13 2.5592 4.5133 6.2057
13 2.5595 4.5106 6.2068
13 2.5620 4.5124 6.2079
13 2.5639 4.5214 6.2257
13 2.5688 4.5304 6.2432
13 2.5689 4.5353 6.2606
13 2.5703 4.5373 6.2617
13 2.6169 4.5462 6.2788
14 2.6164 4.5511 6.2957
14 2.6096 4.5561 6.2968
14 2.6027 4.5610 6.2979
14 2.6069 4.5698 6.2932
14 2.6079 4.5663 6.3098
14 2.6084 4.5615 6.3111
14 2.6113 4.5598 6.3066
14 2.6136 4.5687 6.3080
14 2.6154 4.5610 6.3095
15 2.6151 4.5662 6.3258
15 2.6145 4.5620 6.3217
15 2.6135 4.5539 6.3178
15 2.6122 4.5546 6.3339
15 2.6351 4.5636 6.3355
15 2.6293 4.5664 6.3318
15 2.6234 4.5692 6.3477
15 2.6174 4.5656 6.3406
15 2.6181 4.5575 6.3424
15 2.6169 4.5585 6.3443
15 2.6110 4.5865 6.3600
15 2.6096 4.6005 6.3755
15 2.6079 4.6143 6.3909
15 2.6086 4.6416 6.4061
15 2.6030 4.6685 6.4212
15 2.6012 4.6819 6.4362
15 2.5957 4.6825 6.4510
16 2.6002 4.6816 6.4657
16 2.6042 4.6947 6.4803
16 2.6076 4.7208 6.4947
16 2.6341 4.7185 6.5091
16 2.6555 4.7313 6.5233
16 2.6735 4.7280 6.5246
16 2.7119 4.7359 6.5386
16 2.7122 4.7338 6.5352
16 2.7147 4.7387 6.5366
16 2.7091 4.7346 6.5381
16 2.7112 4.7306 6.5395
17 2.7264 4.7301 6.5533
17 2.7264 4.7381 6.5548
17 2.7246 4.7409 6.5685
17 2.7418 4.7419 6.5820
17 2.7397 4.7346 6.5760
17 2.7545 4.7343 6.5894
17 2.7674 4.7468 6.6027
17 2.7652 4.7425 6.5997
17 2.7600 4.7411 6.5968
17 2.7547 4.7370 6.5911
17 2.7524 4.7347 6.5927
17 2.7472 4.7300 6.5851
17 2.7419 4.7270 6.5777
17 2.7396 4.7232 6.5752
17 2.7399 4.7313 6.5884
17 2.7347 4.7303 6.5902
17 2.7295 4.7276 6.5851
17 2.7273 4.7240 6.5828
17 2.7221 4.7192 6.5743
18 2.7248 4.7273 6.5763
18 2.7271 4.7278 6.5743
18 2.7291 4.7332 6.5873
18 2.7270 4.7326 6.5893
18 2.7247 4.7287 6.5847
18 2.7272 4.7226 6.5828
18 2.7249 4.7177 6.5810
18 2.7270 4.7164 6.5766
18 2.7223 4.7219 6.5789
18 2.7229 4.7198 6.5917
18 2.7182 4.7234 6.5900
18 2.7134 4.7183 6.5812
18 2.7112 4.7156 6.5771
18 2.7065 4.7193 6.5795
18 2.7016 4.7161 6.5781
18 2.6995 4.7123 6.5742
19 2.6947 4.7204 6.5767
19 2.6970 4.7205 6.5754
19 2.6922 4.7153 6.5662
19 2.6931 4.7177 6.5651
20 2.6937 4.7294 6.5677
20 2.6958 4.7259 6.5667
20 2.7069 4.7205 6.5791
20 2.7073 4.7230 6.5818
20 2.7174 4.7177 6.5941
20 2.7197 4.7150 6.5967
20 2.7217 4.7119 6.5957
21 2.7235 4.7082 6.5924
21 2.7238 4.7139 6.5914
21 2.7253 4.7135 6.5882
21 2.7209 4.7095 6.5834
21 2.7211 4.7122 6.5862
22 2.7168 4.7137 6.5854
22 2.7258 4.7086 6.5882
23 2.7340 4.7064 6.6003
23 2.7416 4.7062 6.6123
23 2.7484 4.7090 6.6242
23 2.7441 4.7049 6.6182
23 2.7398 4.6997 6.6094
23 2.7399 4.7006 6.6088
23 2.7356 4.6986 6.6031
23 2.7312 4.6987 6.6025
23 2.7268 4.6945 6.5958
23 2.7224 4.6893 6.5868
24 2.7226 4.6935 6.5843
24 2.7342 4.6994 6.5961
24 2.7358 4.6989 6.5920
24 2.7315 4.7031 6.5917
24 2.7271 4.7033 6.5893
24 2.7227 4.7012 6.5854
24 2.7182 4.6960 6.5762
24 2.7138 4.6980 6.5740
24 2.7140 4.6977 6.5718
24 2.7095 4.6952 6.5697
25 2.7160 4.6949 6.5729
25 2.7116 4.6897 6.5636
25 2.7117 4.7008 6.5752
25 2.7134 4.6985 6.5868
25 2.7090 4.6931 6.5771
25 2.7047 4.6893 6.5724
25 2.7150 4.6839 6.5839
25 2.7151 4.6861 6.5820
25 2.7176 4.6861 6.5786
25 2.7132 4.6825 6.5723
26 2.7148 4.6809 6.5837
26 2.7148 4.6888 6.5839
26 2.7106 4.6850 6.5770
26 2.7105 4.6873 6.5773
26 2.7063 4.6868 6.5806
26 2.7020 4.6849 6.5763
27 2.7019 4.6882 6.5733
27 2.6976 4.6830 6.5640
27 2.7001 4.6827 6.5625
27 2.7023 4.6842 6.5738
27 2.7039 4.6789 6.5772
27 2.6997 4.6768 6.5743
27 2.6996 4.6778 6.5777
27 2.6994 4.6776 6.5748
28 2.6990 4.6960 6.5860
28 2.6986 4.7066 6.5893
28 2.7046 4.7046 6.6003
28 2.7102 4.7012 6.6037
29 2.7097 4.7071 6.6070
29 2.7149 4.7069 6.6103
29 2.7110 4.7046 6.6076
29 2.7104 4.7039 6.6063
29 2.7097 4.7144 6.6171
29 2.7089 4.7322 6.6279
29 2.7105 4.7303 6.6312
29 2.7067 4.7297 6.6317
30 2.7059 4.7340 6.6322
30 2.7050 4.7330 6.6296
30 2.7099 4.7280 6.6302
30 2.7145 4.7247 6.6307
31 2.7167 4.7214 6.6341
31 2.7157 4.7316 6.6374
31 2.7147 4.7341 6.6339
31 2.7111 4.7328 6.6295
31 2.7074 4.7333 6.6284
31 2.7038 4.7377 6.6318
31 2.7001 4.7410 6.6352
31 2.6964 4.7454 6.6385
31 2.6927 4.7459 6.6362
31 2.6949 4.7477 6.6396
32 2.6913 4.7577 6.6499
32 2.6904 4.7543 6.6506
32 2.6921 4.7643 6.6609
32 2.6912 4.7654 6.6599
32 2.6933 4.7654 6.6606
32 2.6977 4.7687 6.6613
32 2.6968 4.7688 6.6620
33 2.7009 4.7760 6.6722
33 2.7097 4.7785 6.6823
33 2.7087 4.7857 6.6855
33 2.7052 4.7823 6.6816
33 2.7017 4.7791 6.6758
33 2.6982 4.7771 6.6727
33 2.6946 4.7726 6.6650
33 2.6937 4.7745 6.6630
33 2.6954 4.7731 6.6663
33 2.6970 4.7697 6.6763
33 2.6935 4.7681 6.6726
33 2.6900 4.7680 6.6706
33 2.6866 4.7635 6.6628
33 2.6831 4.7605 6.6569
33 2.6796 4.7571 6.6527
34 2.6959 4.7535 6.6626
34 2.6924 4.7530 6.6620
34 2.6939 4.7527 6.6654
34 2.6953 4.7483 6.6663
34 2.6918 4.7467 6.6622
34 2.6910 4.7487 6.6720
34 2.6901 4.7474 6.6730
34 2.6867 4.7430 6.6653
34 2.6858 4.7486 6.6663
34 2.6824 4.7470 6.6638
34 2.6789 4.7485 6.6633
34 2.6780 4.7579 6.6667
35 2.6746 4.7623 6.6764
35 2.6712 4.7605 6.6731
35 2.6678 4.7620 6.6742
35 2.6643 4.7577 6.6665
35 2.6609 4.7543 6.6622
35 2.6575 4.7554 6.6618
35 2.6540 4.7597 6.6714
35 2.6505 4.7603 6.6690
35 2.6471 4.7587 6.6659
35 2.6436 4.7657 6.6754
36 2.6402 4.7711 6.6789
36 2.6395 4.7722 6.6823
36 2.6361 4.7791 6.6857
36 2.6326 4.7845 6.6868
36 2.6351 4.7847 6.6854
36 2.6316 4.7900 6.6948
36 2.6310 4.7969 6.6959
37 2.6334 4.7995 6.6993
37 2.6300 4.8038 6.7027
37 2.6266 4.8027 6.6992
37 2.6232 4.8023 6.6970
37 2.6226 4.8029 6.6981
37 2.6219 4.8040 6.6968
37 2.6186 4.8074 6.6980
37 2.6152 4.8094 6.6992
37 2.6119 4.8054 6.6920
38 2.6085 4.8120 6.6954
38 2.6052 4.8123 6.6927
38 2.6018 4.8157 6.6939
38 2.6012 4.8191 6.6938
38 2.6007 4.8197 6.6918
38 2.6000 4.8201 6.7009
38 2.6024 4.8194 6.7100
38 2.6046 4.8164 6.7099
38 2.6014 4.8171 6.7087
39 2.6033 4.8174 6.7177
39 2.6000 4.8178 6.7176
39 2.6078 4.8230 6.7266
39 2.6046 4.8231 6.7278
39 2.6013 4.8223 6.7252
39 2.5981 4.8192 6.7211
39 2.5975 4.8213 6.7185
39 2.5943 4.8278 6.7219
39 2.5911 4.8294 6.7218
40 2.5878 4.8359 6.7252
40 2.5846 4.8360 6.7221
40 2.5813 4.8361 6.7255
40 2.5808 4.8362 6.7230
40 2.5828 4.8331 6.7264
40 2.5846 4.8317 6.7298
40 2.5919 4.8285 6.7385
40 2.5936 4.8269 6.7398
40 2.5931 4.8286 6.7368
40 2.5899 4.8253 6.7326
40 2.5868 4.8236 6.7297
41 2.5863 4.8242 6.7280
41 2.5885 4.8276 6.7366
41 2.5854 4.8288 6.7453
41 2.5823 4.8268 6.7408
41 2.5792 4.8256 6.7379
41 2.5761 4.8223 6.7335
41 2.5729 4.8205 6.7302
41 2.5725 4.8171 6.7316
41 2.5742 4.8164 6.7330
41 2.5711 4.8131 6.7283
41 2.5680 4.8124 6.7256
41 2.5703 4.8131 6.7290
41 2.5672 4.8111 6.7244
42 2.5641 4.8077 6.7182
42 2.5658 4.8111 6.7196
42 2.5675 4.8112 6.7182
42 2.5644 4.8116 6.7175
42 2.5614 4.8108 6.7144
42 2.5583 4.8073 6.7082
42 2.5553 4.8056 6.7048
42 2.5575 4.8061 6.7133
43 2.5572 4.8065 6.7113
44 2.5568 4.8093 6.7107
44 2.5589 4.8082 6.7110
44 2.5633 4.8051 6.7113
44 2.5629 4.8053 6.7089
44 2.5645 4.8055 6.7173
44 2.5712 4.8036 6.7257
44 2.5753 4.8003 6.7260
44 2.5723 4.8003 6.7254
44 2.5738 4.7983 6.7249
45 2.5753 4.7961 6.7236
45 2.5749 4.7973 6.7208
45 2.5719 4.7971 6.7195
45 2.5690 4.7949 6.7151
45 2.5661 4.7916 6.7091
45 2.5657 4.7920 6.7079
46 2.5629 4.7928 6.7114
46 2.5600 4.7929 6.7102
47 2.5614 4.7896 6.7106
47 2.5585 4.7874 6.7061
47 2.5582 4.7873 6.7044
47 2.5553 4.7924 6.7127
47 2.5549 4.7890 6.7131
47 2.5545 4.7894 6.7120
47 2.5517 4.7889 6.7095
47 2.5488 4.7931 6.7129
47 2.5460 4.7909 6.7083
47 2.5432 4.7910 6.7165
47 2.5404 4.7908 6.7148
48 2.5376 4.7875 6.7090
48 2.5438 4.7870 6.7171
48 2.5453 4.7921 6.7252
48 2.5467 4.7919 6.7236
48 2.5439 4.7913 6.7208
48 2.5411 4.7879 6.7149
48 2.5383 4.7914 6.7166
48 2.5355 4.8039 6.7246
48 2.5468 4.8026 6.7327
48 2.5482 4.8020 6.7360
48 2.5454 4.7986 6.7301
48 2.5426 4.7972 6.7270
49 2.5398 4.8096 6.7350
49 2.5370 4.8124 6.7355
49 2.5368 4.8117 6.7335
49 2.5365 4.8108 6.7415
49 2.5362 4.8109 6.7400
49 2.5375 4.8099 6.7433
49 2.5397 4.8133 6.7512
49 2.5370 4.8111 6.7467
50 2.5343 4.8106 6.7440
50 2.5340 4.8166 6.7474
50 2.5313 4.8144 6.7427
50 2.5309 4.8185 6.7444
50 2.5283 4.8177 6.7425
50 2.5256 4.8298 6.7503
50 2.5229 4.8294 6.7481
50 2.5202 4.8323 6.7498
50 2.5175 4.8320 6.7484
50 2.5148 4.8313 6.7455
51 2.5145 4.8354 6.7488
51 2.5119 4.8322 6.7431
51 2.5092 4.8307 6.7400
51 2.5089 4.8303 6.7407
51 2.5086 4.8308 6.7413
51 2.5083 4.8308 6.7396
51 2.5080 4.8348 6.7413
51 2.5094 4.8345 6.7490
51 2.5068 4.8349 6.7488
51 2.5042 4.8343 6.7464
52 2.5038 4.8351 6.7439
52 2.5034 4.8343 6.7419
52 2.5009 4.8349 6.7398
52 2.5023 4.8373 6.7474
52 2.4997 4.8375 6.7467
52 2.4971 4.8354 6.7423
52 2.4946 4.8387 6.7456
53 2.4986 4.8378 6.7490
53 2.4982 4.8355 6.7497
53 2.4979 4.8380 6.7504
53 2.4975 4.8386 6.7537
53 2.4971 4.8365 6.7613
53 2.4966 4.8382 6.7630
53 2.4962 4.8388 6.7705
53 2.4985 4.8392 6.7738
54 2.4960 4.8389 6.7770
54 2.4935 4.8392 6.7764
54 2.4911 4.8465 6.7796
54 2.4925 4.8485 6.7870
54 2.4947 4.8509 6.7944
54 2.4922 4.8480 6.7891
55 2.4898 4.8519 6.7908
55 2.4873 4.8540 6.7924
55 2.4849 4.8534 6.7899
55 2.4824 4.8512 6.7866
55 2.4846 4.8516 6.7883
55 2.4822 4.8510 6.7855
56 2.4797 4.8543 6.7862
56 2.4773 4.8545 6.7862
56 2.4748 4.8517 6.7809
56 2.4763 4.8518 6.7841
56 2.4759 4.8525 6.7817
56 2.4735 4.8581 6.7834
57 2.4711 4.8598 6.7842
57 2.4687 4.8603 6.7859
57 2.4684 4.8574 6.7859
57 2.4660 4.8567 6.7830
58 2.4682 4.8559 6.7847
58 2.4658 4.8562 6.7855
58 2.4672 4.8554 6.7872
58 2.4648 4.8568 6.7873
58 2.4645 4.8560 6.7852
59 2.4642 4.8550 6.7853
59 2.4638 4.8578 6.7861
59 2.4635 4.8580 6.7847
59 2.4656 4.8552 6.7879
60 2.4670 4.8580 6.7911
60 2.4647 4.8570 6.7881
60 2.4643 4.8603 6.7889
60 2.4639 4.8636 6.7907
60 2.4660 4.8648 6.7924
61 2.4656 4.8665 6.7920
61 2.4633 4.8675 6.7915
61 2.4610 4.8664 6.7884
61 2.4624 4.8644 6.7901
61 2.4644 4.8646 6.7910
61 2.4622 4.8652 6.7927
62 2.4635 4.8631 6.7935
62 2.4612 4.8646 6.7944
62 2.4625 4.8650 6.7961
62 2.4602 4.8651 6.7957
62 2.4580 4.8640 6.7931
62 2.4557 4.8641 6.7922
63 2.4554 4.8620 6.7924
63 2.4532 4.8620 6.7915
63 2.4552 4.8623 6.7985
64 2.4548 4.8622 6.8055
64 2.4561 4.8611 6.8063
64 2.4539 4.8609 6.8051
64 2.4517 4.8612 6.8059
64 2.4513 4.8614 6.8035
64 2.4510 4.8593 6.8032
65 2.4506 4.8593 6.8016
65 2.4484 4.8593 6.8018
65 2.4480 4.8586 6.7998
65 2.4459 4.8592 6.7980
65 2.4437 4.8572 6.7950
66 2.4433 4.8563 6.7928
66 2.4411 4.8565 6.7930
66 2.4424 4.8574 6.7999
66 2.4403 4.8579 6.7978
66 2.4399 4.8577 6.7964
66 2.4412 4.8577 6.7973
66 2.4390 4.8561 6.7937
67 2.4386 4.8558 6.7919
67 2.4365 4.8547 6.7893
67 2.4344 4.8542 6.7879
67 2.4340 4.8555 6.7872
67 2.4319 4.8555 6.7870
68 2.4298 4.8534 6.7840
68 2.4294 4.8637 6.7908
68 2.4290 4.8740 6.7976
69 2.4286 4.8842 6.8044
69 2.4282 4.8869 6.8047
69 2.4261 4.8860 6.8017
70 2.4257 4.8870 6.8007
70 2.4270 4.8877 6.8039
70 2.4249 4.8881 6.8017
70 2.4245 4.8876 6.7999
70 2.4257 4.8875 6.8002
70 2.4237 4.8898 6.8020
70 2.4216 4.8883 6.7984
71 2.4212 4.8948 6.8016
71 2.4192 4.8947 6.7997
71 2.4172 4.8975 6.8007
71 2.4151 4.9002 6.8017
71 2.4147 4.8994 6.7994
71 2.4127 4.9017 6.7997
71 2.4123 4.9012 6.7977
72 2.4103 4.9011 6.7957
72 2.4082 4.9010 6.7956
72 2.4062 4.9053 6.8022
72 2.4075 4.9053 6.8012
72 2.4071 4.9044 6.7989
72 2.4051 4.9028 6.7953
73 2.4031 4.9027 6.7934
73 2.4011 4.9016 6.7908
73 2.4007 4.9040 6.7912
73 2.3987 4.9034 6.7897
73 2.3983 4.9034 6.7883
73 2.3964 4.9015 6.7855
74 2.3960 4.9021 6.7865
74 2.3956 4.9084 6.7897
74 2.3936 4.9075 6.7869
74 2.3932 4.9139 6.7901
74 2.3912 4.9189 6.7932
74 2.3893 4.9182 6.7915
75 2.3873 4.9180 6.7895
75 2.3869 4.9207 6.7905
75 2.3882 4.9188 6.7909
75 2.3863 4.9230 6.7928
75 2.3859 4.9250 6.7928
75 2.3840 4.9243 6.7909
75 2.3820 4.9240 6.7905
76 2.3816 4.9336 6.7969
76 2.3797 4.9339 6.7949
76 2.3778 4.9317 6.7909
76 2.3759 4.9344 6.7941
77 2.3755 4.9347 6.7945
77 2.3751 4.9367 6.7945
77 2.3732 4.9408 6.7956
77 2.3728 4.9423 6.7960
77 2.3724 4.9422 6.7945
77 2.3705 4.9401 6.7905
77 2.3686 4.9391 6.7877
78 2.3699 4.9369 6.7882
78 2.3695 4.9387 6.7878
78 2.3708 4.9377 6.7889
78 2.3704 4.9400 6.7894
78 2.3685 4.9404 6.7890
78 2.3667 4.9403 6.7883
78 2.3648 4.9380 6.7844
79 2.3644 4.9390 6.7834
79 2.3626 4.9413 6.7839
79 2.3607 4.9402 6.7811
79 2.3603 4.9398 6.7793
79 2.3585 4.9380 6.7766
79 2.3566 4.9361 6.7739
80 2.3562 4.9353 6.7717
80 2.3544 4.9351 6.7711
80 2.3526 4.9341 6.7688
80 2.3522 4.9390 6.7707
80 2.3535 4.9387 6.7708
80 2.3548 4.9368 6.7709
80 2.3530 4.9363 6.7700
81 2.3511 4.9359 6.7691
81 2.3508 4.9389 6.7703
81 2.3520 4.9370 6.7700
81 2.3516 4.9362 6.7678
81 2.3498 4.9356 6.7667
82 2.3480 4.9357 6.7664
82 2.3462 4.9348 6.7656
82 2.3475 4.9329 6.7650
82 2.3457 4.9319 6.7627
83 2.3469 4.9318 6.7646
83 2.3465 4.9336 6.7644
83 2.3448 4.9336 6.7639
83 2.3459 4.9323 6.7637
83 2.3442 4.9322 6.7628
83 2.3424 4.9330 6.7640
83 2.3407 4.9328 6.7630
83 2.3389 4.9314 6.7600
83 2.3401 4.9314 6.7592
83 2.3383 4.9330 6.7604
84 2.3366 4.9327 6.7586
84 2.3348 4.9341 6.7592
84 2.3360 4.9332 6.7599
84 2.3342 4.9352 6.7611
84 2.3325 4.9346 6.7595
84 2.3307 4.9333 6.7565
84 2.3290 4.9351 6.7571
84 2.3272 4.9344 6.7554
84 2.3284 4.9335 6.7556
84 2.3266 4.9343 6.7563
85 2.3278 4.9340 6.7561
85 2.3289 4.9321 6.7554
85 2.3271 4.9329 6.7556
85 2.3268 4.9310 6.7555
85 2.3266 4.9305 6.7538
86 2.3263 4.9286 6.7534
86 2.3260 4.9292 6.7524
86 2.3243 4.9313 6.7527
86 2.3226 4.9304 6.7502
86 2.3223 4.9299 6.7484
86 2.3206 4.9280 6.7459
86 2.3189 4.9276 6.7450
86 2.3172 4.9273 6.7439
87 2.3155 4.9267 6.7428
87 2.3138 4.9263 6.7417
87 2.3121 4.9253 6.7395
87 2.3132 4.9248 6.7391
87 2.3129 4.9248 6.7376
87 2.3140 4.9230 6.7368
87 2.3124 4.9227 6.7355
88 2.3107 4.9221 6.7343
88 2.3090 4.9221 6.7339
88 2.3073 4.9215 6.7325
88 2.3084 4.9249 6.7386
88 2.3067 4.9275 6.7446
88 2.3078 4.9256 6.7435
88 2.3061 4.9253 6.7421
88 2.3045 4.9243 6.7399
88 2.3028 4.9247 6.7383
88 2.3012 4.9247 6.7377
88 2.3022 4.9252 6.7397
89 2.3006 4.9244 6.7373
89 2.2989 4.9242 6.7365
89 2.2973 4.9261 6.7365
89 2.2970 4.9254 6.7346
89 2.2968 4.9237 6.7349
89 2.2952 4.9218 6.7326
90 2.2950 4.9211 6.7305
90 2.2960 4.9193 6.7309
90 2.2944 4.9186 6.7301
90 2.2928 4.9167 6.7277
90 2.2925 4.9162 6.7259
90 2.2909 4.9155 6.7245
90 2.2893 4.9146 6.7222
91 2.2891 4.9138 6.7201
91 2.2875 4.9133 6.7186
91 2.2859 4.9122 6.7159
91 2.2857 4.9128 6.7150
91 2.2867 4.9122 6.7170
91 2.2851 4.9114 6.7161
91 2.2835 4.9148 6.7192
92 2.2819 4.9150 6.7180
92 2.2803 4.9188 6.7239
92 2.2801 4.9212 6.7247
92 2.2785 4.9212 6.7233
92 2.2769 4.9221 6.7241
92 2.2753 4.9221 6.7226
93 2.2764 4.9220 6.7239
93 2.2762 4.9276 6.7270
93 2.2772 4.9305 6.7300
93 2.2756 4.9318 6.7305
93 2.2741 4.9341 6.7313
93 2.2725 4.9352 6.7314
93 2.2709 4.9373 6.7318
93 2.2693 4.9372 6.7301
94 2.2692 4.9377 6.7291
94 2.2676 4.9406 6.7311
94 2.2660 4.9395 6.7285
94 2.2659 4.9389 6.7268
94 2.2643 4.9390 6.7263
94 2.2627 4.9389 6.7249
95 2.2626 4.9387 6.7235
95 2.2636 4.9381 6.7231
95 2.2647 4.9372 6.7232
95 2.2631 4.9367 6.7217
95 2.2629 4.9358 6.7196
95 2.2639 4.9347 6.7195
95 2.2649 4.9336 6.7191
96 2.2648 4.9334 6.7222
96 2.2657 4.9325 6.7220
96 2.2667 4.9319 6.7214
96 2.2665 4.9363 6.7234
96 2.2674 4.9347 6.7225
97 2.2672 4.9340 6.7255
97 2.2670 4.9356 6.7254
97 2.2668 4.9354 6.7244
97 2.2691 4.9337 6.7253
97 2.2676 4.9334 6.7241
98 2.2661 4.9339 6.7239
98 2.2646 4.9322 6.7217
98 2.2656 4.9336 6.7247
98 2.2641 4.9319 6.7224
98 2.2639 4.9312 6.7229
98 2.2637 4.9350 6.7243
98 2.2622 4.9332 6.7219
99 2.2620 4.9325 6.7221
99 2.2618 4.9358 6.7230
99 2.2616 4.9340 6.7227
99 2.2613 4.9357 6.7283
99 2.2611 4.9367 6.7282
99 2.2597 4.9349 6.7258
100 2.2594 4.9364 6.7288
100 2.2592 4.9372 6.7285
100 2.2577 4.9354 6.7260
100 2.2575 4.9340 6.7262
100 2.2572 4.9332 6.7243
100 2.2558 4.9314 6.7217
100 2.2544 4.9320 6.7219
101 2.2529 4.9352 6.7228
101 2.2515 4.9334 6.7203
101 2.2537 4.9331 6.7223
101 2.2560 4.9345 6.7253
102 2.2545 4.9374 6.7258
102 2.2531 4.9370 6.7245
102 2.2517 4.9383 6.7254
102 2.2502 4.9388 6.7275
102 2.2524 4.9393 6.7304
103 2.2510 4.9397 6.7307
103 2.2520 4.9396 6.7320
103 2.2529 4.9389 6.7329
103 2.2538 4.9381 6.7327
103 2.2524 4.9389 6.7332
103 2.2545 4.9385 6.7341
104 2.2531 4.9389 6.7341
104 2.2517 4.9401 6.7346
104 2.2503 4.9396 6.7338
104 2.2489 4.9400 6.7335
104 2.2536 4.9399 6.7390
104 2.2545 4.9406 6.7420
104 2.2554 4.9398 6.7415
104 2.2563 4.9402 6.7445
104 2.2571 4.9395 6.7450
104 2.2570 4.9394 6.7438
104 2.2556 4.9398 6.7433
105 2.2601 4.9389 6.7488
105 2.2610 4.9387 6.7497
105 2.2596 4.9380 6.7477
105 2.2582 4.9386 6.7480
105 2.2568 4.9385 6.7473
105 2.2566 4.9375 6.7503
105 2.2552 4.9358 6.7478
105 2.2550 4.9354 6.7507
105 2.2548 4.9341 6.7507
106 2.2569 4.9334 6.7520
106 2.2555 4.9332 6.7513
106 2.2542 4.9319 6.7487
106 2.2528 4.9321 6.7481
106 2.2536 4.9327 6.7535
106 2.2545 4.9403 6.7588
106 2.2553 4.9423 6.7642
106 2.2551 4.9416 6.7623
106 2.2537 4.9416 6.7610
106 2.2524 4.9402 6.7584
106 2.2510 4.9454 6.7613
107 2.2518 4.9478 6.7666
107 2.2516 4.9492 6.7664
107 2.2503 4.9502 6.7667
107 2.2511 4.9498 6.7680
107 2.2518 4.9496 6.7686
107 2.2526 4.9482 6.7688
107 2.2513 4.9507 6.7741
107 2.2520 4.9512 6.7755
107 2.2507 4.9587 6.7808
107 2.2505 4.9584 6.7799
107 2.2492 4.9659 6.7851
107 2.2478 4.9664 6.7849
108 2.2465 4.9688 6.7863
108 2.2463 4.9696 6.7858
108 2.2450 4.9688 6.7841
108 2.2437 4.9763 6.7893
108 2.2423 4.9766 6.7889
108 2.2422 4.9816 6.7942
108 2.2409 4.9814 6.7928
108 2.2452 4.9809 6.7980
108 2.2450 4.9844 6.8032
108 2.2449 4.9860 6.8038
108 2.2436 4.9890 6.8057
108 2.2422 4.9940 6.8085
108 2.2409 4.9981 6.8113
108 2.2396 4.9972 6.8095
108 2.2383 4.9975 6.8089
108 2.2370 4.9972 6.8074
108 2.2357 4.9967 6.8061
109 2.2355 4.9970 6.8052
109 2.2342 5.0019 6.8104
109 2.2329 5.0012 6.8085
109 2.2316 5.0053 6.8104
109 2.2303 5.0048 6.8093
109 2.2290 5.0053 6.8093
109 2.2277 5.0044 6.8071
109 2.2275 5.0027 6.8068
109 2.2296 5.0023 6.8073
110 2.2283 5.0025 6.8066
110 2.2270 5.0009 6.8042
110 2.2257 5.0012 6.8043
110 2.2265 5.0024 6.8062
110 2.2252 5.0020 6.8053
110 2.2239 5.0012 6.8035
110 2.2247 5.0003 6.8031
110 2.2255 4.9998 6.8026
110 2.2263 4.9991 6.8029
110 2.2270 4.9995 6.8047
110 2.2277 5.0035 6.8075
110 2.2265 5.0032 6.8063
111 2.2264 5.0016 6.8058
111 2.2251 5.0011 6.8049
111 2.2238 5.0008 6.8034
111 2.2225 5.0079 6.8085
111 2.2213 5.0106 6.8098
111 2.2200 5.0097 6.8081
111 2.2187 5.0119 6.8108
111 2.2207 5.0117 6.8136
111 2.2195 5.0119 6.8132
111 2.2182 5.0137 6.8138
111 2.2169 5.0121 6.8115
112 2.2177 5.0115 6.8109
112 2.2164 5.0110 6.8098
112 2.2151 5.0114 6.8097
112 2.2139 5.0137 6.8110
112 2.2126 5.0129 6.8092
112 2.2114 5.0121 6.8073
112 2.2121 5.0143 6.8087
112 2.2120 5.0141 6.8076
112 2.2108 5.0141 6.8063
112 2.2095 5.0137 6.8049
112 2.2083 5.0137 6.8036
113 2.2082 5.0133 6.8027
113 2.2070 5.0135 6.8022
113 2.2069 5.0119 6.8016
113 2.2068 5.0141 6.8066
113 2.2056 5.0138 6.8059
113 2.2043 5.0134 6.8046
113 2.2043 5.0128 6.8029
113 2.2050 5.0119 6.8025
113 2.2049 5.0106 6.8024
113 2.2070 5.0091 6.8030
113 2.2057 5.0087 6.8015
114 2.2065 5.0075 6.8016
114 2.2072 5.0066 6.8010
114 2.2071 5.0059 6.7993
114 2.2059 5.0056 6.7977
114 2.2066 5.0073 6.8005
114 2.2065 5.0068 6.7992
114 2.2072 5.0064 6.7996
114 2.2079 5.0054 6.7989
114 2.2067 5.0050 6.7973
115 2.2087 5.0053 6.8000
115 2.2086 5.0047 6.7987
115 2.2106 5.0053 6.8014
115 2.2094 5.0037 6.7992
115 2.2082 5.0047 6.7993
115 2.2101 5.0038 6.8012
115 2.2100 5.0041 6.8004
115 2.2088 5.0056 6.8008
116 2.2095 5.0047 6.8000
116 2.2094 5.0085 6.8019
116 2.2093 5.0118 6.8068
116 2.2100 5.0165 6.8117
116 2.2107 5.0233 6.8165
116 2.2113 5.0235 6.8163
116 2.2120 5.0256 6.8182
116 2.2126 5.0270 6.8200
116 2.2132 5.0258 6.8200
116 2.2132 5.0283 6.8206
117 2.2131 5.0321 6.8224
117 2.2130 5.0329 6.8220
117 2.2118 5.0332 6.8218
117 2.2106 5.0355 6.8227
118 2.2169 5.0359 6.8276
118 2.2209 5.0355 6.8302
118 2.2248 5.0357 6.8329
118 2.2247 5.0360 6.8320
118 2.2235 5.0378 6.8338
118 2.2223 5.0395 6.8352
118 2.2212 5.0428 6.8370
118 2.2200 5.0465 6.8396
118 2.2188 5.0460 6.8380
118 2.2187 5.0455 6.8367
118 2.2225 5.0459 6.8415
118 2.2262 5.0454 6.8433
118 2.2297 5.0455 6.8451
118 2.2303 5.0488 6.8469
118 2.2292 5.0494 6.8471
118 2.2280 5.0515 6.8477
118 2.2268 5.0510 6.8460
118 2.2257 5.0542 6.8478
118 2.2245 5.0570 6.8505
119 2.2244 5.0598 6.8518
119 2.2233 5.0613 6.8527
119 2.2221 5.0632 6.8530
119 2.2209 5.0660 6.8548
119 2.2209 5.0653 6.8532
119 2.2208 5.0648 6.8518
120 2.2196 5.0651 6.8514
120 2.2202 5.0663 6.8527
120 2.2191 5.0661 6.8520
120 2.2197 5.0656 6.8521
120 2.2203 5.0659 6.8547
120 2.2209 5.0658 6.8557
120 2.2215 5.0672 6.8575
120 2.2203 5.0700 6.8588
120 2.2192 5.0718 6.8597
120 2.2198 5.0729 6.8606
120 2.2232 5.0724 6.8632
120 2.2238 5.0740 6.8641
120 2.2272 5.0742 6.8667
120 2.2277 5.0741 6.8673
120 2.2283 5.0766 6.8686
120 2.2288 5.0810 6.8712
120 2.2287 5.0804 6.8695
120 2.2276 5.0795 6.8677
120 2.2281 5.0789 6.8677
120 2.2286 5.0791 6.8695
120 2.2275 5.0803 6.8701
120 2.2264 5.0828 6.8710
120 2.2252 5.0827 6.8698
121 2.2252 5.0838 6.8696
121 2.2241 5.0839 6.8691
121 2.2240 5.0830 6.8709
121 2.2245 5.0824 6.8707
121 2.2250 5.0819 6.8717
121 2.2239 5.0850 6.8729
121 2.2228 5.0872 6.8736
121 2.2217 5.0875 6.8730
121 2.2206 5.0891 6.8731
121 2.2205 5.0888 6.8723
121 2.2194 5.0879 6.8706
122 2.2199 5.0894 6.8712
122 2.2198 5.0925 6.8725
122 2.2187 5.0919 6.8708
122 2.2187 5.0954 6.8754
122 2.2176 5.0943 6.8734
122 2.2175 5.0970 6.8780
122 2.2174 5.0980 6.8825
122 2.2173 5.1002 6.8829
122 2.2162 5.0988 6.8809
122 2.2151 5.1012 6.8822
122 2.2140 5.1001 6.8801
123 2.2130 5.1019 6.8811
123 2.2129 5.1028 6.8836
123 2.2128 5.1059 6.8861
123 2.2117 5.1049 6.8843
123 2.2116 5.1063 6.8847
123 2.2106 5.1080 6.8865
123 2.2095 5.1079 6.8853
123 2.2094 5.1100 6.8878
123 2.2093 5.1163 6.8923
123 2.2092 5.1178 6.8968
123 2.2091 5.1183 6.8963
123 2.2097 5.1199 6.8976
123 2.2086 5.1219 6.8985
123 2.2075 5.1235 6.8998
123 2.2064 5.1221 6.8978
123 2.2054 5.1263 6.9022
124 2.2059 5.1258 6.9029
124 2.2058 5.1272 6.9053
124 2.2057 5.1314 6.9078
124 2.2047 5.1310 6.9070
124 2.2036 5.1296 6.9049
124 2.2025 5.1297 6.9042
124 2.2031 5.1292 6.9044
124 2.2020 5.1293 6.9039
124 2.2019 5.1312 6.9064
124 2.2018 5.1307 6.9082
124 2.2018 5.1322 6.9106
124 2.2023 5.1310 6.9105
124 2.2028 5.1321 6.9117
124 2.2017 5.1322 6.9109
124 2.2007 5.1323 6.9104
124 2.1997 5.1318 6.9093
124 2.1986 5.1335 6.9097
125 2.1991 5.1329 6.9094
125 2.1990 5.1352 6.9118
125 2.1989 5.1362 6.9116
125 2.1979 5.1362 6.9106
125 2.1969 5.1376 6.9107
125 2.1958 5.1391 6.9109
125 2.1948 5.1386 6.9097
125 2.1938 5.1388 6.9091
125 2.1927 5.1382 6.9075
125 2.1927 5.1368 6.9070
125 2.1926 5.1366 6.9062
126 2.1925 5.1371 6.9057
126 2.1924 5.1383 6.9059
126 2.1929 5.1376 6.9056
126 2.1934 5.1391 6.9100
126 2.1939 5.1385 6.9104
126 2.1944 5.1397 6.9148
126 2.1949 5.1384 6.9143
126 2.1954 5.1385 6.9152
126 2.1944 5.1411 6.9161
126 2.1934 5.1408 6.9152
126 2.1923 5.1402 6.9138
127 2.1923 5.1404 6.9130
127 2.1913 5.1402 6.9118
127 2.1902 5.1404 6.9114
127 2.1934 5.1430 6.9157
127 2.1939 5.1428 6.9161
127 2.1944 5.1451 6.9204
127 2.1948 5.1445 6.9205
127 2.1953 5.1439 6.9201
127 2.1957 5.1450 6.9213
127 2.1947 5.1443 6.9199
128 2.1947 5.1437 6.9184
128 2.1937 5.1434 6.9175
128 2.1927 5.1420 6.9156
128 2.1926 5.1443 6.9165
128 2.1930 5.1466 6.9182
128 2.1935 5.1526 6.9225
128 2.1939 5.1536 6.9234
128 2.1943 5.1534 6.9236
128 2.1948 5.1527 6.9232
128 2.1952 5.1521 6.9231
128 2.1942 5.1516 6.9223
128 2.1932 5.1526 6.9225
128 2.1922 5.1516 6.9207
128 2.1926 5.1536 6.9219
128 2.1930 5.1531 6.9217
129 2.1934 5.1524 6.9211
129 2.1938 5.1533 6.9218
129 2.1928 5.1530 6.9206
129 2.1918 5.1570 6.9249
129 2.1918 5.1587 6.9255
129 2.1908 5.1588 6.9249
129 2.1961 5.1581 6.9273
129 2.1992 5.1590 6.9297
129 2.1995 5.1608 6.9321
129 2.1986 5.1600 6.9305
129 2.1989 5.1595 6.9307
129 2.1989 5.1608 6.9324
129 2.1979 5.1616 6.9325
129 2.1978 5.1636 6.9367
129 2.1978 5.1647 6.9384
129 2.1968 5.1637 6.9365
129 2.1967 5.1631 6.9350
129 2.1958 5.1633 6.9344
129 2.1948 5.1628 6.9336
130 2.1938 5.1624 6.9327
130 2.1929 5.1623 6.9321
130 2.1933 5.1624 6.9327
130 2.1923 5.1619 6.9324
130 2.1913 5.1619 6.9315
130 2.1917 5.1615 6.9311
130 2.1917 5.1615 6.9328
130 2.1907 5.1613 6.9316
130 2.1906 5.1630 6.9333
130 2.1906 5.1663 6.9357
131 2.1905 5.1672 6.9353
131 2.1904 5.1683 6.9370
131 2.1895 5.1675 6.9354
131 2.1885 5.1673 6.9345
131 2.1876 5.1670 6.9336
131 2.1880 5.1666 6.9331
131 2.1870 5.1670 6.9332
131 2.1874 5.1668 6.9333
132 2.1878 5.1662 6.9330
132 2.1896 5.1672 6.9371
132 2.1887 5.1676 6.9371
132 2.1890 5.1679 6.9383
132 2.1894 5.1674 6.9384
132 2.1885 5.1685 6.9391
132 2.1888 5.1677 6.9385
132 2.1892 5.1685 6.9391
132 2.1882 5.1695 6.9396
132 2.1886 5.1715 6.9437
132 2.1889 5.1717 6.9446
132 2.1892 5.1725 6.9450
132 2.1883 5.1727 6.9451
132 2.1913 5.1728 6.9492
133 2.1943 5.1739 6.9534
133 2.1946 5.1731 6.9527
133 2.1937 5.1733 6.9526
133 2.1927 5.1727 6.9513
133 2.1927 5.1723 6.9530
133 2.1926 5.1725 6.9546
133 2.1926 5.1717 6.9559
133 2.1925 5.1712 6.9575
133 2.1924 5.1732 6.9616
133 2.1924 5.1727 6.9605
133 2.1915 5.1719 6.9589
133 2.1905 5.1713 6.9576
133 2.1896 5.1722 6.9575
133 2.1887 5.1718 6.9566
134 2.1887 5.1729 6.9578
134 2.1877 5.1726 6.9567
134 2.1877 5.1727 6.9559
134 2.1868 5.1719 6.9543
134 2.1859 5.1713 6.9529
134 2.1858 5.1715 6.9542
134 2.1857 5.1711 6.9554
134 2.1856 5.1729 6.9577
134 2.1856 5.1724 6.9566
134 2.1855 5.1719 6.9578
134 2.1846 5.1716 6.9569
134 2.1837 5.1726 6.9570
134 2.1836 5.1734 6.9582
134 2.1827 5.1729 6.9568
134 2.1818 5.1724 6.9559
134 2.1809 5.1715 6.9542
135 2.1800 5.1711 6.9535
135 2.1804 5.1699 6.9530
135 2.1833 5.1694 6.9547
135 2.1836 5.1695 6.9553
135 2.1840 5.1734 6.9593
135 2.1843 5.1746 6.9598
135 2.1834 5.1738 6.9581
135 2.1833 5.1737 6.9574
135 2.1837 5.1769 6.9597
135 2.1840 5.1770 6.9602
135 2.1831 5.1764 6.9588
135 2.1822 5.1761 6.9579
136 2.1826 5.1772 6.9602
136 2.1829 5.1766 6.9596
136 2.1832 5.1767 6.9599
136 2.1835 5.1761 6.9596
136 2.1826 5.1760 6.9590
136 2.1817 5.1761 6.9585
136 2.1820 5.1768 6.9588
136 2.1823 5.1762 6.9584
136 2.1826 5.1763 6.9582
136 2.1829 5.1757 6.9577
136 2.1832 5.1751 6.9571
136 2.1823 5.1766 6.9594
136 2.1814 5.1774 6.9599
136 2.1817 5.1782 6.9621
136 2.1820 5.1770 6.9616
136 2.1823 5.1788 6.9639
136 2.1814 5.1785 6.9629
136 2.1817 5.1786 6.9630
136 2.1808 5.1785 6.9624
136 2.1799 5.1778 6.9611
136 2.1802 5.1805 6.9628
137 2.1804 5.1822 6.9637
137 2.1804 5.1823 6.9659
137 2.1807 5.1838 6.9682
137 2.1809 5.1832 6.9680
137 2.1800 5.1831 6.9672
137 2.1792 5.1824 6.9660
137 2.1791 5.1833 6.9669
137 2.1791 5.1834 6.9681
137 2.1791 5.1826 6.9690
137 2.1790 5.1821 6.9677
137 2.1789 5.1817 6.9689
137 2.1781 5.1825 6.9689
138 2.1780 5.1821 6.9676
138 2.1772 5.1838 6.9715
138 2.1764 5.1834 6.9712
138 2.1755 5.1841 6.9711
138 2.1747 5.1856 6.9727
139 2.1746 5.1858 6.9733
139 2.1746 5.1858 6.9743
139 2.1745 5.1853 6.9729
139 2.1763 5.1865 6.9768
139 2.1754 5.1872 6.9766
139 2.1772 5.1865 6.9782
139 2.1774 5.1873 6.9786
139 2.1766 5.1886 6.9793
139 2.1765 5.1888 6.9786
139 2.1757 5.1895 6.9785
139 2.1749 5.1890 6.9781
140 2.1740 5.1902 6.9786
140 2.1758 5.1910 6.9802
140 2.1775 5.1906 6.9808
140 2.1792 5.1898 6.9820
140 2.1808 5.1899 6.9832
140 2.1800 5.1918 6.9855
140 2.1803 5.1919 6.9855
140 2.1794 5.1935 6.9867
140 2.1794 5.1948 6.9872
140 2.1786 5.1942 6.9859
140 2.1802 5.1940 6.9897
141 2.1818 5.1947 6.9936
141 2.1834 5.1938 6.9952
141 2.1834 5.1965 6.9963
141 2.1837 5.1965 6.9962
141 2.1828 5.1969 6.9962
141 2.1831 5.1963 6.9956
141 2.1858 5.1961 6.9994
141 2.1850 5.1956 6.9981
141 2.1842 5.1945 6.9965
141 2.1844 5.1941 6.9961
141 2.1836 5.1945 6.9959
141 2.1828 5.1940 6.9950
142 2.1827 5.1942 6.9943
142 2.1819 5.1934 6.9927
142 2.1822 5.1923 6.9922
142 2.1824 5.1918 6.9919
142 2.1827 5.1915 6.9919
142 2.1819 5.1907 6.9904
142 2.1810 5.1901 6.9891
142 2.1813 5.1912 6.9894
142 2.1805 5.1906 6.9881
143 2.1804 5.1904 6.9875
143 2.1807 5.1904 6.9873
143 2.1798 5.1904 6.9871
143 2.1825 5.1900 6.9883
143 2.1852 5.1893 6.9895
143 2.1854 5.1908 6.9911
143 2.1857 5.1908 6.9923
143 2.1859 5.1910 6.9939
143 2.1858 5.1905 6.9925
143 2.1861 5.1912 6.9929
143 2.1852 5.1924 6.9932
143 2.1855 5.1919 6.9932
143 2.1857 5.1913 6.9926
144 2.1849 5.1913 6.9919
144 2.1841 5.1914 6.9915
144 2.1833 5.1928 6.9924
144 2.1825 5.1941 6.9936
144 2.1817 5.1952 6.9938
144 2.1816 5.1946 6.9947
144 2.1816 5.1946 6.9952
144 2.1815 5.1946 6.9958
144 2.1815 5.1943 6.9980
144 2.1814 5.1961 6.9983
144 2.1807 5.1967 6.9987
144 2.1799 5.1977 6.9987
144 2.1791 5.1974 6.9977
144 2.1783 5.1968 6.9964
144 2.1775 5.1968 6.9959
144 2.1767 5.1975 6.9957
145 2.1766 5.1974 6.9962
145 2.1766 5.1983 6.9960
145 2.1758 5.1995 6.9967
145 2.1758 5.2001 6.9976
145 2.1757 5.1995 6.9983
145 2.1757 5.1996 6.9992
145 2.1756 5.1993 6.9986
145 2.1756 5.1989 6.9995
145 2.1755 5.1989 7.0004
145 2.1747 5.1984 6.9996
145 2.1739 5.1982 6.9987
146 2.1739 5.1975 6.9992
146 2.1731 5.1974 6.9989
146 2.1730 5.1980 6.9996
146 2.1730 5.1981 7.0003
146 2.1732 5.1989 7.0018
146 2.1734 5.1995 7.0020
146 2.1737 5.1987 7.0015
146 2.1736 5.1980 7.0016
146 2.1738 5.1977 7.0015
146 2.1738 5.1993 7.0017
146 2.1737 5.2006 7.0054
146 2.1739 5.2019 7.0063
146 2.1732 5.2012 7.0050
146 2.1724 5.2023 7.0057
146 2.1716 5.2016 7.0042
146 2.1716 5.2013 7.0058
147 2.1715 5.2018 7.0074
147 2.1717 5.2011 7.0068
147 2.1717 5.2025 7.0068
147 2.1742 5.2022 7.0090
147 2.1744 5.2018 7.0089
147 2.1769 5.2014 7.0111
147 2.1769 5.2015 7.0114
147 2.1771 5.2005 7.0109
147 2.1770 5.2004 7.0112
147 2.1769 5.1998 7.0115
147 2.1769 5.2001 7.0112
147 2.1771 5.2001 7.0121
147 2.1773 5.1996 7.0118
147 2.1765 5.1989 7.0105
147 2.1767 5.1990 7.0110
147 2.1760 5.1989 7.0103
147 2.1752 5.1985 7.0096
147 2.1745 5.1985 7.0091
147 2.1737 5.1982 7.0081
148 2.1737 5.1985 7.0077
148 2.1739 5.1984 7.0084
148 2.1741 5.1980 7.0079
148 2.1743 5.1977 7.0078
148 2.1745 5.1987 7.0080
148 2.1747 5.1983 7.0078
148 2.1746 5.1979 7.0066
148 2.1748 5.1975 7.0061
148 2.1747 5.1975 7.0063
149 2.1746 5.1970 7.0075
149 2.1746 5.1969 7.0077
149 2.1738 5.1968 7.0071
149 2.1754 5.1961 7.0080
149 2.1753 5.1954 7.0087
149 2.1752 5.1953 7.0094
149 2.1751 5.1949 7.0103
149 2.1751 5.1974 7.0119
149 2.1750 5.1982 7.0125
149 2.1749 5.1972 7.0123
149 2.1748 5.1968 7.0126
149 2.1747 5.1966 7.0121
150 2.1746 5.1969 7.0116
150 2.1745 5.1978 7.0119
151 2.1738 5.1980 7.0118
151 2.1739 5.1977 7.0139
151 2.1732 5.1975 7.0133
151 2.1725 5.1974 7.0127
152 2.1718 5.1970 7.0124
152 2.1717 5.1982 7.0127
152 2.1710 5.1988 7.0139
152 2.1736 5.1988 7.0151
153 2.1762 5.1978 7.0160
153 2.1764 5.1995 7.0195
153 2.1789 5.1991 7.0216
153 2.1814 5.1984 7.0225
153 2.1813 5.1989 7.0227
153 2.1812 5.1996 7.0232
153 2.1811 5.1992 7.0220
153 2.1804 5.1989 7.0214
154 2.1806 5.1988 7.0234
154 2.1799 5.1984 7.0230
154 2.1792 5.1991 7.0246
155 2.1791 5.1986 7.0254
155 2.1789 5.1985 7.0256
155 2.1805 5.1984 7.0271
155 2.1798 5.1980 7.0263
155 2.1791 5.1971 7.0249
155 2.1784 5.1964 7.0235
155 2.1776 5.1962 7.0227
155 2.1769 5.1965 7.0225
155 2.1771 5.1973 7.0261
156 2.1764 5.1975 7.0260
156 2.1757 5.1971 7.0255
156 2.1750 5.1993 7.0290
156 2.1743 5.2027 7.0311
157 2.1745 5.2047 7.0346
157 2.1738 5.2052 7.0355
157 2.1731 5.2048 7.0345
157 2.1724 5.2041 7.0331
157 2.1723 5.2032 7.0328
157 2.1716 5.2037 7.0335
157 2.1709 5.2055 7.0355
158 2.1702 5.2059 7.0360
158 2.1704 5.2075 7.0381
158 2.1697 5.2086 7.0396
158 2.1690 5.2083 7.0389
159 2.1692 5.2080 7.0424
159 2.1685 5.2079 7.0418
159 2.1687 5.2079 7.0416
159 2.1689 5.2072 7.0411
159 2.1691 5.2068 7.0406
159 2.1692 5.2078 7.0426
159 2.1694 5.2082 7.0441
160 2.1687 5.2097 7.0446
160 2.1680 5.2101 7.0450
160 2.1673 5.2110 7.0462
160 2.1675 5.2109 7.0476
160 2.1668 5.2118 7.0485
161 2.1670 5.2117 7.0497
161 2.1663 5.2113 7.0486
161 2.1656 5.2108 7.0476
161 2.1649 5.2102 7.0464
161 2.1642 5.2095 7.0450
161 2.1635 5.2090 7.0445
161 2.1628 5.2084 7.0432
161 2.1621 5.2080 7.0424
161 2.1614 5.2075 7.0418
162 2.1608 5.2071 7.0412
162 2.1601 5.2068 7.0405
162 2.1594 5.2064 7.0397
163 2.1596 5.2061 7.0418
163 2.1589 5.2069 7.0421
163 2.1591 5.2075 7.0442
163 2.1590 5.2077 7.0436
163 2.1583 5.2068 7.0422
163 2.1576 5.2064 7.0414
164 2.1578 5.2055 7.0409
164 2.1580 5.2058 7.0443
164 2.1582 5.2054 7.0443
164 2.1583 5.2060 7.0458
164 2.1577 5.2082 7.0492
164 2.1578 5.2078 7.0490
164 2.1571 5.2088 7.0495
164 2.1565 5.2082 7.0482
164 2.1558 5.2095 7.0516
164 2.1551 5.2116 7.0550
164 2.1553 5.2126 7.0557
164 2.1554 5.2122 7.0554
164 2.1556 5.2115 7.0555
165 2.1558 5.2111 7.0552
165 2.1559 5.2104 7.0551
165 2.1561 5.2113 7.0556
165 2.1554 5.2113 7.0551
165 2.1548 5.2109 7.0544
165 2.1549 5.2112 7.0564
166 2.1542 5.2131 7.0584
166 2.1544 5.2133 7.0599
166 2.1545 5.2130 7.0613
166 2.1539 5.2131 7.0612
166 2.1540 5.2128 7.0623
166 2.1534 5.2136 7.0630
166 2.1535 5.2150 7.0645
167 2.1536 5.2158 7.0659
167 2.1538 5.2152 7.0654
167 2.1539 5.2151 7.0659
167 2.1533 5.2146 7.0653
167 2.1526 5.2142 7.0642
167 2.1519 5.2144 7.0639
167 2.1521 5.2138 7.0633
167 2.1522 5.2137 7.0637
167 2.1515 5.2132 7.0630
167 2.1517 5.2142 7.0645
167 2.1510 5.2138 7.0638
167 2.1503 5.2152 7.0652
168 2.1497 5.2164 7.0664
168 2.1490 5.2180 7.0678
168 2.1483 5.2195 7.0687
169 2.1477 5.2209 7.0694
169 2.1470 5.2205 7.0685
169 2.1463 5.2204 7.0683
169 2.1463 5.2208 7.0685
169 2.1457 5.2217 7.0690
169 2.1450 5.2212 7.0680
169 2.1451 5.2212 7.0678
169 2.1445 5.2207 7.0669
169 2.1438 5.2210 7.0672
170 2.1431 5.2212 7.0673
170 2.1425 5.2240 7.0688
170 2.1418 5.2234 7.0676
170 2.1418 5.2242 7.0696
170 2.1420 5.2250 7.0707
170 2.1413 5.2259 7.0714
170 2.1406 5.2258 7.0708
170 2.1408 5.2266 7.0712
170 2.1409 5.2260 7.0707
170 2.1403 5.2265 7.0708
171 2.1404 5.2289 7.0741
171 2.1404 5.2316 7.0774
172 2.1404 5.2327 7.0781
172 2.1404 5.2322 7.0770
172 2.1397 5.2335 7.0775
172 2.1391 5.2329 7.0762
172 2.1384 5.2327 7.0756
172 2.1377 5.2327 7.0750
173 2.1371 5.2350 7.0765
173 2.1372 5.2364 7.0779
173 2.1366 5.2369 7.0780
173 2.1359 5.2371 7.0780
173 2.1359 5.2367 7.0787
173 2.1359 5.2382 7.0798
173 2.1359 5.2374 7.0795
173 2.1353 5.2395 7.0806
173 2.1346 5.2394 7.0800
174 2.1340 5.2407 7.0809
174 2.1333 5.2419 7.0813
175 2.1348 5.2413 7.0824
175 2.1363 5.2418 7.0835
175 2.1356 5.2414 7.0824
175 2.1350 5.2410 7.0817
175 2.1350 5.2409 7.0818
175 2.1343 5.2411 7.0815
175 2.1337 5.2404 7.0802
175 2.1337 5.2400 7.0791
175 2.1330 5.2398 7.0784
176 2.1324 5.2408 7.0793
176 2.1324 5.2417 7.0807
176 2.1339 5.2413 7.0826
176 2.1353 5.2405 7.0832
177 2.1368 5.2412 7.0864
177 2.1361 5.2405 7.0851
177 2.1363 5.2401 7.0849
177 2.1356 5.2394 7.0836
178 2.1371 5.2390 7.0844
178 2.1364 5.2402 7.0851
178 2.1358 5.2401 7.0845
178 2.1359 5.2413 7.0864
178 2.1353 5.2425 7.0867
179 2.1354 5.2429 7.0878
179 2.1348 5.2424 7.0871
179 2.1342 5.2435 7.0873
179 2.1335 5.2434 7.0867
180 2.1349 5.2453 7.0899
180 2.1363 5.2450 7.0904
181 2.1357 5.2456 7.0910
181 2.1357 5.2452 7.0912
181 2.1351 5.2466 7.0923
181 2.1344 5.2467 7.0920
181 2.1338 5.2478 7.0923
181 2.1331 5.2476 7.0916
182 2.1333 5.2484 7.0925
182 2.1347 5.2483 7.0939
182 2.1361 5.2479 7.0953
182 2.1374 5.2471 7.0957
182 2.1388 5.2473 7.0964
183 2.1381 5.2468 7.0954
183 2.1375 5.2470 7.0954
183 2.1369 5.2462 7.0942
183 2.1370 5.2463 7.0945
183 2.1372 5.2484 7.0964
183 2.1365 5.2501 7.0973
183 2.1359 5.2499 7.0966
183 2.1353 5.2496 7.0959
184 2.1375 5.2494 7.0973
184 2.1377 5.2486 7.0969
184 2.1378 5.2482 7.0964
184 2.1380 5.2474 7.0959
184 2.1380 5.2469 7.0966
184 2.1380 5.2461 7.0963
184 2.1393 5.2472 7.0995
185 2.1395 5.2481 7.1005
185 2.1389 5.2477 7.0999
185 2.1382 5.2481 7.0999
185 2.1405 5.2488 7.1013
185 2.1406 5.2494 7.1021
185 2.1406 5.2488 7.1022
185 2.1400 5.2483 7.1012
185 2.1394 5.2478 7.1005
185 2.1387 5.2472 7.0992
186 2.1381 5.2471 7.0986
186 2.1375 5.2482 7.0991
186 2.1368 5.2481 7.0985
186 2.1362 5.2478 7.0978
186 2.1364 5.2473 7.0992
186 2.1357 5.2480 7.1003
186 2.1351 5.2487 7.1006
186 2.1345 5.2496 7.1006
188 2.1358 5.2498 7.1012
188 2.1371 5.2502 7.1020
188 2.1394 5.2503 7.1052
188 2.1388 5.2498 7.1044
189 2.1389 5.2493 7.1055
189 2.1383 5.2495 7.1052
189 2.1377 5.2490 7.1041
189 2.1370 5.2485 7.1033
189 2.1372 5.2478 7.1033
191 2.1394 5.2472 7.1051
191 2.1388 5.2464 7.1040
191 2.1381 5.2460 7.1032
191 2.1375 5.2454 7.1020
191 2.1369 5.2449 7.1012
191 2.1370 5.2441 7.1007
191 2.1364 5.2436 7.0996
191 2.1358 5.2434 7.0989
191 2.1351 5.2440 7.0992
191 2.1345 5.2434 7.0984
191 2.1339 5.2426 7.0973
191 2.1333 5.2421 7.0961
192 2.1334 5.2423 7.0961
192 2.1336 5.2422 7.0970
192 2.1329 5.2420 7.0961
192 2.1323 5.2416 7.0954
192 2.1325 5.2410 7.0953
192 2.1326 5.2417 7.0964
192 2.1320 5.2413 7.0955
193 2.1314 5.2420 7.0957
193 2.1308 5.2412 7.0945
193 2.1301 5.2408 7.0937
193 2.1302 5.2409 7.0932
193 2.1303 5.2410 7.0963
193 2.1297 5.2404 7.0951
193 2.1291 5.2398 7.0939
194 2.1285 5.2393 7.0931
194 2.1286 5.2398 7.0938
194 2.1287 5.2394 7.0935
194 2.1281 5.2389 7.0925
194 2.1275 5.2383 7.0913
194 2.1269 5.2378 7.0904
194 2.1263 5.2372 7.0892
194 2.1264 5.2382 7.0903
194 2.1266 5.2384 7.0903
194 2.1260 5.2383 7.0897
194 2.1253 5.2382 7.0891
194 2.1247 5.2380 7.0883
195 2.1241 5.2377 7.0876
195 2.1243 5.2372 7.0884
195 2.1236 5.2370 7.0878
195 2.1230 5.2376 7.0886
195 2.1224 5.2383 7.0887
195 2.1218 5.2379 7.0879
195 2.1212 5.2389 7.0882
195 2.1206 5.2390 7.0881
196 2.1200 5.2402 7.0899
196 2.1193 5.2413 7.0913
196 2.1187 5.2419 7.0920
196 2.1210 5.2415 7.0934
197 2.1231 5.2417 7.0948
197 2.1233 5.2422 7.0957
197 2.1227 5.2421 7.0950
197 2.1221 5.2417 7.0942
197 2.1221 5.2430 7.0951
197 2.1222 5.2431 7.0956
197 2.1223 5.2429 7.0955
197 2.1217 5.2428 7.0948
197 2.1211 5.2429 7.0946
198 2.1212 5.2432 7.0943
198 2.1212 5.2438 7.0945
199 2.1225 5.2432 7.0952
199 2.1225 5.2433 7.0947
199 2.1219 5.2429 7.0936
199 2.1213 5.2425 7.0927
199 2.1207 5.2425 7.0925
199 2.1201 5.2431 7.0930
199 2.1195 5.2439 7.0934
200 2.1196 5.2434 7.0924
200 2.1196 5.2444 7.0929
200 2.1198 5.2440 7.0927
200 2.1192 5.2440 7.0925
200 2.1185 5.2435 7.0914
201 2.1187 5.2431 7.0911
201 2.1187 5.2436 7.0914
201 2.1189 5.2432 7.0911
201 2.1183 5.2426 7.0899
201 2.1183 5.2423 7.0904
201 2.1184 5.2416 7.0905
201 2.1184 5.2411 7.0895
201 2.1186 5.2406 7.0891
201 2.1180 5.2401 7.0880
202 2.1180 5.2396 7.0870
202 2.1174 5.2397 7.0866
202 2.1168 5.2395 7.0859
202 2.1169 5.2391 7.0864
202 2.1169 5.2385 7.0870
202 2.1170 5.2385 7.0870
202 2.1170 5.2382 7.0865
202 2.1164 5.2376 7.0853
202 2.1158 5.2372 7.0844
203 2.1158 5.2366 7.0849
203 2.1159 5.2365 7.0848
203 2.1159 5.2371 7.0850
203 2.1153 5.2367 7.0842
203 2.1147 5.2361 7.0830
203 2.1141 5.2365 7.0830
203 2.1142 5.2366 7.0825
203 2.1136 5.2362 7.0817
204 2.1136 5.2364 7.0814
204 2.1136 5.2363 7.0810
204 2.1131 5.2361 7.0804
205 2.1131 5.2361 7.0810
205 2.1131 5.2362 7.0805
205 2.1144 5.2356 7.0810
205 2.1157 5.2357 7.0819
205 2.1151 5.2353 7.0809
205 2.1151 5.2350 7.0803
205 2.1145 5.2355 7.0806
205 2.1145 5.2352 7.0809
205 2.1146 5.2351 7.0813
205 2.1146 5.2349 7.0824
206 2.1146 5.2344 7.0814
206 2.1140 5.2352 7.0817
206 2.1141 5.2361 7.0822
206 2.1141 5.2361 7.0825
207 2.1141 5.2366 7.0827
207 2.1135 5.2365 7.0825
207 2.1135 5.2365 7.0822
207 2.1129 5.2376 7.0827
207 2.1124 5.2382 7.0827
208 2.1124 5.2387 7.0828
208 2.1136 5.2380 7.0831
208 2.1149 5.2376 7.0842
208 2.1149 5.2381 7.0844
208 2.1143 5.2376 7.0834
208 2.1137 5.2378 7.0830
208 2.1150 5.2384 7.0848
208 2.1151 5.2380 7.0845
209 2.1153 5.2373 7.0840
209 2.1153 5.2373 7.0837
209 2.1174 5.2382 7.0855
209 2.1176 5.2378 7.0851
209 2.1170 5.2372 7.0839
209 2.1170 5.2367 7.0839
209 2.1170 5.2363 7.0844
209 2.1171 5.2358 7.0834
209 2.1165 5.2353 7.0824
209 2.1159 5.2348 7.0816
209 2.1153 5.2342 7.0805
210 2.1154 5.2337 7.0804
210 2.1154 5.2333 7.0808
210 2.1148 5.2334 7.0804
210 2.1142 5.2329 7.0796
210 2.1137 5.2327 7.0789
210 2.1137 5.2326 7.0791
210 2.1131 5.2320 7.0780
210 2.1125 5.2319 7.0774
210 2.1120 5.2315 7.0765
210 2.1114 5.2313 7.0758
211 2.1116 5.2309 7.0753
211 2.1116 5.2308 7.0750
211 2.1117 5.2304 7.0748
211 2.1119 5.2298 7.0744
212 2.1119 5.2299 7.0739
212 2.1121 5.2308 7.0742
212 2.1115 5.2303 7.0732
212 2.1115 5.2300 7.0726
212 2.1110 5.2300 7.0723
212 2.1111 5.2294 7.0719
212 2.1113 5.2289 7.0715
212 2.1107 5.2294 7.0714
213 2.1108 5.2293 7.0710
213 2.1109 5.2288 7.0706
213 2.1111 5.2294 7.0709
213 2.1105 5.2288 7.0698
213 2.1100 5.2297 7.0700
213 2.1112 5.2292 7.0707
213 2.1112 5.2286 7.0706
214 2.1106 5.2281 7.0698
214 2.1101 5.2275 7.0687
214 2.1095 5.2295 7.0705
214 2.1090 5.2302 7.0705
215 2.1091 5.2296 7.0704
215 2.1086 5.2291 7.0696
215 2.1080 5.2285 7.0685
215 2.1075 5.2280 7.0675
215 2.1087 5.2275 7.0680
215 2.1081 5.2269 7.0669
216 2.1083 5.2270 7.0669
216 2.1077 5.2265 7.0661
216 2.1072 5.2263 7.0653
216 2.1107 5.2259 7.0667
216 2.1101 5.2253 7.0656
216 2.1096 5.2249 7.0647
216 2.1090 5.2259 7.0650
217 2.1090 5.2264 7.0650
217 2.1085 5.2261 7.0643
217 2.1079 5.2263 7.0643
217 2.1074 5.2262 7.0638
217 2.1075 5.2258 7.0636
217 2.1077 5.2255 7.0634
217 2.1079 5.2249 7.0629
217 2.1073 5.2242 7.0619
217 2.1067 5.2238 7.0610
217 2.1062 5.2232 7.0599
217 2.1056 5.2227 7.0591
218 2.1058 5.2222 7.0588
218 2.1060 5.2219 7.0585
218 2.1054 5.2217 7.0577
218 2.1049 5.2211 7.0568
218 2.1043 5.2215 7.0571
218 2.1038 5.2211 7.0563
218 2.1032 5.2205 7.0552
218 2.1027 5.2198 7.0541
218 2.1021 5.2193 7.0530
218 2.1016 5.2187 7.0522
218 2.1010 5.2183 7.0514
218 2.1005 5.2177 7.0504
218 2.0999 5.2173 7.0496
218 2.0994 5.2183 7.0500
218 2.0988 5.2184 7.0497
218 2.0983 5.2183 7.0492
219 2.0983 5.2181 7.0501
219 2.0983 5.2181 7.0501
219 2.0984 5.2179 7.0496
219 2.0984 5.2177 7.0503
219 2.0984 5.2176 7.0505
219 2.0984 5.2173 7.0507
219 2.0979 5.2168 7.0499
219 2.0973 5.2162 7.0488
220 2.0968 5.2171 7.0490
220 2.0963 5.2167 7.0482
220 2.0957 5.2163 7.0474
220 2.0957 5.2169 7.0473
220 2.0952 5.2170 7.0471
221 2.0952 5.2164 7.0469
221 2.0954 5.2165 7.0473
221 2.0956 5.2159 7.0469
221 2.0957 5.2160 7.0472
221 2.0959 5.2153 7.0467
221 2.0979 5.2154 7.0496
221 2.0981 5.2148 7.0492
221 2.1001 5.2149 7.0509
221 2.1002 5.2142 7.0504
221 2.1022 5.2143 7.0518
221 2.1024 5.2136 7.0513
222 2.1044 5.2132 7.0524
222 2.1064 5.2127 7.0531
222 2.1058 5.2120 7.0521
222 2.1053 5.2121 7.0518
222 2.1072 5.2123 7.0529
222 2.1092 5.2161 7.0558
222 2.1111 5.2200 7.0587
222 2.1130 5.2239 7.0615
222 2.1149 5.2262 7.0644
222 2.1182 5.2301 7.0672
222 2.1201 5.2300 7.0701
223 2.1233 5.2339 7.0729
223 2.1263 5.2353 7.0758
223 2.1293 5.2359 7.0786
223 2.1322 5.2377 7.0815
223 2.1351 5.2385 7.0843
223 2.1378 5.2391 7.0871
223 2.1405 5.2401 7.0900
223 2.1431 5.2408 7.0928
223 2.1457 5.2409 7.0956
223 2.1483 5.2406 7.0984
223 2.1507 5.2404 7.1013
223 2.1532 5.2412 7.1041
223 2.1556 5.2411 7.1058
223 2.1579 5.2407 7.1086
223 2.1602 5.2402 7.1114
223 2.1621 5.2410 7.1132
223 2.1639 5.2414 7.1160
223 2.1656 5.2429 7.1188
223 2.1674 5.2446 7.1216
223 2.1691 5.2454 7.1244
223 2.1708 5.2458 7.1272
223 2.1725 5.2453 7.1289
223 2.1742 5.2453 7.1317
223 2.1759 5.2454 7.1345
224 2.1759 5.2453 7.1341
224 2.1759 5.2455 7.1343
