1 1.0000 1.0000 1.0000
2 1.5000 2.0000 2.0000
2 1.4591 2.2516 2.2516
3 1.3788 2.2359 2.5216
3 1.2988 2.5000 2.7500
3 1.2244 2.7255 2.9477
3 1.1568 2.9219 3.1219
3 1.2407 2.8454 3.2776
4 1.2807 2.7925 3.1887
4 1.2389 2.8151 3.1808
4 1.1981 2.9852 3.3249
4 1.2310 3.1396 3.4566
4 1.1982 3.2806 3.5778
5 1.1661 3.2928 3.5725
5 1.1350 3.2663 3.5305
5 1.1050 3.2211 3.5369
5 1.1412 3.3464 3.6464
5 1.1155 3.3680 3.6538
6 1.0907 3.4817 3.7544
6 1.0666 3.5014 3.7623
6 1.0434 3.5221 3.7721
7 1.0211 3.4937 3.7337
7 1.0577 3.5945 3.8253
7 1.0378 3.6899 3.9121
7 1.0184 3.7090 3.9233
7 0.9997 3.7975 4.0044
8 0.9816 3.8817 4.0817
8 1.0152 3.8976 4.1557
8 0.9987 3.9764 4.2264
8 0.9826 3.9912 4.2942
8 0.9670 3.9842 4.2784
9 0.9518 3.9789 4.2646
9 0.9371 3.9749 4.2527
9 0.9686 3.9723 4.2630
9 0.9953 3.9708 4.2737
9 0.9822 3.9485 4.2436
9 1.0054 3.9685 4.3062
9 0.9933 3.9579 4.2874
9 1.0137 4.0260 4.3477
10 1.0312 4.0078 4.3594
10 1.0205 4.0106 4.3542
10 1.0099 4.0031 4.4112
10 0.9995 3.9824 4.3816
11 0.9893 4.0037 4.3944
11 0.9791 3.9987 4.3813
11 0.9692 3.9946 4.3694
11 0.9873 3.9840 4.3586
11 0.9779 3.9686 4.3583
11 0.9687 3.9498 4.3320
12 0.9595 4.0103 4.3853
12 0.9506 4.0022 4.3702
12 0.9680 4.0104 4.4219
12 0.9595 4.0324 4.4364
13 0.9511 4.0127 4.4097
13 0.9428 4.0133 4.4034
13 0.9346 4.0080 4.3916
13 0.9514 4.0302 4.4073
13 0.9436 4.0396 4.4106
14 0.9359 4.0205 4.3855
14 0.9283 4.0086 4.3820
14 0.9208 4.0056 4.3732
14 0.9369 4.0279 4.3899
15 0.9298 4.0499 4.4063
15 0.9227 4.0431 4.3942
15 0.9157 4.0412 4.3871
15 0.9088 4.0239 4.3649
15 0.9242 4.0281 4.3712
16 0.9384 4.0324 4.3776
16 0.9320 4.0279 4.3682
16 1.0236 4.0277 4.4128
16 1.0163 4.0277 4.4294
16 1.0783 4.0242 4.4725
16 1.0898 4.0210 4.4720
16 1.1497 4.0150 4.5140
16 1.1986 4.0094 4.5294
16 1.2403 4.0015 4.5447
16 1.2319 4.0234 4.5598
17 1.2411 4.0357 4.5748
17 1.2330 4.0815 4.6140
17 1.2790 4.0719 4.6525
17 1.2708 4.0927 4.6665
17 1.2627 4.0800 4.6470
18 1.3394 4.0694 4.6844
18 1.3308 4.0815 4.6894
19 1.3685 4.0754 4.7031
19 1.3598 4.0627 4.6833
19 1.3676 4.1056 4.7194
19 1.3746 4.1050 4.7151
19 1.3810 4.1468 4.7504
19 1.3730 4.1531 4.7502
19 1.3651 4.1499 4.7406
19 1.3712 4.1904 4.7749
19 1.3768 4.2303 4.8087
19 1.3818 4.2695 4.8420
19 1.3745 4.2750 4.8466
19 1.3672 4.3133 4.8791
20 1.3721 4.3095 4.8721
20 1.3651 4.3084 4.8654
20 1.3697 4.3456 4.8972
20 1.3629 4.3383 4.8934
20 1.3561 4.3259 4.8757
20 1.3494 4.3624 4.9069
20 1.3427 4.3794 4.9376
20 1.3361 4.4149 4.9679
21 1.3296 4.4498 4.9978
21 1.3231 4.4545 4.9974
21 1.3167 4.4510 4.9890
21 1.3103 4.4428 4.9831
21 1.3157 4.4589 4.9943
21 1.3095 4.4540 5.0055
21 1.3033 4.4419 4.9886
22 1.2972 4.4753 5.0172
22 1.2912 4.4910 5.0282
22 1.2852 4.5236 5.0562
22 1.2792 4.5324 5.0669
22 1.2733 4.5316 5.0616
22 1.2674 4.5467 5.0889
22 1.2733 4.5554 5.0932
22 1.2676 4.5510 5.0844
22 1.2733 4.5659 5.0949
22 1.2785 4.5806 5.1215
22 1.2730 4.5823 5.1188
22 1.2676 4.5706 5.1029
22 1.2727 4.5852 5.1291
23 1.2674 4.5900 5.1334
23 1.2621 4.6044 5.1591
23 1.2569 4.6186 5.1845
23 1.2517 4.6111 5.1780
23 1.2569 4.6196 5.1821
23 1.2518 4.6176 5.1759
23 1.2567 4.6260 5.1801
23 1.2517 4.6344 5.1844
23 1.2468 4.6297 5.1757
24 1.2419 4.6319 5.1765
24 1.2371 4.6457 5.1865
24 1.2323 4.6541 5.1963
24 1.2275 4.6524 5.1908
24 1.2227 4.6607 5.2148
24 1.2180 4.6504 5.2006
24 1.2232 4.6476 5.2016
24 1.2282 4.6612 5.2253
24 1.2236 4.6551 5.2297
25 1.2191 4.6525 5.2232
25 1.2146 4.6797 5.2464
25 1.2101 4.6878 5.2508
25 1.2057 4.6960 5.2551
25 1.2013 4.6984 5.2538
25 1.2375 4.6947 5.2765
25 1.2330 4.7078 5.2857
25 1.2379 4.7015 5.2844
26 1.2864 4.7096 5.3066
26 1.2818 4.7176 5.3109
26 1.2862 4.7132 5.3096
26 1.2904 4.7213 5.3187
26 1.2859 4.7181 5.3117
26 1.2900 4.7130 5.3088
26 1.2939 4.7065 5.3060
26 1.2975 4.7116 5.3104
27 1.2932 4.7197 5.3148
27 1.2968 4.7248 5.3161
27 1.3001 4.7298 5.3206
27 1.2959 4.7261 5.3133
27 1.2992 4.7341 5.3223
27 1.3277 4.7352 5.3433
27 1.3531 4.7403 5.3640
27 1.3760 4.7527 5.3846
27 1.3970 4.7606 5.4049
27 1.3996 4.7728 5.4134
27 1.4021 4.7678 5.4175
27 1.3978 4.7664 5.4123
27 1.3936 4.7662 5.4115
27 1.3894 4.7740 5.4200
27 1.3853 4.7790 5.4241
27 1.3878 4.7819 5.4254
28 1.3902 4.7849 5.4247
28 1.3861 4.7827 5.4289
28 1.3821 4.7752 5.4179
28 1.3781 4.7783 5.4194
28 1.3741 4.7773 5.4173
28 1.3701 4.7824 5.4216
28 1.3662 4.7855 5.4232
28 1.3623 4.7906 5.4316
28 1.3584 4.7879 5.4254
28 1.3545 4.7861 5.4202
28 1.3572 4.7835 5.4172
29 1.3597 4.7887 5.4256
29 1.3560 4.7841 5.4216
29 1.3522 4.7771 5.4112
29 1.3485 4.7756 5.4085
29 1.3447 4.7809 5.4169
29 1.3410 4.7842 5.4188
29 1.3373 4.7920 5.4233
29 1.3336 4.7971 5.4316
29 1.3300 4.7942 5.4255
29 1.3328 4.7961 5.4338
30 1.3355 4.7980 5.4325
30 1.3319 4.8032 5.4345
30 1.3284 4.7964 5.4246
30 1.3248 4.7962 5.4212
30 1.3213 4.8076 5.4295
30 1.3178 4.8128 5.4317
30 1.3143 4.8148 5.4321
30 1.3109 4.8129 5.4289
30 1.3074 4.8163 5.4371
31 1.3040 4.8139 5.4317
31 1.3069 4.8191 5.4339
31 1.3097 4.8212 5.4344
31 1.3123 4.8246 5.4426
31 1.3090 4.8267 5.4418
31 1.3057 4.8202 5.4324
31 1.3084 4.8237 5.4371
31 1.3051 4.8215 5.4334
31 1.3019 4.8251 5.4358
31 1.2987 4.8273 5.4365
31 1.2955 4.8235 5.4331
32 1.2923 4.8222 5.4289
32 1.2950 4.8274 5.4314
32 1.2975 4.8297 5.4339
32 1.3000 4.8308 5.4323
32 1.2969 4.8361 5.4349
32 1.2939 4.8336 5.4297
32 1.2908 4.8312 5.4259
32 1.2878 4.8348 5.4269
32 1.2847 4.8361 5.4266
33 1.2817 4.8373 5.4347
33 1.2787 4.8370 5.4317
33 1.2757 4.8311 5.4232
33 1.2783 4.8289 5.4220
33 1.2809 4.8326 5.4269
33 1.2779 4.8295 5.4296
33 1.2750 4.8274 5.4250
33 1.2939 4.8465 5.4415
33 1.2909 4.8430 5.4427
33 1.2880 4.8619 5.4591
34 1.2905 4.8594 5.4571
34 1.3079 4.8697 5.4649
34 1.3102 4.8769 5.4811
34 1.3125 4.8793 5.4972
34 1.3146 4.8807 5.5131
34 1.3167 4.8769 5.5119
34 1.3188 4.8872 5.5278
34 1.3347 4.8942 5.5435
34 1.3366 4.8914 5.5407
34 1.3516 4.8984 5.5451
34 1.3534 4.8944 5.5431
34 1.3675 4.8995 5.5505
34 1.3647 4.9019 5.5503
34 1.3664 4.8987 5.5470
34 1.3680 4.8946 5.5444
34 1.3696 4.8982 5.5469
34 1.3668 4.9033 5.5494
34 1.3641 4.9011 5.5447
34 1.3657 4.8967 5.5416
34 1.3671 4.8975 5.5416
35 1.3686 4.8954 5.5490
35 1.3699 4.8971 5.5564
35 1.3712 4.8979 5.5637
35 1.3686 4.8929 5.5562
35 1.3838 4.8885 5.5635
35 1.3812 4.8903 5.5627
36 1.3982 4.9077 5.5775
36 1.3956 4.9026 5.5699
36 1.4113 4.9123 5.5771
36 1.4261 4.9295 5.5918
37 1.4401 4.9466 5.6064
37 1.4374 4.9442 5.6016
37 1.4505 4.9537 5.6087
37 1.4630 4.9632 5.6158
37 1.4749 4.9800 5.6302
37 1.4721 4.9790 5.6267
37 1.4694 4.9763 5.6239
37 1.4667 4.9740 5.6206
37 1.4640 4.9764 5.6217
37 1.4613 4.9766 5.6210
37 1.4725 4.9832 5.6252
37 1.4833 4.9897 5.6295
37 1.4936 4.9989 5.6364
38 1.5035 5.0054 5.6406
38 1.5130 5.0101 5.6431
38 1.5103 5.0051 5.6358
38 1.5075 5.0026 5.6322
38 1.5048 5.0041 5.6325
38 1.5021 5.0038 5.6311
38 1.5112 5.0085 5.6337
38 1.5200 5.0150 5.6379
38 1.5284 5.0184 5.6392
38 1.5366 5.0156 5.6434
38 1.5444 5.0126 5.6459
38 1.5520 5.0161 5.6472
38 1.5493 5.0145 5.6435
38 1.5466 5.0119 5.6398
38 1.5439 5.0166 5.6466
38 1.5412 5.0190 5.6508
38 1.5385 5.0200 5.6511
38 1.5458 5.0225 5.6515
38 1.5529 5.0272 5.6541
38 1.5598 5.0296 5.6544
38 1.5664 5.0313 5.6678
39 1.5728 5.0330 5.6674
39 1.5702 5.0283 5.6606
39 1.5675 5.0288 5.6603
39 1.5648 5.0298 5.6607
39 1.5622 5.0333 5.6649
39 1.5595 5.0306 5.6611
39 1.5658 5.0317 5.6601
39 1.5718 5.0334 5.6598
39 1.5777 5.0369 5.6613
39 1.5834 5.0364 5.6743
39 1.5808 5.0344 5.6703
39 1.5781 5.0344 5.6694
39 1.5755 5.0370 5.6720
39 1.5729 5.0342 5.6681
39 1.5703 5.0360 5.6707
39 1.5759 5.0372 5.6699
39 1.5812 5.0397 5.6705
39 1.5865 5.0403 5.6691
39 1.5915 5.0396 5.6756
40 1.5965 5.0408 5.6821
40 1.6013 5.0554 5.6948
40 1.6059 5.0600 5.6974
40 1.6034 5.0557 5.6911
40 1.6079 5.0592 5.7037
40 1.6054 5.0588 5.7024
40 1.6028 5.0606 5.7038
40 1.6003 5.0579 5.6999
40 1.5978 5.0591 5.7014
40 1.6022 5.0592 5.6996
40 1.6065 5.0599 5.6983
40 1.6107 5.0618 5.6983
40 1.6148 5.0624 5.7024
40 1.6188 5.0600 5.7039
40 1.6226 5.0598 5.7018
40 1.6201 5.0592 5.6993
40 1.6177 5.0605 5.7000
40 1.6152 5.0613 5.7000
40 1.6128 5.0607 5.6984
40 1.6103 5.0606 5.6973
40 1.6079 5.0619 5.6973
40 1.6117 5.0622 5.6958
40 1.6154 5.0617 5.6935
40 1.6190 5.0631 5.6930
41 1.6225 5.0606 5.6938
41 1.6259 5.0598 5.6911
41 1.6235 5.0582 5.6877
41 1.6249 5.0574 5.6872
41 1.6225 5.0548 5.6835
41 1.6202 5.0557 5.6831
41 1.6178 5.0554 5.6818
41 1.6212 5.0554 5.6800
41 1.6244 5.0544 5.6773
41 1.6276 5.0553 5.6764
41 1.6307 5.0558 5.6792
41 1.6337 5.0559 5.6810
41 1.6314 5.0522 5.6756
41 1.6291 5.0496 5.6719
41 1.6268 5.0501 5.6716
41 1.6245 5.0496 5.6700
42 1.6275 5.0484 5.6672
42 1.6304 5.0482 5.6652
42 1.6332 5.0488 5.6641
42 1.6360 5.0486 5.6652
42 1.6387 5.0522 5.6670
42 1.6413 5.0508 5.6640
42 1.6391 5.0500 5.6616
42 1.6368 5.0474 5.6579
42 1.6346 5.0477 5.6573
42 1.6324 5.0469 5.6555
42 1.6349 5.0454 5.6524
42 1.6375 5.0450 5.6503
42 1.6399 5.0453 5.6490
42 1.6414 5.0449 5.6532
42 1.6438 5.0477 5.6544
43 1.6416 5.0493 5.6544
43 1.6431 5.0486 5.6573
43 1.6409 5.0498 5.6578
43 1.6388 5.0494 5.6566
43 1.6366 5.0494 5.6557
43 1.6390 5.0488 5.6535
43 1.6413 5.0488 5.6519
43 1.6436 5.0473 5.6488
43 1.6450 5.0464 5.6508
43 1.6472 5.0486 5.6514
43 1.6493 5.0503 5.6515
43 1.6514 5.0485 5.6482
43 1.6493 5.0521 5.6502
43 1.6508 5.0511 5.6515
43 1.6487 5.0518 5.6516
43 1.6466 5.0513 5.6502
43 1.6446 5.0511 5.6491
43 1.6467 5.0504 5.6468
43 1.6487 5.0486 5.6435
43 1.6506 5.0484 5.6418
43 1.6520 5.0560 5.6530
44 1.6540 5.0687 5.6641
44 1.6520 5.0679 5.6619
44 1.6533 5.0668 5.6626
44 1.6513 5.0660 5.6609
44 1.6494 5.0665 5.6607
44 1.6474 5.0677 5.6620
44 1.6454 5.0655 5.6588
44 1.6473 5.0667 5.6586
44 1.6492 5.0659 5.6562
44 1.6510 5.0655 5.6544
44 1.6528 5.0636 5.6511
44 1.6541 5.0692 5.6571
44 1.6522 5.0664 5.6528
44 1.6536 5.0651 5.6531
44 1.6517 5.0641 5.6506
44 1.6497 5.0632 5.6488
44 1.6478 5.0635 5.6483
44 1.6459 5.0632 5.6472
44 1.6440 5.0610 5.6440
44 1.6458 5.0619 5.6436
44 1.6475 5.0609 5.6412
44 1.6492 5.0604 5.6393
44 1.6509 5.0586 5.6361
44 1.6525 5.0592 5.6353
45 1.6506 5.0620 5.6375
45 1.6522 5.0624 5.6364
45 1.6537 5.0604 5.6331
45 1.6519 5.0605 5.6318
45 1.6501 5.0582 5.6287
45 1.6482 5.0702 5.6394
45 1.6464 5.0712 5.6394
45 1.6479 5.0701 5.6370
45 1.6494 5.0695 5.6350
45 1.6509 5.0674 5.6317
45 1.6523 5.0793 5.6422
45 1.6537 5.0816 5.6528
45 1.6551 5.0817 5.6515
45 1.6565 5.0795 5.6481
45 1.6547 5.0769 5.6441
45 1.6530 5.0776 5.6438
45 1.6512 5.0847 5.6497
45 1.6494 5.0825 5.6466
45 1.6508 5.0803 5.6431
45 1.6522 5.0791 5.6406
45 1.6535 5.0783 5.6386
46 1.6518 5.0778 5.6368
46 1.6532 5.0894 5.6471
46 1.6545 5.0965 5.6530
46 1.6527 5.0964 5.6516
46 1.6541 5.1079 5.6619
46 1.6524 5.1056 5.6587
46 1.6507 5.1060 5.6582
46 1.6490 5.1056 5.6571
46 1.6503 5.1044 5.6546
46 1.6515 5.1034 5.6524
46 1.6528 5.1012 5.6490
46 1.6542 5.1126 5.6592
46 1.6555 5.1195 5.6649
46 1.6567 5.1194 5.6636
46 1.6579 5.1171 5.6601
46 1.6562 5.1145 5.6563
46 1.6546 5.1122 5.6532
46 1.6529 5.1124 5.6525
46 1.6513 5.1119 5.6512
46 1.6524 5.1106 5.6487
46 1.6536 5.1082 5.6452
46 1.6547 5.1072 5.6430
47 1.6561 5.1184 5.6531
47 1.6574 5.1252 5.6588
47 1.6585 5.1250 5.6574
47 1.6569 5.1243 5.6556
47 1.6582 5.1311 5.6612
47 1.6566 5.1288 5.6581
47 1.6550 5.1290 5.6578
47 1.6534 5.1301 5.6589
47 1.6518 5.1295 5.6575
47 1.6529 5.1281 5.6550
47 1.6540 5.1270 5.6528
47 1.6550 5.1246 5.6493
47 1.6563 5.1298 5.6534
47 1.6574 5.1294 5.6519
47 1.6584 5.1288 5.6502
47 1.6593 5.1264 5.6467
47 1.6578 5.1240 5.6432
47 1.6563 5.1233 5.6418
47 1.6547 5.1231 5.6410
47 1.6532 5.1232 5.6405
47 1.6516 5.1209 5.6375
48 1.6526 5.1185 5.6340
48 1.6536 5.1171 5.6315
48 1.6545 5.1160 5.6293
48 1.6559 5.1267 5.6391
48 1.6543 5.1261 5.6373
48 1.6556 5.1327 5.6429
48 1.6541 5.1319 5.6414
48 1.6526 5.1426 5.6511
48 1.6511 5.1532 5.6607
48 1.6521 5.1525 5.6590
48 1.6530 5.1510 5.6564
48 1.6539 5.1485 5.6529
48 1.6548 5.1473 5.6507
48 1.6561 5.1538 5.6562
48 1.6569 5.1530 5.6544
49 1.6555 5.1635 5.6639
49 1.6567 5.1740 5.6733
49 1.6553 5.1739 5.6727
49 1.6538 5.1843 5.6821
49 1.6524 5.1833 5.6804
49 1.6533 5.1817 5.6778
49 1.6541 5.1792 5.6743
49 1.6549 5.1778 5.6720
49 1.6562 5.1828 5.6760
49 1.6574 5.1867 5.6789
49 1.6582 5.1858 5.6770
49 1.6590 5.1832 5.6735
49 1.6576 5.1831 5.6725
49 1.6562 5.1810 5.6696
49 1.6548 5.1811 5.6690
49 1.6534 5.1807 5.6680
49 1.6542 5.1790 5.6655
49 1.6549 5.1765 5.6620
49 1.6557 5.1751 5.6597
49 1.6569 5.1800 5.6636
50 1.6577 5.1790 5.6617
50 1.6584 5.1764 5.6582
50 1.6570 5.1757 5.6566
50 1.6557 5.1736 5.6538
50 1.6543 5.1736 5.6530
50 1.6529 5.1731 5.6520
50 1.6537 5.1714 5.6494
50 1.6544 5.1689 5.6459
50 1.6550 5.1674 5.6436
50 1.6557 5.1775 5.6528
50 1.6564 5.1807 5.6619
50 1.6550 5.1786 5.6589
50 1.6537 5.1765 5.6561
50 1.6524 5.1763 5.6554
50 1.6510 5.1757 5.6542
50 1.6517 5.1741 5.6517
50 1.6523 5.1715 5.6482
50 1.6529 5.1700 5.6459
50 1.6536 5.1727 5.6512
51 1.6541 5.1718 5.6493
51 1.6547 5.1692 5.6459
51 1.6534 5.1688 5.6446
51 1.6521 5.1681 5.6433
51 1.6508 5.1678 5.6425
51 1.6495 5.1657 5.6398
51 1.6501 5.1640 5.6373
51 1.6507 5.1615 5.6338
51 1.6512 5.1600 5.6315
51 1.6518 5.1662 5.6405
51 1.6523 5.1684 5.6444
51 1.6528 5.1674 5.6425
51 1.6515 5.1690 5.6432
51 1.6503 5.1689 5.6426
51 1.6490 5.1686 5.6418
51 1.6478 5.1678 5.6404
51 1.6483 5.1661 5.6379
51 1.6488 5.1636 5.6345
51 1.6492 5.1621 5.6322
51 1.6497 5.1640 5.6352
52 1.6502 5.1629 5.6333
52 1.6489 5.1656 5.6351
52 1.6494 5.1645 5.6331
52 1.6498 5.1619 5.6297
52 1.6486 5.1614 5.6283
52 1.6474 5.1606 5.6270
52 1.6462 5.1602 5.6260
52 1.6450 5.1600 5.6254
52 1.6454 5.1584 5.6229
52 1.6458 5.1558 5.6196
52 1.6462 5.1544 5.6173
52 1.6466 5.1591 5.6225
52 1.6470 5.1607 5.6249
52 1.6458 5.1589 5.6223
52 1.6462 5.1627 5.6262
52 1.6450 5.1608 5.6237
52 1.6439 5.1603 5.6227
52 1.6427 5.1597 5.6215
52 1.6431 5.1585 5.6196
52 1.6434 5.1569 5.6171
52 1.6438 5.1544 5.6138
52 1.6441 5.1529 5.6115
53 1.6445 5.1623 5.6201
53 1.6448 5.1717 5.6287
53 1.6451 5.1705 5.6267
53 1.6454 5.1679 5.6234
53 1.6443 5.1692 5.6240
53 1.6431 5.1686 5.6227
53 1.6420 5.1680 5.6216
53 1.6409 5.1661 5.6192
53 1.6412 5.1644 5.6167
53 1.6415 5.1619 5.6134
53 1.6418 5.1604 5.6112
53 1.6420 5.1591 5.6092
53 1.6423 5.1566 5.6059
53 1.6412 5.1549 5.6034
53 1.6401 5.1530 5.6010
53 1.6390 5.1524 5.5998
53 1.6379 5.1517 5.5986
54 1.6381 5.1491 5.5953
54 1.6384 5.1474 5.5929
54 1.6387 5.1459 5.5907
54 1.6465 5.1518 5.5991
54 1.6467 5.1506 5.5971
54 1.6469 5.1552 5.6010
54 1.6471 5.1526 5.5977
54 1.6460 5.1522 5.5965
54 1.6450 5.1521 5.5960
54 1.6439 5.1502 5.5936
54 1.6428 5.1496 5.5924
54 1.6417 5.1507 5.5937
54 1.6419 5.1482 5.5904
54 1.6422 5.1465 5.5880
54 1.6424 5.1450 5.5858
54 1.6426 5.1425 5.5825
54 1.6427 5.1422 5.5841
55 1.6417 5.1425 5.5837
55 1.6406 5.1470 5.5875
55 1.6396 5.1473 5.5872
55 1.6385 5.1455 5.5848
55 1.6387 5.1438 5.5825
55 1.6389 5.1423 5.5803
55 1.6391 5.1398 5.5770
55 1.6393 5.1394 5.5783
55 1.6394 5.1426 5.5866
55 1.6396 5.1421 5.5875
55 1.6397 5.1396 5.5843
55 1.6387 5.1397 5.5837
55 1.6388 5.1404 5.5876
55 1.6378 5.1441 5.5906
55 1.6368 5.1423 5.5882
55 1.6358 5.1425 5.5878
55 1.6359 5.1399 5.5846
55 1.6361 5.1383 5.5822
55 1.6362 5.1368 5.5801
55 1.6363 5.1367 5.5817
55 1.6364 5.1356 5.5799
55 1.6365 5.1361 5.5829
56 1.6366 5.1356 5.5837
56 1.6367 5.1340 5.5813
56 1.6368 5.1315 5.5781
56 1.6358 5.1314 5.5774
56 1.6359 5.1352 5.5823
56 1.6349 5.1351 5.5819
56 1.6339 5.1333 5.5796
56 1.6330 5.1328 5.5785
56 1.6320 5.1338 5.5795
56 1.6321 5.1322 5.5772
56 1.6322 5.1297 5.5740
56 1.6322 5.1282 5.5719
56 1.6323 5.1281 5.5732
56 1.6323 5.1285 5.5757
56 1.6314 5.1372 5.5837
56 1.6315 5.1361 5.5819
56 1.6315 5.1359 5.5829
56 1.6315 5.1347 5.5811
56 1.6316 5.1322 5.5779
56 1.6306 5.1319 5.5769
56 1.6307 5.1351 5.5807
56 1.6297 5.1350 5.5802
56 1.6288 5.1344 5.5791
56 1.6279 5.1327 5.5769
56 1.6270 5.1336 5.5777
56 1.6270 5.1319 5.5754
56 1.6270 5.1295 5.5723
56 1.6271 5.1281 5.5702
56 1.6271 5.1301 5.5751
56 1.6271 5.1276 5.5719
57 1.6271 5.1294 5.5757
57 1.6262 5.1317 5.5773
57 1.6262 5.1372 5.5852
57 1.6253 5.1457 5.5930
57 1.6244 5.1455 5.5924
57 1.6235 5.1452 5.5915
57 1.6235 5.1427 5.5884
57 1.6235 5.1415 5.5866
57 1.6235 5.1399 5.5843
57 1.6235 5.1385 5.5822
57 1.6235 5.1400 5.5852
57 1.6234 5.1427 5.5882
57 1.6234 5.1415 5.5864
57 1.6234 5.1390 5.5832
57 1.6225 5.1387 5.5823
57 1.6225 5.1400 5.5847
57 1.6216 5.1398 5.5840
57 1.6208 5.1452 5.5888
57 1.6199 5.1448 5.5880
57 1.6199 5.1432 5.5857
57 1.6198 5.1407 5.5826
57 1.6198 5.1393 5.5805
57 1.6197 5.1404 5.5826
58 1.6197 5.1487 5.5902
58 1.6196 5.1475 5.5884
58 1.6196 5.1451 5.5853
58 1.6187 5.1453 5.5849
58 1.6179 5.1484 5.5873
58 1.6171 5.1468 5.5852
58 1.6162 5.1470 5.5850
58 1.6162 5.1445 5.5819
58 1.6161 5.1430 5.5797
58 1.6161 5.1415 5.5776
58 1.6160 5.1403 5.5758
58 1.6159 5.1439 5.5787
58 1.6158 5.1415 5.5757
58 1.6150 5.1403 5.5739
58 1.6142 5.1430 5.5759
58 1.6134 5.1414 5.5739
58 1.6126 5.1415 5.5735
58 1.6125 5.1399 5.5713
58 1.6124 5.1385 5.5693
59 1.6123 5.1361 5.5663
59 1.6123 5.1414 5.5710
59 1.6122 5.1402 5.5692
59 1.6121 5.1455 5.5739
59 1.6113 5.1475 5.5753
59 1.6112 5.1517 5.5800
59 1.6104 5.1559 5.5836
59 1.6096 5.1557 5.5829
59 1.6088 5.1553 5.5821
59 1.6087 5.1537 5.5799
59 1.6086 5.1579 5.5835
59 1.6085 5.1555 5.5805
59 1.6084 5.1541 5.5785
59 1.6083 5.1563 5.5809
59 1.6082 5.1551 5.5791
59 1.6081 5.1561 5.5808
59 1.6079 5.1537 5.5778
59 1.6072 5.1534 5.5769
59 1.6071 5.1614 5.5843
59 1.6063 5.1648 5.5872
59 1.6056 5.1646 5.5865
59 1.6048 5.1641 5.5857
60 1.6047 5.1625 5.5835
60 1.6046 5.1633 5.5849
60 1.6044 5.1609 5.5819
60 1.6043 5.1595 5.5799
60 1.6042 5.1599 5.5819
60 1.6040 5.1587 5.5801
60 1.6039 5.1586 5.5811
60 1.6031 5.1588 5.5807
60 1.6030 5.1608 5.5827
60 1.6023 5.1631 5.5844
60 1.6015 5.1616 5.5825
60 1.6008 5.1617 5.5821
60 1.6007 5.1593 5.5792
60 1.6005 5.1578 5.5771
60 1.6004 5.1576 5.5778
60 1.6002 5.1562 5.5759
60 1.6001 5.1550 5.5741
60 1.5999 5.1553 5.5758
60 1.5997 5.1541 5.5740
61 1.5996 5.1517 5.5710
61 1.5989 5.1507 5.5695
61 1.5982 5.1527 5.5709
61 1.5975 5.1512 5.5690
61 1.5968 5.1513 5.5686
61 1.5966 5.1498 5.5665
61 1.5964 5.1474 5.5636
61 1.5963 5.1460 5.5617
61 1.5979 5.1458 5.5629
61 1.5995 5.1461 5.5641
61 1.5988 5.1463 5.5637
61 1.6004 5.1461 5.5666
61 1.5997 5.1459 5.5660
61 1.5990 5.1444 5.5641
61 1.5984 5.1453 5.5649
61 1.5977 5.1483 5.5674
61 1.5975 5.1470 5.5656
61 1.5974 5.1455 5.5635
61 1.5972 5.1432 5.5607
61 1.5970 5.1418 5.5587
61 1.5986 5.1421 5.5598
61 1.5984 5.1408 5.5580
61 1.5978 5.1406 5.5572
61 1.5993 5.1404 5.5596
62 1.5992 5.1391 5.5578
62 1.5985 5.1467 5.5649
62 1.6000 5.1493 5.5673
62 1.5994 5.1501 5.5680
62 1.5987 5.1498 5.5673
62 1.5980 5.1483 5.5654
62 1.5974 5.1509 5.5675
62 1.5972 5.1487 5.5647
62 1.5971 5.1472 5.5627
62 1.5969 5.1458 5.5608
62 1.5984 5.1455 5.5628
62 1.6000 5.1453 5.5638
62 1.5998 5.1441 5.5620
62 1.5996 5.1418 5.5592
62 1.5990 5.1421 5.5590
62 1.5983 5.1438 5.5602
62 1.5977 5.1424 5.5584
62 1.5970 5.1425 5.5580
62 1.5969 5.1410 5.5560
62 1.5967 5.1388 5.5532
62 1.5965 5.1374 5.5514
63 1.5964 5.1362 5.5496
63 1.5962 5.1339 5.5468
63 1.5955 5.1331 5.5454
63 1.5949 5.1346 5.5465
63 1.5943 5.1332 5.5447
63 1.5936 5.1333 5.5443
63 1.5935 5.1310 5.5415
63 1.5933 5.1296 5.5396
63 1.5931 5.1282 5.5377
63 1.5930 5.1280 5.5386
63 1.5928 5.1267 5.5368
63 1.5922 5.1269 5.5365
63 1.5915 5.1283 5.5374
63 1.5909 5.1283 5.5370
63 1.5903 5.1269 5.5352
63 1.5901 5.1254 5.5332
63 1.5899 5.1233 5.5305
63 1.5898 5.1219 5.5287
63 1.5896 5.1216 5.5295
64 1.5894 5.1204 5.5277
64 1.5892 5.1226 5.5321
64 1.5890 5.1223 5.5327
64 1.5888 5.1210 5.5309
64 1.5886 5.1188 5.5282
64 1.5880 5.1180 5.5269
64 1.5878 5.1183 5.5284
64 1.5872 5.1195 5.5292
64 1.5866 5.1182 5.5274
64 1.5860 5.1181 5.5270
64 1.5859 5.1159 5.5243
64 1.5857 5.1145 5.5224
64 1.5855 5.1132 5.5206
64 1.5853 5.1131 5.5214
64 1.5851 5.1133 5.5227
64 1.5849 5.1129 5.5232
64 1.5847 5.1117 5.5214
64 1.5845 5.1095 5.5188
64 1.5839 5.1098 5.5186
64 1.5837 5.1116 5.5204
64 1.5831 5.1114 5.5198
64 1.5825 5.1101 5.5181
64 1.5819 5.1100 5.5177
64 1.5814 5.1108 5.5183
64 1.5812 5.1086 5.5157
64 1.5810 5.1073 5.5138
64 1.5808 5.1060 5.5121
65 1.5805 5.1058 5.5127
65 1.5803 5.1046 5.5110
65 1.5801 5.1047 5.5121
65 1.5796 5.1081 5.5150
65 1.5793 5.1079 5.5155
65 1.5791 5.1066 5.5138
65 1.5789 5.1045 5.5112
65 1.5784 5.1044 5.5107
65 1.5781 5.1061 5.5122
65 1.5776 5.1059 5.5117
65 1.5770 5.1058 5.5112
65 1.5765 5.1044 5.5095
65 1.5759 5.1051 5.5101
65 1.5757 5.1030 5.5075
65 1.5755 5.1017 5.5057
65 1.5753 5.1004 5.5040
65 1.5751 5.1013 5.5053
65 1.5748 5.1022 5.5065
65 1.5743 5.1040 5.5078
65 1.5741 5.1078 5.5121
65 1.5735 5.1101 5.5139
65 1.5730 5.1099 5.5133
65 1.5725 5.1098 5.5129
66 1.5722 5.1085 5.5112
66 1.5720 5.1072 5.5093
66 1.5718 5.1051 5.5068
66 1.5716 5.1039 5.5051
66 1.5713 5.1046 5.5061
66 1.5711 5.1060 5.5074
66 1.5709 5.1048 5.5057
66 1.5704 5.1047 5.5052
66 1.5701 5.1053 5.5060
66 1.5696 5.1051 5.5054
66 1.5691 5.1071 5.5070
66 1.5686 5.1069 5.5065
66 1.5683 5.1049 5.5040
66 1.5681 5.1036 5.5022
66 1.5679 5.1023 5.5005
66 1.5677 5.1029 5.5013
66 1.5674 5.1067 5.5046
66 1.5672 5.1054 5.5029
67 1.5669 5.1034 5.5005
67 1.5664 5.1037 5.5003
67 1.5659 5.1049 5.5010
67 1.5654 5.1037 5.4995
67 1.5649 5.1037 5.4991
67 1.5647 5.1016 5.4966
67 1.5645 5.1003 5.4948
67 1.5642 5.0991 5.4932
67 1.5640 5.0978 5.4915
67 1.5637 5.0958 5.4890
67 1.5632 5.0952 5.4880
67 1.5627 5.0963 5.4886
67 1.5623 5.0950 5.4870
67 1.5618 5.0950 5.4866
67 1.5615 5.0937 5.4849
67 1.5613 5.0917 5.4824
67 1.5610 5.0905 5.4808
68 1.5608 5.0933 5.4836
68 1.5603 5.0949 5.4848
68 1.5598 5.0968 5.4862
68 1.5593 5.0965 5.4856
68 1.5588 5.0964 5.4852
68 1.5586 5.0951 5.4834
68 1.5584 5.0931 5.4810
68 1.5581 5.0919 5.4793
68 1.5579 5.0951 5.4821
68 1.5577 5.0939 5.4805
68 1.5574 5.0919 5.4781
68 1.5570 5.0918 5.4776
68 1.5567 5.0951 5.4809
68 1.5562 5.0967 5.4822
68 1.5558 5.0964 5.4816
68 1.5553 5.0963 5.4811
68 1.5550 5.0950 5.4794
68 1.5548 5.0930 5.4770
68 1.5546 5.0918 5.4753
68 1.5543 5.0946 5.4777
68 1.5541 5.0978 5.4805
69 1.5538 5.0983 5.4812
69 1.5536 5.0971 5.4796
69 1.5531 5.0974 5.4794
69 1.5529 5.1002 5.4818
69 1.5524 5.1011 5.4824
69 1.5520 5.1000 5.4809
69 1.5515 5.0999 5.4805
69 1.5512 5.0986 5.4788
69 1.5510 5.0967 5.4764
69 1.5508 5.0955 5.4748
69 1.5505 5.0986 5.4781
69 1.5503 5.0975 5.4765
69 1.5500 5.1020 5.4806
69 1.5497 5.1024 5.4812
69 1.5495 5.1012 5.4796
69 1.5492 5.0992 5.4772
69 1.5488 5.0987 5.4762
69 1.5485 5.1000 5.4774
69 1.5481 5.1009 5.4779
69 1.5477 5.0997 5.4765
69 1.5472 5.0997 5.4761
69 1.5470 5.0984 5.4744
69 1.5467 5.0972 5.4728
69 1.5464 5.0952 5.4704
69 1.5462 5.0956 5.4709
70 1.5458 5.0960 5.4709
70 1.5453 5.0958 5.4703
70 1.5449 5.0946 5.4689
70 1.5445 5.0953 5.4695
70 1.5440 5.0968 5.4706
70 1.5438 5.0956 5.4690
70 1.5435 5.0943 5.4673
70 1.5433 5.0931 5.4657
70 1.5430 5.0912 5.4634
70 1.5446 5.0916 5.4675
70 1.5442 5.0915 5.4671
70 1.5457 5.0928 5.4703
70 1.5455 5.0916 5.4688
70 1.5451 5.0960 5.4728
70 1.5466 5.0960 5.4739
70 1.5462 5.0966 5.4744
70 1.5458 5.0963 5.4738
70 1.5453 5.0952 5.4724
70 1.5449 5.0966 5.4733
70 1.5447 5.0953 5.4717
70 1.5444 5.0941 5.4701
71 1.5442 5.0922 5.4678
71 1.5457 5.0921 5.4696
71 1.5455 5.0909 5.4681
71 1.5452 5.0974 5.4742
71 1.5450 5.0955 5.4719
71 1.5445 5.0958 5.4718
71 1.5441 5.0966 5.4722
71 1.5437 5.0955 5.4708
71 1.5433 5.0954 5.4704
71 1.5430 5.0936 5.4681
71 1.5428 5.0923 5.4665
71 1.5426 5.0987 5.4725
71 1.5423 5.0976 5.4710
71 1.5421 5.1019 5.4750
71 1.5418 5.1008 5.4734
71 1.5415 5.1044 5.4766
71 1.5413 5.1025 5.4744
71 1.5409 5.1027 5.4742
71 1.5405 5.1034 5.4745
71 1.5401 5.1023 5.4731
71 1.5397 5.1022 5.4727
72 1.5394 5.1003 5.4705
72 1.5392 5.1034 5.4732
72 1.5388 5.1036 5.4730
72 1.5384 5.1079 5.4769
72 1.5379 5.1068 5.4755
72 1.5375 5.1071 5.4755
72 1.5371 5.1070 5.4751
72 1.5369 5.1057 5.4735
72 1.5423 5.1056 5.4794
72 1.5438 5.1056 5.4804
73 1.5453 5.1067 5.4831
73 1.5451 5.1054 5.4815
73 1.5502 5.1057 5.4874
73 1.5517 5.1067 5.4897
74 1.5532 5.1067 5.4905
74 1.5547 5.1076 5.4926
74 1.5545 5.1063 5.4909
74 1.5559 5.1071 5.4927
75 1.5574 5.1070 5.4943
75 1.5571 5.1057 5.4926
75 1.5569 5.1077 5.4958
76 1.5566 5.1075 5.4964
76 1.5563 5.1056 5.4942
76 1.5559 5.1058 5.4939
76 1.5555 5.1093 5.4971
76 1.5551 5.1082 5.4957
76 1.5547 5.1085 5.4956
76 1.5543 5.1083 5.4952
76 1.5541 5.1071 5.4935
77 1.5538 5.1068 5.4941
77 1.5536 5.1066 5.4945
77 1.5533 5.1065 5.4951
77 1.5531 5.1062 5.4955
77 1.5528 5.1059 5.4958
78 1.5526 5.1046 5.4941
78 1.5523 5.1053 5.4952
78 1.5521 5.1060 5.4962
78 1.5518 5.1066 5.4970
78 1.5515 5.1065 5.4975
78 1.5513 5.1070 5.4983
79 1.5510 5.1057 5.4966
79 1.5507 5.1062 5.4973
79 1.5505 5.1065 5.4977
79 1.5502 5.1067 5.4981
79 1.5499 5.1093 5.5007
80 1.5496 5.1095 5.5010
80 1.5494 5.1099 5.5015
80 1.5491 5.1086 5.4999
80 1.5488 5.1088 5.5001
80 1.5485 5.1070 5.4980
80 1.5500 5.1100 5.5037
81 1.5497 5.1089 5.5023
81 1.5494 5.1072 5.5002
81 1.5508 5.1098 5.5040
81 1.5506 5.1081 5.5018
81 1.5503 5.1070 5.5004
81 1.5500 5.1057 5.4987
81 1.5497 5.1040 5.4966
81 1.5511 5.1066 5.5004
81 1.5508 5.1055 5.4989
81 1.5505 5.1070 5.5000
81 1.5519 5.1131 5.5057
81 1.5516 5.1191 5.5114
81 1.5512 5.1195 5.5115
82 1.5509 5.1230 5.5171
82 1.5559 5.1253 5.5228
82 1.5607 5.1258 5.5258
82 1.5654 5.1267 5.5289
82 1.5700 5.1283 5.5345
82 1.5745 5.1309 5.5402
82 1.5789 5.1327 5.5458
82 1.5831 5.1323 5.5514
82 1.5828 5.1311 5.5497
82 1.5825 5.1371 5.5554
82 1.5867 5.1430 5.5609
82 1.5908 5.1420 5.5665
82 1.5948 5.1480 5.5721
82 1.5987 5.1540 5.5777
82 1.6025 5.1599 5.5832
82 1.6063 5.1620 5.5888
82 1.6100 5.1638 5.5943
83 1.6148 5.1661 5.5999
83 1.6161 5.1721 5.6054
83 1.6158 5.1743 5.6075
83 1.6155 5.1744 5.6076
83 1.6151 5.1731 5.6059
83 1.6148 5.1751 5.6078
83 1.6161 5.1810 5.6133
83 1.6158 5.1810 5.6133
84 1.6155 5.1813 5.6137
84 1.6168 5.1872 5.6192
84 1.6181 5.1931 5.6247
84 1.6178 5.1933 5.6249
84 1.6191 5.1992 5.6304
84 1.6187 5.1979 5.6287
84 1.6184 5.1981 5.6289
84 1.6197 5.2021 5.6325
84 1.6194 5.2019 5.6329
84 1.6190 5.2015 5.6330
85 1.6187 5.1998 5.6309
85 1.6184 5.1994 5.6310
85 1.6180 5.1983 5.6295
85 1.6177 5.1965 5.6274
85 1.6173 5.1961 5.6274
85 1.6170 5.1989 5.6298
85 1.6167 5.1972 5.6277
85 1.6163 5.1961 5.6262
85 1.6160 5.1948 5.6245
85 1.6156 5.1963 5.6270
85 1.6153 5.1945 5.6248
85 1.6166 5.1949 5.6302
85 1.6162 5.1938 5.6287
85 1.6159 5.1936 5.6290
85 1.6156 5.1948 5.6299
86 1.6168 5.2006 5.6353
86 1.6165 5.2001 5.6352
86 1.6161 5.1997 5.6352
86 1.6158 5.1984 5.6335
86 1.6154 5.1982 5.6337
86 1.6151 5.1976 5.6336
87 1.6148 5.1971 5.6334
87 1.6144 5.1973 5.6336
87 1.6141 5.1967 5.6334
87 1.6137 5.1961 5.6331
87 1.6134 5.1948 5.6314
87 1.6130 5.1948 5.6314
88 1.6127 5.1937 5.6299
88 1.6123 5.1937 5.6299
88 1.6119 5.1926 5.6284
88 1.6116 5.1915 5.6269
88 1.6112 5.1916 5.6270
88 1.6109 5.1914 5.6272
88 1.6105 5.1915 5.6273
88 1.6102 5.1903 5.6257
88 1.6098 5.1892 5.6242
88 1.6094 5.1879 5.6226
89 1.6091 5.1877 5.6227
89 1.6087 5.1865 5.6212
89 1.6083 5.1854 5.6196
89 1.6080 5.1848 5.6193
89 1.6076 5.1831 5.6173
89 1.6073 5.1819 5.6156
89 1.6069 5.1858 5.6209
89 1.6065 5.1852 5.6206
89 1.6061 5.1839 5.6189
89 1.6058 5.1822 5.6169
89 1.6055 5.1824 5.6167
89 1.6068 5.1880 5.6219
89 1.6080 5.1937 5.6272
89 1.6093 5.1993 5.6324
90 1.6089 5.1976 5.6304
90 1.6085 5.1965 5.6288
90 1.6082 5.1952 5.6272
90 1.6094 5.1991 5.6307
90 1.6106 5.2029 5.6341
90 1.6119 5.2068 5.6376
90 1.6116 5.2069 5.6373
90 1.6112 5.2056 5.6357
90 1.6108 5.2039 5.6336
90 1.6106 5.2042 5.6336
90 1.6102 5.2025 5.6316
90 1.6098 5.2009 5.6295
90 1.6095 5.1996 5.6278
90 1.6091 5.2009 5.6299
90 1.6087 5.1998 5.6284
90 1.6085 5.1999 5.6281
90 1.6081 5.1993 5.6277
90 1.6077 5.1981 5.6262
90 1.6074 5.1968 5.6245
90 1.6070 5.1951 5.6225
91 1.6066 5.1940 5.6210
91 1.6078 5.1971 5.6238
91 1.6090 5.2003 5.6266
91 1.6102 5.2035 5.6294
91 1.6099 5.2018 5.6273
91 1.6095 5.2006 5.6258
91 1.6091 5.1993 5.6241
91 1.6089 5.1994 5.6238
91 1.6085 5.1991 5.6239
91 1.6081 5.1980 5.6224
91 1.6093 5.2007 5.6247
91 1.6105 5.2034 5.6271
91 1.6116 5.2061 5.6295
91 1.6113 5.2049 5.6279
91 1.6109 5.2037 5.6263
91 1.6105 5.2020 5.6243
91 1.6103 5.2023 5.6242
91 1.6099 5.2006 5.6222
91 1.6097 5.2006 5.6219
91 1.6093 5.1993 5.6202
91 1.6089 5.1977 5.6182
91 1.6087 5.2001 5.6202
91 1.6083 5.2028 5.6237
91 1.6079 5.2015 5.6220
91 1.6114 5.2035 5.6254
91 1.6110 5.2018 5.6234
92 1.6144 5.2023 5.6258
92 1.6140 5.2047 5.6308
92 1.6136 5.2101 5.6359
92 1.6132 5.2133 5.6410
92 1.6128 5.2156 5.6461
92 1.6162 5.2164 5.6484
92 1.6194 5.2178 5.6518
92 1.6192 5.2199 5.6535
92 1.6224 5.2221 5.6569
92 1.6255 5.2233 5.6603
92 1.6286 5.2227 5.6636
92 1.6283 5.2211 5.6616
92 1.6279 5.2199 5.6601
92 1.6275 5.2186 5.6584
92 1.6271 5.2207 5.6617
92 1.6267 5.2234 5.6651
92 1.6263 5.2271 5.6684
92 1.6259 5.2292 5.6718
92 1.6255 5.2279 5.6701
92 1.6252 5.2263 5.6681
92 1.6249 5.2282 5.6696
92 1.6245 5.2266 5.6676
92 1.6242 5.2285 5.6703
92 1.6238 5.2315 5.6730
92 1.6234 5.2339 5.6757
92 1.6230 5.2358 5.6784
92 1.6226 5.2345 5.6767
92 1.6222 5.2328 5.6747
92 1.6218 5.2317 5.6732
92 1.6260 5.2336 5.6765
92 1.6258 5.2373 5.6798
92 1.6254 5.2390 5.6813
93 1.6250 5.2377 5.6797
93 1.6246 5.2360 5.6777
93 1.6244 5.2378 5.6790
93 1.6240 5.2365 5.6773
93 1.6236 5.2364 5.6773
93 1.6232 5.2353 5.6758
93 1.6228 5.2340 5.6741
93 1.6226 5.2353 5.6751
93 1.6222 5.2337 5.6731
93 1.6218 5.2325 5.6716
93 1.6214 5.2312 5.6699
93 1.6210 5.2300 5.6684
93 1.6206 5.2284 5.6664
93 1.6202 5.2283 5.6663
93 1.6198 5.2267 5.6643
93 1.6194 5.2255 5.6628
93 1.6190 5.2242 5.6611
93 1.6186 5.2243 5.6612
93 1.6182 5.2230 5.6595
93 1.6180 5.2243 5.6604
93 1.6176 5.2226 5.6584
93 1.6172 5.2213 5.6567
93 1.6170 5.2213 5.6585
94 1.6168 5.2243 5.6612
94 1.6164 5.2230 5.6595
94 1.6161 5.2213 5.6575
94 1.6157 5.2214 5.6576
94 1.6155 5.2215 5.6572
94 1.6151 5.2198 5.6553
94 1.6147 5.2196 5.6554
94 1.6158 5.2214 5.6573
94 1.6170 5.2237 5.6593
94 1.6181 5.2254 5.6613
94 1.6177 5.2243 5.6598
94 1.6173 5.2229 5.6581
94 1.6169 5.2213 5.6561
94 1.6165 5.2214 5.6562
94 1.6161 5.2212 5.6562
94 1.6173 5.2228 5.6580
94 1.6184 5.2248 5.6597
94 1.6195 5.2264 5.6614
94 1.6191 5.2251 5.6598
94 1.6187 5.2235 5.6578
94 1.6185 5.2235 5.6575
94 1.6181 5.2235 5.6574
94 1.6179 5.2233 5.6569
94 1.6176 5.2217 5.6549
94 1.6172 5.2204 5.6533
95 1.6168 5.2204 5.6532
95 1.6164 5.2193 5.6517
95 1.6160 5.2190 5.6518
95 1.6158 5.2190 5.6514
95 1.6154 5.2174 5.6494
95 1.6150 5.2161 5.6478
95 1.6146 5.2148 5.6461
95 1.6142 5.2148 5.6460
95 1.6138 5.2135 5.6444
95 1.6134 5.2132 5.6444
95 1.6145 5.2147 5.6459
95 1.6156 5.2166 5.6475
95 1.6167 5.2180 5.6490
95 1.6163 5.2169 5.6476
95 1.6159 5.2156 5.6459
95 1.6155 5.2140 5.6440
95 1.6151 5.2139 5.6439
95 1.6147 5.2124 5.6419
95 1.6146 5.2123 5.6416
95 1.6142 5.2123 5.6415
95 1.6153 5.2140 5.6429
95 1.6163 5.2154 5.6443
95 1.6174 5.2167 5.6457
95 1.6170 5.2156 5.6442
95 1.6166 5.2143 5.6426
95 1.6162 5.2127 5.6407
95 1.6158 5.2126 5.6405
95 1.6154 5.2115 5.6391
95 1.6150 5.2102 5.6374
95 1.6149 5.2100 5.6369
95 1.6145 5.2098 5.6369
96 1.6141 5.2084 5.6352
96 1.6137 5.2069 5.6333
96 1.6133 5.2068 5.6332
96 1.6131 5.2097 5.6358
96 1.6127 5.2095 5.6357
96 1.6126 5.2111 5.6370
96 1.6122 5.2097 5.6353
96 1.6118 5.2082 5.6334
96 1.6114 5.2077 5.6332
96 1.6110 5.2090 5.6355
96 1.6106 5.2115 5.6377
96 1.6102 5.2136 5.6399
96 1.6098 5.2148 5.6422
96 1.6094 5.2133 5.6403
96 1.6090 5.2130 5.6402
96 1.6086 5.2119 5.6387
96 1.6082 5.2106 5.6371
96 1.6078 5.2090 5.6352
96 1.6074 5.2086 5.6350
96 1.6070 5.2097 5.6369
96 1.6066 5.2116 5.6389
96 1.6062 5.2138 5.6408
96 1.6057 5.2150 5.6428
96 1.6056 5.2164 5.6439
96 1.6052 5.2161 5.6438
96 1.6048 5.2146 5.6419
96 1.6044 5.2133 5.6403
96 1.6040 5.2128 5.6400
97 1.6039 5.2126 5.6395
97 1.6035 5.2123 5.6393
97 1.6031 5.2134 5.6411
97 1.6027 5.2154 5.6428
97 1.6023 5.2171 5.6445
97 1.6019 5.2181 5.6462
97 1.6015 5.2169 5.6446
97 1.6011 5.2153 5.6427
97 1.6009 5.2155 5.6426
97 1.6005 5.2144 5.6412
97 1.6004 5.2144 5.6409
97 1.6000 5.2129 5.6390
97 1.5996 5.2116 5.6374
97 1.5995 5.2129 5.6384
97 1.5991 5.2125 5.6381
97 1.5987 5.2112 5.6365
97 1.5983 5.2107 5.6362
97 1.5982 5.2118 5.6370
97 1.5978 5.2103 5.6352
97 1.5974 5.2092 5.6338
97 1.5970 5.2079 5.6322
97 1.5966 5.2066 5.6306
97 1.5961 5.2056 5.6292
97 1.5957 5.2040 5.6274
97 1.5953 5.2035 5.6270
97 1.5949 5.2025 5.6257
97 1.5945 5.2012 5.6241
97 1.5941 5.1997 5.6222
98 1.5937 5.1984 5.6206
98 1.5936 5.1994 5.6214
98 1.5932 5.1989 5.6210
98 1.5928 5.1976 5.6194
98 1.5924 5.1961 5.6176
98 1.5920 5.1958 5.6174
98 1.5916 5.1943 5.6156
98 1.5915 5.1968 5.6178
98 1.5911 5.1963 5.6175
98 1.5910 5.1963 5.6171
98 1.5906 5.1950 5.6155
98 1.5902 5.1945 5.6152
98 1.5898 5.1930 5.6133
98 1.5894 5.1929 5.6132
98 1.5905 5.1939 5.6145
98 1.5916 5.1955 5.6157
98 1.5926 5.1965 5.6170
98 1.5922 5.1950 5.6152
98 1.5918 5.1939 5.6138
98 1.5914 5.1927 5.6122
98 1.5910 5.1921 5.6118
98 1.5909 5.1921 5.6115
98 1.5905 5.1916 5.6111
98 1.5916 5.1925 5.6122
98 1.5927 5.1939 5.6134
98 1.5937 5.1949 5.6145
99 1.5933 5.1934 5.6127
99 1.5929 5.1921 5.6111
99 1.5925 5.1921 5.6111
99 1.5924 5.1925 5.6112
99 1.5920 5.1919 5.6108
99 1.5916 5.1907 5.6092
99 1.5912 5.1892 5.6074
99 1.5908 5.1886 5.6070
99 1.5907 5.1886 5.6066
99 1.5903 5.1871 5.6048
99 1.5899 5.1870 5.6047
99 1.5895 5.1858 5.6031
99 1.5891 5.1845 5.6015
99 1.5887 5.1839 5.6011
99 1.5883 5.1829 5.5998
99 1.5879 5.1816 5.5982
99 1.5875 5.1811 5.5977
99 1.5886 5.1819 5.5988
99 1.5896 5.1833 5.5998
99 1.5907 5.1842 5.6008
99 1.5906 5.1841 5.6005
99 1.5902 5.1831 5.5992
99 1.5898 5.1818 5.5976
99 1.5894 5.1803 5.5958
99 1.5890 5.1801 5.5957
100 1.5886 5.1791 5.5944
100 1.5882 5.1776 5.5926
100 1.5892 5.1788 5.5936
100 1.5902 5.1797 5.5945
100 1.5913 5.1805 5.5955
100 1.5909 5.1790 5.5937
100 1.5905 5.1780 5.5924
100 1.5901 5.1767 5.5909
100 1.5897 5.1762 5.5904
100 1.5893 5.1749 5.5888
100 1.5892 5.1753 5.5889
100 1.5888 5.1740 5.5874
100 1.5884 5.1725 5.5856
100 1.5883 5.1725 5.5853
100 1.5879 5.1719 5.5848
100 1.5875 5.1704 5.5830
100 1.5871 5.1699 5.5825
100 1.5871 5.1711 5.5835
100 1.5867 5.1698 5.5819
100 1.5863 5.1693 5.5814
100 1.5859 5.1700 5.5829
100 1.5855 5.1719 5.5845
100 1.5851 5.1734 5.5860
100 1.5847 5.1742 5.5876
100 1.5843 5.1729 5.5860
100 1.5839 5.1727 5.5859
100 1.5835 5.1717 5.5846
100 1.5831 5.1704 5.5831
100 1.5827 5.1690 5.5813
101 1.5823 5.1684 5.5808
101 1.5819 5.1691 5.5822
101 1.5814 5.1705 5.5836
101 1.5810 5.1722 5.5850
101 1.5806 5.1729 5.5864
101 1.5806 5.1741 5.5872
101 1.5802 5.1735 5.5867
101 1.5798 5.1722 5.5851
101 1.5794 5.1708 5.5834
101 1.5790 5.1708 5.5833
101 1.5789 5.1707 5.5829
101 1.5785 5.1701 5.5824
101 1.5781 5.1708 5.5836
101 1.5777 5.1723 5.5849
101 1.5773 5.1737 5.5862
101 1.5769 5.1743 5.5874
101 1.5765 5.1729 5.5857
101 1.5761 5.1716 5.5842
101 1.5761 5.1719 5.5842
101 1.5757 5.1713 5.5836
101 1.5753 5.1703 5.5824
101 1.5749 5.1689 5.5806
101 1.5749 5.1689 5.5803
101 1.5745 5.1689 5.5804
101 1.5741 5.1677 5.5788
101 1.5740 5.1688 5.5797
101 1.5736 5.1675 5.5781
101 1.5732 5.1669 5.5775
101 1.5728 5.1660 5.5763
101 1.5724 5.1653 5.5757
101 1.5724 5.1663 5.5765
102 1.5720 5.1654 5.5752
102 1.5716 5.1641 5.5737
102 1.5712 5.1627 5.5720
102 1.5708 5.1627 5.5719
102 1.5704 5.1617 5.5706
102 1.5700 5.1603 5.5689
102 1.5696 5.1594 5.5677
102 1.5692 5.1581 5.5662
102 1.5688 5.1567 5.5645
102 1.5684 5.1565 5.5644
102 1.5680 5.1553 5.5629
102 1.5680 5.1562 5.5636
102 1.5676 5.1550 5.5620
102 1.5672 5.1536 5.5604
102 1.5668 5.1536 5.5602
102 1.5667 5.1557 5.5621
102 1.5663 5.1555 5.5620
102 1.5663 5.1555 5.5617
102 1.5659 5.1541 5.5600
102 1.5655 5.1528 5.5585
102 1.5651 5.1522 5.5579
103 1.5647 5.1508 5.5563
103 1.5643 5.1506 5.5561
103 1.5654 5.1512 5.5570
103 1.5664 5.1524 5.5579
103 1.5674 5.1531 5.5588
103 1.5670 5.1521 5.5576
103 1.5666 5.1509 5.5561
103 1.5662 5.1495 5.5544
103 1.5658 5.1489 5.5539
103 1.5658 5.1488 5.5535
103 1.5654 5.1500 5.5552
103 1.5664 5.1506 5.5561
103 1.5674 5.1517 5.5569
103 1.5684 5.1523 5.5577
103 1.5680 5.1509 5.5561
103 1.5676 5.1497 5.5546
103 1.5672 5.1491 5.5540
103 1.5672 5.1495 5.5541
103 1.5668 5.1488 5.5535
103 1.5664 5.1476 5.5520
103 1.5660 5.1462 5.5504
103 1.5656 5.1456 5.5498
103 1.5656 5.1456 5.5495
103 1.5652 5.1446 5.5483
103 1.5648 5.1440 5.5476
103 1.5644 5.1428 5.5461
103 1.5640 5.1414 5.5445
104 1.5637 5.1412 5.5444
104 1.5633 5.1400 5.5429
104 1.5643 5.1405 5.5437
104 1.5653 5.1416 5.5444
104 1.5662 5.1421 5.5452
104 1.5662 5.1421 5.5448
104 1.5658 5.1411 5.5437
104 1.5654 5.1399 5.5422
104 1.5650 5.1386 5.5406
104 1.5647 5.1373 5.5391
104 1.5643 5.1364 5.5379
104 1.5639 5.1351 5.5363
104 1.5648 5.1360 5.5370
104 1.5658 5.1366 5.5377
104 1.5668 5.1371 5.5384
104 1.5664 5.1362 5.5372
104 1.5660 5.1350 5.5357
104 1.5656 5.1336 5.5341
104 1.5652 5.1324 5.5326
104 1.5652 5.1328 5.5328
104 1.5648 5.1314 5.5312
104 1.5644 5.1302 5.5297
104 1.5644 5.1301 5.5294
104 1.5640 5.1295 5.5288
104 1.5640 5.1306 5.5295
105 1.5636 5.1292 5.5279
105 1.5633 5.1280 5.5265
105 1.5629 5.1274 5.5259
105 1.5625 5.1279 5.5270
105 1.5621 5.1294 5.5282
105 1.5617 5.1306 5.5294
105 1.5613 5.1311 5.5306
105 1.5609 5.1298 5.5290
105 1.5605 5.1292 5.5283
105 1.5601 5.1278 5.5267
105 1.5597 5.1266 5.5253
105 1.5593 5.1260 5.5247
105 1.5589 5.1265 5.5257
105 1.5586 5.1276 5.5268
105 1.5582 5.1290 5.5279
105 1.5578 5.1295 5.5290
105 1.5578 5.1304 5.5297
105 1.5574 5.1298 5.5291
105 1.5570 5.1286 5.5276
105 1.5566 5.1273 5.5260
105 1.5562 5.1266 5.5254
105 1.5562 5.1266 5.5251
105 1.5558 5.1264 5.5250
105 1.5554 5.1269 5.5260
105 1.5551 5.1281 5.5270
105 1.5547 5.1292 5.5280
105 1.5543 5.1297 5.5290
105 1.5539 5.1285 5.5276
105 1.5535 5.1316 5.5305
105 1.5531 5.1303 5.5289
105 1.5531 5.1306 5.5289
105 1.5527 5.1300 5.5283
106 1.5523 5.1327 5.5307
106 1.5524 5.1326 5.5304
106 1.5520 5.1319 5.5297
106 1.5516 5.1308 5.5283
106 1.5512 5.1331 5.5304
106 1.5508 5.1318 5.5288
106 1.5508 5.1327 5.5295
106 1.5504 5.1327 5.5294
106 1.5500 5.1315 5.5280
106 1.5496 5.1336 5.5298
106 1.5493 5.1334 5.5297
106 1.5493 5.1344 5.5303
106 1.5489 5.1332 5.5289
106 1.5485 5.1319 5.5273
106 1.5481 5.1340 5.5292
106 1.5477 5.1328 5.5278
106 1.5473 5.1321 5.5271
106 1.5470 5.1308 5.5255
106 1.5466 5.1327 5.5272
106 1.5462 5.1315 5.5258
106 1.5458 5.1333 5.5273
106 1.5454 5.1320 5.5257
106 1.5450 5.1318 5.5256
106 1.5446 5.1306 5.5241
106 1.5442 5.1322 5.5255
106 1.5443 5.1331 5.5261
106 1.5439 5.1319 5.5247
106 1.5435 5.1306 5.5232
106 1.5431 5.1332 5.5260
107 1.5427 5.1326 5.5254
107 1.5427 5.1345 5.5270
107 1.5437 5.1353 5.5311
107 1.5433 5.1340 5.5296
107 1.5429 5.1328 5.5281
107 1.5439 5.1331 5.5322
107 1.5449 5.1335 5.5329
107 1.5459 5.1345 5.5336
107 1.5468 5.1349 5.5342
107 1.5464 5.1336 5.5327
107 1.5460 5.1327 5.5316
107 1.5456 5.1316 5.5302
107 1.5453 5.1313 5.5300
107 1.5462 5.1322 5.5341
107 1.5472 5.1326 5.5347
107 1.5481 5.1335 5.5353
107 1.5490 5.1339 5.5359
107 1.5487 5.1326 5.5344
107 1.5483 5.1314 5.5330
107 1.5479 5.1301 5.5314
107 1.5488 5.1308 5.5342
108 1.5484 5.1297 5.5328
108 1.5480 5.1284 5.5313
108 1.5477 5.1275 5.5302
108 1.5473 5.1277 5.5303
108 1.5482 5.1276 5.5344
108 1.5478 5.1268 5.5333
108 1.5474 5.1256 5.5319
108 1.5470 5.1243 5.5303
108 1.5467 5.1245 5.5305
108 1.5463 5.1237 5.5294
108 1.5459 5.1238 5.5295
108 1.5468 5.1238 5.5335
108 1.5477 5.1242 5.5341
108 1.5486 5.1250 5.5347
108 1.5496 5.1254 5.5352
108 1.5492 5.1245 5.5341
108 1.5488 5.1234 5.5327
108 1.5484 5.1221 5.5312
108 1.5480 5.1222 5.5313
108 1.5476 5.1214 5.5302
108 1.5485 5.1217 5.5330
108 1.5494 5.1225 5.5335
108 1.5503 5.1229 5.5340
108 1.5512 5.1232 5.5346
108 1.5508 5.1224 5.5335
108 1.5505 5.1212 5.5321
108 1.5501 5.1200 5.5305
108 1.5497 5.1200 5.5305
109 1.5493 5.1187 5.5290
109 1.5502 5.1187 5.5318
109 1.5498 5.1175 5.5304
109 1.5494 5.1163 5.5288
109 1.5490 5.1166 5.5328
109 1.5487 5.1171 5.5368
109 1.5483 5.1182 5.5378
109 1.5479 5.1183 5.5378
109 1.5488 5.1190 5.5401
109 1.5484 5.1178 5.5387
109 1.5480 5.1166 5.5372
109 1.5476 5.1167 5.5372
109 1.5485 5.1170 5.5400
109 1.5481 5.1157 5.5385
109 1.5477 5.1149 5.5374
109 1.5473 5.1137 5.5360
109 1.5470 5.1138 5.5360
109 1.5466 5.1142 5.5388
109 1.5462 5.1146 5.5416
109 1.5458 5.1156 5.5424
109 1.5467 5.1164 5.5452
109 1.5463 5.1153 5.5438
109 1.5459 5.1140 5.5423
110 1.5455 5.1141 5.5422
110 1.5452 5.1128 5.5407
110 1.5460 5.1135 5.5427
110 1.5456 5.1124 5.5413
110 1.5453 5.1111 5.5398
110 1.5449 5.1103 5.5387
110 1.5445 5.1118 5.5401
110 1.5454 5.1117 5.5424
110 1.5450 5.1106 5.5410
110 1.5446 5.1093 5.5394
110 1.5447 5.1097 5.5395
110 1.5447 5.1104 5.5435
110 1.5448 5.1110 5.5438
110 1.5444 5.1098 5.5425
110 1.5441 5.1112 5.5437
110 1.5437 5.1104 5.5426
110 1.5433 5.1093 5.5412
110 1.5429 5.1106 5.5424
110 1.5438 5.1106 5.5451
110 1.5434 5.1094 5.5436
110 1.5430 5.1086 5.5425
110 1.5426 5.1074 5.5411
110 1.5423 5.1087 5.5422
110 1.5419 5.1090 5.5461
110 1.5415 5.1097 5.5500
110 1.5411 5.1102 5.5540
110 1.5407 5.1094 5.5529
110 1.5404 5.1081 5.5514
110 1.5412 5.1085 5.5537
111 1.5408 5.1077 5.5526
111 1.5405 5.1066 5.5512
111 1.5401 5.1053 5.5497
111 1.5397 5.1042 5.5483
111 1.5406 5.1042 5.5503
111 1.5402 5.1029 5.5488
111 1.5398 5.1018 5.5474
111 1.5394 5.1021 5.5497
111 1.5390 5.1026 5.5519
111 1.5387 5.1035 5.5527
111 1.5387 5.1036 5.5542
111 1.5384 5.1052 5.5558
111 1.5392 5.1059 5.5575
111 1.5388 5.1047 5.5561
111 1.5385 5.1035 5.5546
111 1.5381 5.1050 5.5561
111 1.5377 5.1038 5.5546
111 1.5373 5.1052 5.5559
111 1.5382 5.1055 5.5582
111 1.5378 5.1042 5.5567
111 1.5374 5.1034 5.5556
111 1.5371 5.1023 5.5543
111 1.5367 5.1036 5.5555
111 1.5363 5.1040 5.5574
111 1.5359 5.1044 5.5594
111 1.5355 5.1053 5.5601
112 1.5364 5.1060 5.5624
112 1.5360 5.1048 5.5609
112 1.5356 5.1037 5.5595
112 1.5353 5.1049 5.5605
112 1.5361 5.1055 5.5621
112 1.5357 5.1044 5.5607
112 1.5353 5.1031 5.5592
112 1.5350 5.1024 5.5581
112 1.5346 5.1024 5.5581
112 1.5354 5.1024 5.5599
112 1.5351 5.1011 5.5584
112 1.5347 5.1000 5.5570
112 1.5348 5.1003 5.5571
112 1.5349 5.1010 5.5598
112 1.5350 5.1015 5.5601
112 1.5346 5.1004 5.5587
112 1.5342 5.0993 5.5574
112 1.5338 5.0993 5.5573
112 1.5347 5.0994 5.5596
112 1.5343 5.0986 5.5585
112 1.5339 5.0975 5.5572
112 1.5336 5.0963 5.5557
113 1.5332 5.0965 5.5583
113 1.5328 5.0972 5.5610
113 1.5324 5.0977 5.5637
113 1.5321 5.0965 5.5622
113 1.5317 5.0965 5.5622
113 1.5325 5.0969 5.5641
113 1.5321 5.0961 5.5631
113 1.5318 5.0950 5.5617
113 1.5314 5.0938 5.5602
113 1.5310 5.0930 5.5592
113 1.5306 5.0919 5.5578
113 1.5303 5.0919 5.5577
113 1.5311 5.0919 5.5593
113 1.5307 5.0908 5.5579
113 1.5304 5.0896 5.5565
113 1.5300 5.0904 5.5571
113 1.5296 5.0908 5.5589
113 1.5292 5.0914 5.5611
113 1.5289 5.0922 5.5649
113 1.5285 5.0922 5.5648
113 1.5293 5.0926 5.5666
113 1.5289 5.0934 5.5672
113 1.5286 5.0922 5.5657
113 1.5282 5.0911 5.5643
113 1.5278 5.0912 5.5643
113 1.5274 5.0900 5.5628
113 1.5271 5.0899 5.5627
113 1.5279 5.0906 5.5647
114 1.5275 5.0894 5.5632
114 1.5272 5.0887 5.5622
114 1.5268 5.0876 5.5608
114 1.5264 5.0876 5.5607
114 1.5260 5.0884 5.5613
114 1.5257 5.0890 5.5632
114 1.5253 5.0894 5.5648
114 1.5249 5.0897 5.5665
114 1.5245 5.0896 5.5664
114 1.5254 5.0899 5.5683
114 1.5250 5.0888 5.5670
114 1.5246 5.0876 5.5655
114 1.5243 5.0877 5.5654
114 1.5251 5.0894 5.5692
114 1.5247 5.0882 5.5677
114 1.5243 5.0871 5.5664
114 1.5240 5.0889 5.5679
114 1.5236 5.0911 5.5701
114 1.5232 5.0912 5.5700
114 1.5228 5.0928 5.5714
114 1.5237 5.0928 5.5729
114 1.5233 5.0916 5.5714
114 1.5229 5.0905 5.5700
114 1.5225 5.0921 5.5713
114 1.5227 5.0924 5.5714
114 1.5228 5.0928 5.5717
114 1.5229 5.0934 5.5739
114 1.5226 5.0933 5.5738
115 1.5222 5.0922 5.5724
115 1.5218 5.0936 5.5736
115 1.5226 5.0937 5.5755
115 1.5223 5.0925 5.5741
115 1.5219 5.0940 5.5753
115 1.5215 5.0929 5.5739
115 1.5211 5.0925 5.5734
115 1.5208 5.0927 5.5756
115 1.5204 5.0932 5.5773
115 1.5200 5.0937 5.5795
115 1.5197 5.0925 5.5780
115 1.5193 5.0939 5.5791
115 1.5201 5.0942 5.5807
115 1.5197 5.0930 5.5792
115 1.5194 5.0920 5.5779
115 1.5190 5.0932 5.5789
115 1.5186 5.0931 5.5788
115 1.5183 5.0920 5.5774
115 1.5179 5.0933 5.5784
115 1.5187 5.0932 5.5797
115 1.5183 5.0920 5.5782
115 1.5180 5.0910 5.5769
115 1.5176 5.0929 5.5788
115 1.5172 5.0925 5.5782
115 1.5169 5.0927 5.5801
115 1.5165 5.0932 5.5817
115 1.5161 5.0936 5.5836
115 1.5158 5.0943 5.5846
115 1.5166 5.0942 5.5858
115 1.5162 5.0931 5.5843
115 1.5158 5.0920 5.5830
116 1.5155 5.0919 5.5828
116 1.5151 5.0907 5.5814
116 1.5159 5.0908 5.5831
116 1.5155 5.0900 5.5821
116 1.5152 5.0890 5.5808
116 1.5148 5.0878 5.5793
116 1.5144 5.0880 5.5810
116 1.5141 5.0885 5.5824
116 1.5137 5.0889 5.5841
116 1.5139 5.0890 5.5877
116 1.5147 5.0893 5.5891
116 1.5143 5.0882 5.5878
116 1.5139 5.0871 5.5864
116 1.5136 5.0869 5.5862
116 1.5132 5.0859 5.5849
116 1.5140 5.0858 5.5860
116 1.5136 5.0847 5.5846
116 1.5133 5.0836 5.5832
116 1.5134 5.0842 5.5851
116 1.5130 5.0835 5.5841
116 1.5127 5.0835 5.5840
116 1.5135 5.0838 5.5853
117 1.5131 5.0827 5.5839
117 1.5127 5.0816 5.5825
117 1.5129 5.0821 5.5844
117 1.5130 5.0829 5.5851
117 1.5132 5.0832 5.5854
117 1.5133 5.0840 5.5875
117 1.5130 5.0840 5.5875
117 1.5126 5.0833 5.5865
117 1.5122 5.0822 5.5851
117 1.5119 5.0822 5.5851
117 1.5127 5.0830 5.5867
117 1.5123 5.0823 5.5857
117 1.5119 5.0811 5.5843
117 1.5116 5.0801 5.5830
117 1.5112 5.0801 5.5829
117 1.5108 5.0805 5.5842
117 1.5105 5.0809 5.5857
117 1.5101 5.0813 5.5871
117 1.5098 5.0819 5.5876
117 1.5094 5.0812 5.5866
117 1.5090 5.0801 5.5852
117 1.5098 5.0804 5.5869
117 1.5095 5.0794 5.5856
117 1.5091 5.0782 5.5842
117 1.5087 5.0781 5.5840
117 1.5084 5.0774 5.5830
117 1.5080 5.0763 5.5817
117 1.5088 5.0779 5.5842
117 1.5085 5.0768 5.5828
117 1.5081 5.0757 5.5815
117 1.5077 5.0775 5.5832
117 1.5074 5.0775 5.5831
117 1.5070 5.0779 5.5845
117 1.5067 5.0782 5.5857
117 1.5063 5.0789 5.5862
118 1.5071 5.0795 5.5876
118 1.5067 5.0784 5.5863
118 1.5064 5.0773 5.5849
118 1.5060 5.0774 5.5848
118 1.5068 5.0777 5.5863
118 1.5064 5.0770 5.5853
118 1.5061 5.0759 5.5840
118 1.5057 5.0748 5.5826
118 1.5053 5.0748 5.5825
118 1.5050 5.0751 5.5837
118 1.5046 5.0755 5.5849
118 1.5043 5.0761 5.5854
118 1.5050 5.0768 5.5869
118 1.5047 5.0757 5.5856
118 1.5043 5.0746 5.5842
118 1.5040 5.0746 5.5840
118 1.5036 5.0735 5.5827
118 1.5033 5.0725 5.5814
118 1.5029 5.0724 5.5812
118 1.5037 5.0730 5.5825
118 1.5033 5.0719 5.5811
118 1.5030 5.0708 5.5798
119 1.5026 5.0701 5.5788
119 1.5022 5.0700 5.5786
119 1.5030 5.0700 5.5796
119 1.5027 5.0688 5.5783
119 1.5023 5.0678 5.5770
119 1.5025 5.0680 5.5771
119 1.5026 5.0685 5.5787
119 1.5028 5.0689 5.5790
119 1.5024 5.0678 5.5777
119 1.5021 5.0671 5.5768
119 1.5017 5.0661 5.5755
119 1.5014 5.0660 5.5753
119 1.5021 5.0659 5.5762
119 1.5018 5.0652 5.5752
119 1.5014 5.0641 5.5739
119 1.5011 5.0631 5.5726
119 1.5007 5.0633 5.5741
119 1.5004 5.0637 5.5752
119 1.5000 5.0641 5.5767
119 1.4996 5.0630 5.5754
119 1.4993 5.0629 5.5752
119 1.5001 5.0630 5.5767
119 1.4997 5.0620 5.5754
119 1.4994 5.0609 5.5740
119 1.4990 5.0605 5.5736
119 1.4998 5.0608 5.5749
119 1.4994 5.0601 5.5740
119 1.4991 5.0591 5.5727
119 1.4987 5.0602 5.5741
119 1.4995 5.0601 5.5749
120 1.4991 5.0591 5.5736
120 1.4988 5.0580 5.5723
120 1.4984 5.0596 5.5738
120 1.4981 5.0593 5.5733
120 1.4977 5.0596 5.5745
120 1.4973 5.0599 5.5756
120 1.4970 5.0605 5.5760
120 1.4966 5.0601 5.5755
120 1.4974 5.0607 5.5767
120 1.4970 5.0596 5.5753
120 1.4967 5.0586 5.5741
120 1.4963 5.0582 5.5736
120 1.4960 5.0571 5.5722
120 1.4956 5.0567 5.5718
120 1.4964 5.0570 5.5730
120 1.4960 5.0564 5.5721
120 1.4957 5.0553 5.5708
120 1.4953 5.0543 5.5695
120 1.4950 5.0541 5.5693
120 1.4946 5.0544 5.5703
120 1.4943 5.0547 5.5714
120 1.4939 5.0553 5.5718
120 1.4936 5.0549 5.5713
120 1.4943 5.0556 5.5726
120 1.4940 5.0546 5.5714
120 1.4936 5.0535 5.5700
120 1.4933 5.0531 5.5695
121 1.4929 5.0520 5.5682
121 1.4926 5.0521 5.5681
121 1.4933 5.0526 5.5692
121 1.4930 5.0516 5.5679
121 1.4926 5.0506 5.5666
121 1.4923 5.0499 5.5656
121 1.4919 5.0495 5.5651
121 1.4927 5.0495 5.5660
121 1.4923 5.0484 5.5646
121 1.4920 5.0474 5.5634
121 1.4922 5.0476 5.5635
121 1.4923 5.0480 5.5649
121 1.4925 5.0484 5.5652
121 1.4922 5.0474 5.5640
121 1.4918 5.0475 5.5639
121 1.4926 5.0481 5.5652
121 1.4922 5.0475 5.5643
121 1.4919 5.0464 5.5629
121 1.4915 5.0454 5.5617
121 1.4912 5.0456 5.5630
121 1.4908 5.0460 5.5641
121 1.4905 5.0463 5.5655
121 1.4901 5.0457 5.5645
121 1.4898 5.0446 5.5632
121 1.4894 5.0436 5.5620
121 1.4902 5.0440 5.5631
121 1.4898 5.0429 5.5618
121 1.4895 5.0419 5.5605
122 1.4891 5.0412 5.5596
122 1.4888 5.0402 5.5584
122 1.4884 5.0403 5.5583
122 1.4892 5.0403 5.5591
122 1.4888 5.0392 5.5578
122 1.4885 5.0382 5.5565
122 1.4881 5.0397 5.5579
122 1.4878 5.0403 5.5583
122 1.4874 5.0406 5.5592
122 1.4871 5.0410 5.5602
122 1.4867 5.0417 5.5626
122 1.4864 5.0418 5.5625
122 1.4871 5.0421 5.5636
122 1.4868 5.0426 5.5640
122 1.4865 5.0416 5.5626
122 1.4861 5.0406 5.5614
122 1.4858 5.0418 5.5625
122 1.4854 5.0407 5.5612
122 1.4851 5.0418 5.5620
122 1.4858 5.0421 5.5630
122 1.4855 5.0415 5.5621
122 1.4851 5.0405 5.5609
122 1.4848 5.0394 5.5596
122 1.4844 5.0395 5.5595
122 1.4841 5.0400 5.5599
122 1.4837 5.0404 5.5608
122 1.4834 5.0407 5.5617
122 1.4830 5.0410 5.5627
122 1.4827 5.0410 5.5626
122 1.4834 5.0416 5.5637
123 1.4831 5.0407 5.5625
123 1.4827 5.0396 5.5612
123 1.4824 5.0397 5.5611
123 1.4821 5.0386 5.5598
123 1.4828 5.0389 5.5609
123 1.4824 5.0379 5.5597
123 1.4821 5.0369 5.5584
123 1.4818 5.0382 5.5595
123 1.4814 5.0401 5.5615
123 1.4837 5.0416 5.5635
123 1.4833 5.0412 5.5631
123 1.4855 5.0419 5.5647
123 1.4877 5.0428 5.5663
123 1.4874 5.0441 5.5673
123 1.4896 5.0453 5.5693
123 1.4917 5.0468 5.5713
123 1.4925 5.0468 5.5720
123 1.4946 5.0478 5.5740
123 1.4942 5.0468 5.5727
123 1.4939 5.0458 5.5715
123 1.4960 5.0455 5.5735
123 1.4957 5.0466 5.5744
123 1.4959 5.0469 5.5745
123 1.4961 5.0472 5.5748
123 1.4962 5.0475 5.5761
123 1.4959 5.0466 5.5749
123 1.4956 5.0477 5.5758
123 1.4963 5.0477 5.5764
123 1.4959 5.0466 5.5752
123 1.4956 5.0477 5.5760
123 1.4952 5.0468 5.5748
123 1.4949 5.0470 5.5760
123 1.4945 5.0473 5.5769
123 1.4942 5.0476 5.5781
124 1.4939 5.0466 5.5768
124 1.4935 5.0477 5.5776
124 1.4932 5.0467 5.5764
124 1.4939 5.0466 5.5770
124 1.4935 5.0457 5.5758
124 1.4932 5.0446 5.5745
124 1.4929 5.0457 5.5753
124 1.4925 5.0447 5.5740
124 1.4922 5.0457 5.5748
124 1.4929 5.0456 5.5754
124 1.4925 5.0474 5.5769
124 1.4922 5.0486 5.5779
124 1.4929 5.0504 5.5813
124 1.4926 5.0504 5.5811
124 1.4933 5.0504 5.5817
124 1.4929 5.0494 5.5805
125 1.4937 5.0497 5.5815
125 1.4944 5.0498 5.5828
125 1.4972 5.0500 5.5861
125 1.5000 5.0503 5.5895
125 1.5027 5.0506 5.5928
125 1.5023 5.0523 5.5942
125 1.5031 5.0526 5.5951
125 1.5038 5.0552 5.5984
126 1.5034 5.0543 5.5972
126 1.5041 5.0545 5.5980
126 1.5048 5.0547 5.5992
126 1.5075 5.0554 5.6016
126 1.5101 5.0557 5.6039
126 1.5127 5.0560 5.6062
126 1.5123 5.0575 5.6075
126 1.5130 5.0578 5.6085
127 1.5137 5.0579 5.6096
127 1.5133 5.0569 5.6084
127 1.5140 5.0575 5.6094
127 1.5147 5.0578 5.6102
127 1.5172 5.0578 5.6126
127 1.5197 5.0583 5.6158
127 1.5222 5.0585 5.6178
127 1.5246 5.0592 5.6197
127 1.5243 5.0607 5.6209
127 1.5249 5.0606 5.6214
128 1.5246 5.0597 5.6202
128 1.5253 5.0596 5.6207
128 1.5259 5.0597 5.6217
128 1.5283 5.0596 5.6237
128 1.5307 5.0598 5.6260
128 1.5330 5.0601 5.6283
128 1.5326 5.0615 5.6294
128 1.5333 5.0616 5.6303
129 1.5340 5.0619 5.6311
129 1.5336 5.0609 5.6298
129 1.5343 5.0626 5.6321
129 1.5349 5.0628 5.6328
129 1.5372 5.0628 5.6345
129 1.5395 5.0631 5.6378
129 1.5417 5.0633 5.6397
129 1.5414 5.0646 5.6407
130 1.5420 5.0681 5.6440
130 1.5426 5.0692 5.6472
130 1.5423 5.0683 5.6460
130 1.5429 5.0688 5.6469
130 1.5436 5.0691 5.6478
130 1.5458 5.0694 5.6501
130 1.5480 5.0696 5.6518
130 1.5501 5.0701 5.6541
130 1.5498 5.0713 5.6550
131 1.5504 5.0748 5.6582
131 1.5510 5.0783 5.6615
131 1.5507 5.0773 5.6602
131 1.5513 5.0776 5.6609
131 1.5534 5.0782 5.6625
131 1.5555 5.0782 5.6641
131 1.5576 5.0786 5.6660
131 1.5597 5.0788 5.6675
131 1.5598 5.0799 5.6683
132 1.5595 5.0810 5.6692
132 1.5615 5.0826 5.6724
132 1.5612 5.0816 5.6711
132 1.5608 5.0807 5.6699
132 1.5605 5.0797 5.6687
133 1.5611 5.0811 5.6706
133 1.5631 5.0814 5.6723
133 1.5651 5.0816 5.6742
133 1.5671 5.0818 5.6761
133 1.5667 5.0829 5.6769
133 1.5673 5.0843 5.6786
133 1.5680 5.0844 5.6794
133 1.5676 5.0834 5.6782
133 1.5682 5.0859 5.6804
134 1.5688 5.0894 5.6836
134 1.5708 5.0895 5.6853
134 1.5727 5.0898 5.6868
134 1.5746 5.0900 5.6884
134 1.5743 5.0911 5.6892
134 1.5749 5.0945 5.6924
134 1.5755 5.0970 5.6946
134 1.5751 5.0961 5.6934
134 1.5757 5.0973 5.6949
135 1.5763 5.0987 5.6971
135 1.5782 5.0993 5.6986
135 1.5801 5.0995 5.6999
135 1.5820 5.0997 5.7014
135 1.5816 5.1007 5.7021
135 1.5822 5.1032 5.7043
135 1.5828 5.1045 5.7062
135 1.5824 5.1035 5.7050
136 1.5830 5.1057 5.7069
136 1.5836 5.1082 5.7091
136 1.5854 5.1081 5.7104
136 1.5873 5.1085 5.7121
136 1.5891 5.1087 5.7133
136 1.5909 5.1093 5.7146
136 1.5905 5.1102 5.7153
136 1.5911 5.1114 5.7166
136 1.5907 5.1105 5.7154
137 1.5913 5.1116 5.7166
137 1.5919 5.1137 5.7185
137 1.5937 5.1137 5.7197
137 1.5954 5.1138 5.7212
137 1.5972 5.1140 5.7225
137 1.5968 5.1149 5.7231
137 1.5965 5.1148 5.7230
137 1.5970 5.1160 5.7246
137 1.5976 5.1181 5.7264
138 1.5972 5.1172 5.7252
138 1.5978 5.1206 5.7283
138 1.5984 5.1225 5.7300
138 1.6001 5.1224 5.7311
138 1.6018 5.1227 5.7329
138 1.6035 5.1229 5.7342
138 1.6032 5.1237 5.7347
138 1.6028 5.1237 5.7346
138 1.6034 5.1262 5.7367
138 1.6039 5.1296 5.7398
139 1.6036 5.1286 5.7386
139 1.6041 5.1305 5.7402
139 1.6038 5.1311 5.7411
139 1.6043 5.1321 5.7433
139 1.6060 5.1323 5.7449
139 1.6077 5.1325 5.7460
139 1.6093 5.1329 5.7474
139 1.6090 5.1337 5.7480
139 1.6086 5.1336 5.7478
139 1.6092 5.1347 5.7492
140 1.6093 5.1346 5.7489
140 1.6095 5.1348 5.7492
140 1.6097 5.1350 5.7494
140 1.6093 5.1341 5.7482
140 1.6090 5.1340 5.7480
140 1.6095 5.1361 5.7498
140 1.6097 5.1360 5.7495
140 1.6099 5.1362 5.7497
140 1.6100 5.1364 5.7499
140 1.6097 5.1371 5.7504
140 1.6093 5.1370 5.7502
140 1.6090 5.1369 5.7500
140 1.6095 5.1380 5.7513
141 1.6092 5.1378 5.7510
141 1.6088 5.1377 5.7508
141 1.6094 5.1396 5.7524
141 1.6090 5.1386 5.7512
141 1.6087 5.1385 5.7509
141 1.6083 5.1375 5.7497
141 1.6080 5.1374 5.7494
141 1.6076 5.1364 5.7482
141 1.6073 5.1363 5.7479
141 1.6089 5.1362 5.7489
141 1.6105 5.1364 5.7504
141 1.6121 5.1365 5.7515
141 1.6118 5.1399 5.7545
141 1.6114 5.1408 5.7576
142 1.6111 5.1413 5.7584
142 1.6107 5.1422 5.7605
142 1.6104 5.1439 5.7636
142 1.6106 5.1472 5.7666
142 1.6102 5.1490 5.7697
142 1.6099 5.1498 5.7715
142 1.6095 5.1519 5.7745
142 1.6097 5.1552 5.7775
143 1.6093 5.1570 5.7797
143 1.6090 5.1578 5.7813
143 1.6092 5.1602 5.7834
143 1.6088 5.1608 5.7864
143 1.6090 5.1632 5.7886
144 1.6086 5.1649 5.7904
144 1.6083 5.1664 5.7919
144 1.6079 5.1679 5.7934
144 1.6081 5.1699 5.7951
144 1.6078 5.1704 5.7973
144 1.6074 5.1709 5.8003
145 1.6071 5.1710 5.8033
145 1.6072 5.1731 5.8051
145 1.6069 5.1731 5.8072
145 1.6065 5.1731 5.8090
145 1.6067 5.1750 5.8106
145 1.6064 5.1754 5.8123
146 1.6060 5.1759 5.8145
146 1.6062 5.1778 5.8160
146 1.6058 5.1777 5.8190
146 1.6055 5.1776 5.8211
146 1.6051 5.1775 5.8229
146 1.6053 5.1791 5.8243
146 1.6050 5.1790 5.8258
147 1.6046 5.1789 5.8272
147 1.6043 5.1788 5.8285
147 1.6045 5.1805 5.8299
147 1.6041 5.1803 5.8310
147 1.6038 5.1802 5.8321
147 1.6039 5.1817 5.8334
147 1.6036 5.1816 5.8343
148 1.6032 5.1814 5.8353
148 1.6029 5.1812 5.8361
148 1.6026 5.1811 5.8369
148 1.6027 5.1826 5.8381
148 1.6024 5.1834 5.8395
148 1.6020 5.1841 5.8408
148 1.6017 5.1847 5.8419
148 1.6019 5.1862 5.8431
149 1.6015 5.1872 5.8460
149 1.6012 5.1882 5.8481
149 1.6008 5.1895 5.8494
149 1.6010 5.1909 5.8505
149 1.6007 5.1922 5.8517
149 1.6003 5.1934 5.8527
149 1.6005 5.1947 5.8538
150 1.6002 5.1954 5.8548
150 1.5998 5.1958 5.8563
150 1.5995 5.1960 5.8593
150 1.5996 5.1973 5.8603
150 1.5993 5.1985 5.8613
150 1.5990 5.1995 5.8622
151 1.5986 5.2005 5.8630
151 1.5988 5.2018 5.8640
151 1.5985 5.2024 5.8650
151 1.5981 5.2028 5.8663
151 1.5978 5.2028 5.8679
151 1.5979 5.2041 5.8688
152 1.5976 5.2041 5.8702
152 1.5978 5.2053 5.8711
152 1.5974 5.2053 5.8723
152 1.5971 5.2051 5.8730
152 1.5973 5.2063 5.8739
152 1.5969 5.2061 5.8746
153 1.5966 5.2062 5.8766
153 1.5968 5.2074 5.8775
153 1.5964 5.2072 5.8781
153 1.5961 5.2070 5.8787
153 1.5957 5.2071 5.8804
153 1.5959 5.2082 5.8812
153 1.5956 5.2080 5.8818
154 1.5952 5.2078 5.8823
154 1.5949 5.2076 5.8827
154 1.5946 5.2076 5.8839
154 1.5947 5.2086 5.8846
154 1.5949 5.2097 5.8854
155 1.5946 5.2098 5.8869
155 1.5942 5.2096 5.8873
155 1.5939 5.2094 5.8877
155 1.5941 5.2104 5.8884
155 1.5937 5.2105 5.8898
155 1.5934 5.2103 5.8902
155 1.5931 5.2104 5.8914
155 1.5932 5.2136 5.8943
155 1.5934 5.2146 5.8950
156 1.5931 5.2143 5.8953
156 1.5927 5.2141 5.8956
156 1.5929 5.2150 5.8963
156 1.5926 5.2150 5.8973
156 1.5922 5.2150 5.8983
157 1.5919 5.2149 5.8991
157 1.5921 5.2159 5.8998
157 1.5926 5.2174 5.9018
157 1.5932 5.2189 5.9032
157 1.5937 5.2195 5.9049
157 1.5943 5.2209 5.9066
157 1.5948 5.2223 5.9078
157 1.5953 5.2228 5.9093
158 1.5959 5.2241 5.9108
158 1.5964 5.2255 5.9119
158 1.5970 5.2260 5.9132
158 1.5975 5.2276 5.9161
158 1.5980 5.2285 5.9172
158 1.5985 5.2294 5.9182
158 1.5991 5.2309 5.9202
158 1.5996 5.2318 5.9212
158 1.6001 5.2327 5.9221
159 1.6006 5.2342 5.9250
159 1.6012 5.2357 5.9263
160 1.6017 5.2371 5.9283
160 1.6022 5.2376 5.9295
160 1.6027 5.2389 5.9312
160 1.6032 5.2394 5.9323
160 1.6037 5.2407 5.9340
160 1.6042 5.2412 5.9350
160 1.6047 5.2421 5.9359
161 1.6052 5.2429 5.9379
161 1.6057 5.2434 5.9388
161 1.6062 5.2438 5.9396
161 1.6067 5.2447 5.9424
162 1.6083 5.2456 5.9441
162 1.6121 5.2453 5.9469
162 1.6156 5.2454 5.9498
162 1.6189 5.2462 5.9526
162 1.6221 5.2480 5.9554
163 1.6226 5.2488 5.9563
164 1.6241 5.2485 5.9591
164 1.6256 5.2485 5.9619
165 1.6271 5.2485 5.9648
165 1.6286 5.2485 5.9667
166 1.6301 5.2487 5.9696
166 1.6316 5.2486 5.9712
167 1.6312 5.2483 5.9707
167 1.6327 5.2480 5.9727
167 1.6332 5.2485 5.9735
167 1.6334 5.2485 5.9734
168 1.6338 5.2485 5.9739
168 1.6340 5.2484 5.9751
168 1.6345 5.2489 5.9759
168 1.6359 5.2486 5.9775
168 1.6364 5.2509 5.9795
168 1.6366 5.2505 5.9803
169 1.6380 5.2505 5.9817
169 1.6382 5.2518 5.9828
169 1.6396 5.2519 5.9847
169 1.6398 5.2516 5.9855
169 1.6412 5.2535 5.9883
169 1.6413 5.2540 5.9895
169 1.6418 5.2562 5.9915
170 1.6423 5.2580 5.9931
170 1.6437 5.2579 5.9944
170 1.6442 5.2602 5.9964
170 1.6443 5.2611 5.9972
170 1.6448 5.2624 5.9985
170 1.6462 5.2626 6.0004
170 1.6466 5.2649 6.0024
171 1.6468 5.2661 6.0033
171 1.6482 5.2660 6.0045
171 1.6483 5.2657 6.0052
171 1.6488 5.2665 6.0063
171 1.6502 5.2663 6.0077
172 1.6516 5.2678 6.0097
172 1.6517 5.2694 6.0110
172 1.6522 5.2713 6.0126
172 1.6523 5.2715 6.0127
172 1.6528 5.2735 6.0143
172 1.6532 5.2752 6.0157
172 1.6534 5.2761 6.0165
172 1.6547 5.2760 6.0175
172 1.6552 5.2767 6.0183
173 1.6557 5.2782 6.0197
173 1.6558 5.2788 6.0208
173 1.6572 5.2788 6.0224
173 1.6573 5.2792 6.0230
173 1.6574 5.2796 6.0235
173 1.6576 5.2811 6.0251
173 1.6577 5.2823 6.0270
174 1.6582 5.2828 6.0278
174 1.6586 5.2842 6.0294
174 1.6588 5.2849 6.0313
174 1.6601 5.2850 6.0329
174 1.6605 5.2862 6.0339
174 1.6607 5.2876 6.0356
174 1.6608 5.2884 6.0363
174 1.6610 5.2885 6.0364
175 1.6611 5.2891 6.0380
175 1.6612 5.2895 6.0384
175 1.6617 5.2900 6.0391
175 1.6621 5.2911 6.0401
175 1.6626 5.2923 6.0410
175 1.6630 5.2934 6.0423
175 1.6643 5.2936 6.0437
175 1.6648 5.2948 6.0449
175 1.6652 5.2963 6.0465
176 1.6656 5.2959 6.0474
176 1.6670 5.2956 6.0486
176 1.6674 5.2967 6.0495
176 1.6675 5.2966 6.0494
176 1.6677 5.2970 6.0505
176 1.6678 5.2971 6.0506
177 1.6679 5.2969 6.0517
177 1.6680 5.2981 6.0533
177 1.6694 5.2978 6.0544
177 1.6698 5.2982 6.0551
177 1.6702 5.2994 6.0565
177 1.6703 5.2991 6.0571
177 1.6716 5.2990 6.0580
178 1.6718 5.2990 6.0589
178 1.6719 5.3003 6.0603
178 1.6723 5.3001 6.0609
178 1.6736 5.3001 6.0623
178 1.6740 5.3012 6.0631
178 1.6742 5.3012 6.0640
178 1.6755 5.3011 6.0648
179 1.6756 5.3019 6.0655
179 1.6757 5.3030 6.0668
179 1.6770 5.3032 6.0681
179 1.6774 5.3043 6.0692
179 1.6778 5.3054 6.0700
179 1.6779 5.3066 6.0709
179 1.6784 5.3062 6.0717
179 1.6796 5.3061 6.0725
180 1.6798 5.3072 6.0739
180 1.6802 5.3080 6.0749
180 1.6814 5.3077 6.0759
180 1.6818 5.3091 6.0786
180 1.6822 5.3101 6.0793
181 1.6835 5.3102 6.0804
181 1.6836 5.3110 6.0810
181 1.6837 5.3120 6.0826
181 1.6841 5.3126 6.0832
181 1.6854 5.3124 6.0840
181 1.6858 5.3129 6.0846
181 1.6862 5.3141 6.0858
182 1.6874 5.3141 6.0870
182 1.6892 5.3155 6.0884
182 1.6893 5.3160 6.0894
182 1.6894 5.3174 6.0913
182 1.6898 5.3180 6.0919
182 1.6916 5.3193 6.0931
182 1.6920 5.3198 6.0937
182 1.6924 5.3211 6.0952
182 1.6941 5.3223 6.0968
182 1.6945 5.3229 6.0974
182 1.6962 5.3241 6.0985
182 1.6966 5.3245 6.0990
182 1.6967 5.3249 6.0995
182 1.6984 5.3261 6.1009
182 1.6988 5.3266 6.1014
182 1.6992 5.3270 6.1019
182 1.6993 5.3273 6.1023
182 1.6997 5.3284 6.1034
183 1.7001 5.3288 6.1039
183 1.7005 5.3297 6.1046
183 1.7017 5.3301 6.1073
183 1.7029 5.3299 6.1079
184 1.7026 5.3294 6.1071
184 1.7038 5.3298 6.1098
184 1.7066 5.3301 6.1124
184 1.7063 5.3296 6.1116
184 1.7060 5.3291 6.1107
184 1.7061 5.3289 6.1106
184 1.7058 5.3284 6.1097
184 1.7055 5.3281 6.1093
184 1.7052 5.3275 6.1084
184 1.7055 5.3284 6.1091
184 1.7057 5.3288 6.1096
185 1.7060 5.3291 6.1102
185 1.7064 5.3301 6.1109
185 1.7061 5.3292 6.1097
185 1.7058 5.3284 6.1085
185 1.7070 5.3285 6.1095
185 1.7067 5.3276 6.1084
185 1.7063 5.3268 6.1072
185 1.7060 5.3267 6.1069
185 1.7061 5.3266 6.1079
185 1.7063 5.3276 6.1091
185 1.7066 5.3279 6.1096
185 1.7078 5.3277 6.1105
186 1.7075 5.3268 6.1093
186 1.7072 5.3260 6.1082
186 1.7069 5.3259 6.1078
186 1.7072 5.3270 6.1090
186 1.7074 5.3267 6.1096
186 1.7070 5.3261 6.1087
186 1.7067 5.3253 6.1076
186 1.7079 5.3252 6.1083
186 1.7091 5.3253 6.1094
186 1.7102 5.3254 6.1103
186 1.7114 5.3253 6.1109
186 1.7111 5.3244 6.1097
186 1.7108 5.3236 6.1086
186 1.7104 5.3236 6.1082
186 1.7106 5.3246 6.1094
186 1.7107 5.3257 6.1102
186 1.7104 5.3249 6.1090
187 1.7115 5.3249 6.1101
187 1.7112 5.3241 6.1090
187 1.7109 5.3232 6.1078
187 1.7106 5.3232 6.1075
187 1.7107 5.3228 6.1080
187 1.7110 5.3237 6.1086
187 1.7112 5.3241 6.1096
187 1.7108 5.3232 6.1084
187 1.7120 5.3236 6.1102
187 1.7131 5.3235 6.1109
187 1.7143 5.3239 6.1119
187 1.7154 5.3241 6.1128
187 1.7165 5.3242 6.1137
187 1.7162 5.3234 6.1125
187 1.7159 5.3225 6.1114
187 1.7156 5.3225 6.1110
187 1.7157 5.3232 6.1115
187 1.7158 5.3242 6.1127
188 1.7161 5.3253 6.1137
188 1.7173 5.3254 6.1145
188 1.7169 5.3246 6.1134
188 1.7166 5.3237 6.1122
188 1.7163 5.3237 6.1119
188 1.7167 5.3245 6.1125
188 1.7168 5.3255 6.1133
188 1.7165 5.3250 6.1124
188 1.7176 5.3249 6.1131
188 1.7187 5.3252 6.1142
188 1.7198 5.3254 6.1149
188 1.7209 5.3258 6.1158
188 1.7220 5.3257 6.1164
188 1.7216 5.3248 6.1153
188 1.7213 5.3248 6.1149
188 1.7210 5.3239 6.1138
188 1.7211 5.3236 6.1142
189 1.7212 5.3246 6.1153
189 1.7209 5.3237 6.1141
189 1.7213 5.3245 6.1150
189 1.7224 5.3242 6.1159
189 1.7221 5.3234 6.1147
189 1.7217 5.3225 6.1136
189 1.7214 5.3225 6.1132
189 1.7218 5.3233 6.1138
189 1.7219 5.3246 6.1149
189 1.7216 5.3238 6.1137
189 1.7227 5.3237 6.1143
189 1.7237 5.3238 6.1153
189 1.7248 5.3239 6.1161
189 1.7258 5.3240 6.1168
189 1.7255 5.3232 6.1157
189 1.7252 5.3231 6.1153
189 1.7249 5.3223 6.1142
190 1.7250 5.3230 6.1147
190 1.7251 5.3237 6.1160
190 1.7262 5.3236 6.1165
190 1.7265 5.3241 6.1170
190 1.7262 5.3233 6.1159
190 1.7259 5.3225 6.1147
190 1.7256 5.3224 6.1144
190 1.7260 5.3234 6.1154
190 1.7261 5.3238 6.1163
190 1.7258 5.3233 6.1155
190 1.7254 5.3224 6.1144
190 1.7265 5.3223 6.1150
190 1.7275 5.3225 6.1160
190 1.7286 5.3226 6.1167
190 1.7296 5.3226 6.1177
190 1.7293 5.3218 6.1166
190 1.7290 5.3210 6.1154
190 1.7286 5.3209 6.1151
191 1.7287 5.3212 6.1155
191 1.7289 5.3222 6.1166
191 1.7290 5.3232 6.1181
191 1.7286 5.3227 6.1173
191 1.7290 5.3230 6.1177
191 1.7287 5.3222 6.1166
191 1.7288 5.3226 6.1169
191 1.7285 5.3218 6.1158
191 1.7282 5.3217 6.1154
191 1.7279 5.3212 6.1146
191 1.7282 5.3221 6.1157
191 1.7283 5.3226 6.1170
191 1.7280 5.3221 6.1162
191 1.7277 5.3213 6.1151
191 1.7287 5.3216 6.1166
191 1.7298 5.3217 6.1175
191 1.7308 5.3219 6.1182
191 1.7318 5.3220 6.1189
192 1.7315 5.3212 6.1178
192 1.7312 5.3203 6.1167
192 1.7308 5.3203 6.1163
192 1.7310 5.3203 6.1164
192 1.7311 5.3212 6.1175
192 1.7312 5.3219 6.1179
192 1.7309 5.3214 6.1171
192 1.7305 5.3206 6.1160
192 1.7306 5.3211 6.1172
192 1.7307 5.3209 6.1170
192 1.7304 5.3208 6.1167
192 1.7301 5.3200 6.1155
192 1.7305 5.3203 6.1159
192 1.7309 5.3211 6.1165
192 1.7312 5.3219 6.1171
192 1.7316 5.3228 6.1180
193 1.7313 5.3220 6.1169
193 1.7323 5.3223 6.1182
193 1.7333 5.3222 6.1187
193 1.7342 5.3226 6.1196
193 1.7352 5.3228 6.1202
193 1.7362 5.3229 6.1209
193 1.7366 5.3238 6.1219
193 1.7369 5.3250 6.1232
193 1.7366 5.3242 6.1221
193 1.7363 5.3234 6.1210
193 1.7360 5.3233 6.1206
193 1.7357 5.3225 6.1195
193 1.7360 5.3222 6.1202
193 1.7370 5.3219 6.1209
193 1.7367 5.3214 6.1201
193 1.7364 5.3206 6.1190
193 1.7361 5.3198 6.1179
193 1.7358 5.3197 6.1175
193 1.7355 5.3192 6.1167
193 1.7358 5.3200 6.1172
193 1.7359 5.3198 6.1171
193 1.7361 5.3202 6.1180
194 1.7357 5.3197 6.1172
194 1.7354 5.3189 6.1161
194 1.7351 5.3181 6.1150
194 1.7361 5.3180 6.1155
194 1.7371 5.3181 6.1163
194 1.7380 5.3182 6.1170
194 1.7377 5.3174 6.1159
194 1.7374 5.3166 6.1148
194 1.7371 5.3165 6.1144
194 1.7368 5.3172 6.1153
194 1.7369 5.3173 6.1154
194 1.7370 5.3171 6.1162
194 1.7371 5.3180 6.1172
194 1.7381 5.3178 6.1179
194 1.7384 5.3181 6.1184
194 1.7381 5.3173 6.1173
194 1.7378 5.3165 6.1162
194 1.7375 5.3164 6.1158
194 1.7379 5.3172 6.1167
195 1.7380 5.3169 6.1172
195 1.7377 5.3164 6.1164
195 1.7373 5.3156 6.1153
195 1.7383 5.3155 6.1157
195 1.7392 5.3156 6.1166
195 1.7402 5.3158 6.1172
195 1.7411 5.3156 6.1177
195 1.7408 5.3148 6.1166
195 1.7405 5.3140 6.1155
195 1.7402 5.3139 6.1151
195 1.7403 5.3140 6.1158
195 1.7404 5.3149 6.1168
195 1.7401 5.3141 6.1157
195 1.7405 5.3139 6.1162
195 1.7414 5.3140 6.1171
195 1.7411 5.3132 6.1160
195 1.7408 5.3124 6.1149
195 1.7405 5.3123 6.1145
196 1.7408 5.3130 6.1149
196 1.7409 5.3130 6.1156
196 1.7406 5.3125 6.1149
196 1.7403 5.3117 6.1138
196 1.7412 5.3121 6.1149
196 1.7422 5.3120 6.1153
196 1.7431 5.3124 6.1161
196 1.7440 5.3125 6.1167
196 1.7449 5.3124 6.1172
196 1.7446 5.3116 6.1161
196 1.7443 5.3108 6.1150
196 1.7440 5.3107 6.1146
196 1.7441 5.3113 6.1150
196 1.7442 5.3121 6.1160
196 1.7451 5.3122 6.1166
196 1.7454 5.3132 6.1174
196 1.7451 5.3124 6.1163
196 1.7448 5.3119 6.1156
196 1.7445 5.3112 6.1145
196 1.7442 5.3110 6.1141
197 1.7446 5.3118 6.1146
197 1.7447 5.3127 6.1153
197 1.7444 5.3122 6.1145
197 1.7453 5.3121 6.1149
197 1.7462 5.3125 6.1159
197 1.7471 5.3126 6.1164
197 1.7479 5.3130 6.1171
197 1.7488 5.3129 6.1176
197 1.7485 5.3121 6.1165
197 1.7482 5.3113 6.1154
197 1.7479 5.3112 6.1150
197 1.7480 5.3109 6.1154
197 1.7481 5.3117 6.1162
197 1.7478 5.3112 6.1155
197 1.7475 5.3104 6.1144
197 1.7484 5.3102 6.1150
198 1.7481 5.3094 6.1140
198 1.7485 5.3101 6.1148
198 1.7482 5.3093 6.1137
198 1.7479 5.3092 6.1133
198 1.7482 5.3099 6.1137
198 1.7483 5.3110 6.1146
198 1.7480 5.3105 6.1139
198 1.7477 5.3098 6.1128
198 1.7486 5.3096 6.1132
198 1.7494 5.3098 6.1139
198 1.7503 5.3099 6.1145
198 1.7512 5.3100 6.1150
198 1.7509 5.3092 6.1140
198 1.7506 5.3084 6.1129
198 1.7503 5.3083 6.1125
198 1.7504 5.3090 6.1136
198 1.7505 5.3096 6.1140
199 1.7513 5.3094 6.1144
199 1.7517 5.3099 6.1149
199 1.7514 5.3091 6.1138
199 1.7511 5.3083 6.1127
199 1.7508 5.3082 6.1123
199 1.7511 5.3091 6.1133
199 1.7512 5.3094 6.1141
199 1.7509 5.3089 6.1133
199 1.7506 5.3081 6.1122
199 1.7515 5.3080 6.1126
199 1.7523 5.3082 6.1134
199 1.7532 5.3083 6.1140
199 1.7540 5.3083 6.1148
199 1.7537 5.3076 6.1137
199 1.7534 5.3074 6.1133
199 1.7531 5.3066 6.1122
199 1.7547 5.3077 6.1132
199 1.7548 5.3081 6.1139
199 1.7549 5.3091 6.1154
199 1.7552 5.3096 6.1158
199 1.7567 5.3106 6.1167
199 1.7571 5.3109 6.1170
199 1.7574 5.3119 6.1183
199 1.7575 5.3122 6.1187
199 1.7590 5.3132 6.1199
199 1.7594 5.3136 6.1203
200 1.7609 5.3146 6.1211
200 1.7612 5.3149 6.1214
200 1.7609 5.3144 6.1206
200 1.7624 5.3153 6.1217
200 1.7625 5.3157 6.1220
200 1.7628 5.3161 6.1224
200 1.7625 5.3153 6.1213
200 1.7622 5.3145 6.1203
200 1.7626 5.3148 6.1206
200 1.7623 5.3147 6.1202
200 1.7626 5.3155 6.1210
200 1.7623 5.3151 6.1203
200 1.7620 5.3146 6.1195
200 1.7617 5.3138 6.1184
200 1.7620 5.3141 6.1187
200 1.7629 5.3144 6.1198
200 1.7637 5.3145 6.1206
200 1.7645 5.3147 6.1211
200 1.7648 5.3153 6.1216
200 1.7657 5.3154 6.1221
200 1.7654 5.3147 6.1211
200 1.7651 5.3139 6.1200
200 1.7648 5.3137 6.1196
201 1.7645 5.3133 6.1188
201 1.7653 5.3131 6.1192
201 1.7650 5.3126 6.1184
201 1.7647 5.3119 6.1174
201 1.7644 5.3111 6.1163
201 1.7641 5.3110 6.1159
201 1.7638 5.3105 6.1151
201 1.7635 5.3097 6.1141
201 1.7643 5.3096 6.1144
201 1.7652 5.3098 6.1151
201 1.7660 5.3099 6.1156
201 1.7668 5.3102 6.1173
201 1.7693 5.3105 6.1190
201 1.7690 5.3097 6.1180
201 1.7687 5.3089 6.1169
201 1.7684 5.3098 6.1175
201 1.7681 5.3096 6.1171
202 1.7682 5.3095 6.1169
202 1.7679 5.3103 6.1175
202 1.7676 5.3111 6.1180
202 1.7673 5.3108 6.1176
202 1.7670 5.3100 6.1165
202 1.7667 5.3093 6.1155
202 1.7664 5.3085 6.1144
202 1.7667 5.3092 6.1149
202 1.7668 5.3095 6.1153
202 1.7665 5.3102 6.1158
202 1.7662 5.3101 6.1154
202 1.7666 5.3104 6.1158
202 1.7669 5.3111 6.1162
202 1.7666 5.3118 6.1167
202 1.7667 5.3119 6.1168
202 1.7664 5.3111 6.1157
202 1.7661 5.3118 6.1161
202 1.7658 5.3110 6.1151
202 1.7655 5.3103 6.1140
202 1.7652 5.3095 6.1130
202 1.7649 5.3093 6.1125
202 1.7646 5.3101 6.1133
203 1.7647 5.3100 6.1131
203 1.7648 5.3101 6.1132
203 1.7649 5.3102 6.1133
203 1.7650 5.3101 6.1141
203 1.7651 5.3109 6.1149
203 1.7655 5.3112 6.1153
203 1.7663 5.3110 6.1159
203 1.7660 5.3102 6.1149
203 1.7657 5.3101 6.1145
203 1.7654 5.3093 6.1134
203 1.7657 5.3101 6.1143
203 1.7658 5.3098 6.1147
203 1.7655 5.3093 6.1139
203 1.7652 5.3086 6.1129
203 1.7660 5.3084 6.1132
204 1.7657 5.3077 6.1122
204 1.7654 5.3069 6.1111
204 1.7651 5.3068 6.1107
204 1.7652 5.3067 6.1105
204 1.7653 5.3071 6.1109
204 1.7654 5.3072 6.1111
204 1.7655 5.3075 6.1113
204 1.7656 5.3083 6.1121
204 1.7657 5.3092 6.1127
204 1.7654 5.3085 6.1117
204 1.7662 5.3085 6.1124
204 1.7659 5.3077 6.1114
204 1.7657 5.3070 6.1104
204 1.7654 5.3068 6.1099
204 1.7655 5.3066 6.1103
204 1.7658 5.3072 6.1107
204 1.7659 5.3075 6.1115
204 1.7656 5.3070 6.1107
205 1.7653 5.3063 6.1097
205 1.7661 5.3062 6.1100
205 1.7658 5.3054 6.1090
205 1.7655 5.3047 6.1080
205 1.7652 5.3045 6.1075
205 1.7649 5.3052 6.1083
205 1.7650 5.3055 6.1095
205 1.7651 5.3057 6.1097
205 1.7652 5.3058 6.1099
205 1.7653 5.3057 6.1096
205 1.7654 5.3063 6.1100
205 1.7655 5.3070 6.1109
205 1.7652 5.3066 6.1101
205 1.7655 5.3075 6.1109
205 1.7663 5.3076 6.1114
205 1.7660 5.3071 6.1107
205 1.7658 5.3064 6.1097
205 1.7655 5.3056 6.1086
205 1.7652 5.3054 6.1082
205 1.7655 5.3061 6.1087
205 1.7656 5.3069 6.1092
206 1.7653 5.3064 6.1085
206 1.7650 5.3057 6.1075
206 1.7658 5.3055 6.1078
206 1.7655 5.3048 6.1068
206 1.7652 5.3046 6.1063
206 1.7649 5.3039 6.1053
206 1.7650 5.3038 6.1051
206 1.7651 5.3039 6.1051
206 1.7652 5.3040 6.1052
206 1.7653 5.3038 6.1056
206 1.7650 5.3045 6.1060
206 1.7651 5.3052 6.1068
206 1.7648 5.3059 6.1072
206 1.7646 5.3052 6.1062
206 1.7649 5.3059 6.1069
206 1.7657 5.3057 6.1075
206 1.7654 5.3049 6.1064
206 1.7651 5.3042 6.1054
206 1.7648 5.3040 6.1050
206 1.7651 5.3046 6.1054
206 1.7648 5.3053 6.1057
207 1.7649 5.3063 6.1066
207 1.7647 5.3056 6.1056
207 1.7644 5.3062 6.1060
207 1.7641 5.3055 6.1049
207 1.7649 5.3056 6.1054
207 1.7646 5.3049 6.1044
207 1.7643 5.3047 6.1040
207 1.7640 5.3053 6.1046
207 1.7637 5.3046 6.1036
207 1.7638 5.3045 6.1034
207 1.7639 5.3046 6.1035
207 1.7640 5.3047 6.1037
207 1.7641 5.3053 6.1040
207 1.7642 5.3059 6.1050
207 1.7649 5.3058 6.1053
207 1.7653 5.3062 6.1057
207 1.7650 5.3054 6.1047
207 1.7647 5.3047 6.1037
207 1.7644 5.3045 6.1032
208 1.7647 5.3053 6.1041
208 1.7648 5.3055 6.1048
208 1.7646 5.3051 6.1040
208 1.7643 5.3043 6.1030
208 1.7650 5.3044 6.1037
208 1.7648 5.3036 6.1027
208 1.7645 5.3029 6.1017
208 1.7642 5.3027 6.1012
208 1.7643 5.3030 6.1014
208 1.7644 5.3032 6.1015
208 1.7645 5.3033 6.1017
208 1.7646 5.3036 6.1021
208 1.7646 5.3043 6.1029
208 1.7647 5.3051 6.1041
208 1.7645 5.3044 6.1031
208 1.7648 5.3047 6.1034
208 1.7645 5.3039 6.1024
208 1.7646 5.3043 6.1028
208 1.7643 5.3036 6.1017
208 1.7640 5.3034 6.1013
209 1.7643 5.3041 6.1021
209 1.7644 5.3045 6.1031
209 1.7642 5.3040 6.1024
209 1.7639 5.3033 6.1014
209 1.7646 5.3034 6.1018
209 1.7644 5.3026 6.1008
209 1.7641 5.3019 6.0998
209 1.7638 5.3017 6.0994
209 1.7639 5.3016 6.0991
209 1.7640 5.3020 6.0995
209 1.7641 5.3021 6.0997
209 1.7642 5.3024 6.0998
209 1.7642 5.3032 6.1006
209 1.7643 5.3037 6.1010
209 1.7641 5.3033 6.1003
209 1.7648 5.3033 6.1009
210 1.7645 5.3028 6.1002
210 1.7643 5.3021 6.0992
210 1.7643 5.3025 6.1001
210 1.7644 5.3024 6.1000
210 1.7641 5.3016 6.0990
210 1.7639 5.3015 6.0986
210 1.7642 5.3017 6.0989
210 1.7645 5.3023 6.0993
210 1.7648 5.3029 6.0996
210 1.7646 5.3024 6.0989
210 1.7649 5.3032 6.0997
210 1.7646 5.3024 6.0987
210 1.7654 5.3025 6.0991
210 1.7657 5.3032 6.1000
210 1.7660 5.3043 6.1011
210 1.7657 5.3036 6.1001
210 1.7654 5.3029 6.0992
210 1.7652 5.3027 6.0987
210 1.7652 5.3026 6.0985
210 1.7653 5.3027 6.0985
210 1.7654 5.3028 6.0986
210 1.7651 5.3024 6.0979
211 1.7649 5.3017 6.0969
211 1.7652 5.3014 6.0976
211 1.7659 5.3012 6.0981
211 1.7657 5.3005 6.0971
211 1.7654 5.3003 6.0967
211 1.7651 5.2996 6.0957
211 1.7648 5.2992 6.0950
211 1.7651 5.2997 6.0953
211 1.7652 5.3000 6.0960
211 1.7650 5.2996 6.0953
211 1.7647 5.2989 6.0943
211 1.7644 5.2981 6.0933
211 1.7651 5.2980 6.0936
211 1.7649 5.2973 6.0927
211 1.7646 5.2966 6.0917
211 1.7643 5.2964 6.0912
211 1.7640 5.2970 6.0919
211 1.7641 5.2971 6.0920
211 1.7642 5.2970 6.0918
211 1.7643 5.2971 6.0918
211 1.7644 5.2972 6.0919
211 1.7645 5.2971 6.0926
211 1.7646 5.2978 6.0933
212 1.7653 5.2976 6.0938
212 1.7656 5.2979 6.0942
212 1.7654 5.2972 6.0933
212 1.7651 5.2965 6.0923
212 1.7648 5.2963 6.0918
212 1.7651 5.2969 6.0926
212 1.7652 5.2967 6.0929
212 1.7649 5.2963 6.0922
212 1.7647 5.2955 6.0912
212 1.7654 5.2954 6.0915
212 1.7651 5.2947 6.0905
212 1.7649 5.2940 6.0895
212 1.7646 5.2938 6.0891
212 1.7647 5.2937 6.0888
212 1.7647 5.2941 6.0892
212 1.7648 5.2942 6.0894
212 1.7649 5.2945 6.0895
213 1.7650 5.2946 6.0902
213 1.7651 5.2953 6.0909
213 1.7648 5.2946 6.0899
213 1.7651 5.2945 6.0904
213 1.7659 5.2946 6.0910
213 1.7656 5.2938 6.0900
213 1.7653 5.2932 6.0891
213 1.7650 5.2930 6.0886
213 1.7654 5.2935 6.0889
213 1.7654 5.2936 6.0895
213 1.7652 5.2932 6.0889
213 1.7649 5.2924 6.0879
213 1.7656 5.2923 6.0881
213 1.7654 5.2916 6.0872
213 1.7651 5.2909 6.0862
213 1.7648 5.2907 6.0857
213 1.7646 5.2913 6.0863
214 1.7646 5.2918 6.0867
214 1.7647 5.2922 6.0877
214 1.7648 5.2923 6.0879
214 1.7649 5.2924 6.0880
214 1.7650 5.2923 6.0878
214 1.7651 5.2930 6.0886
214 1.7648 5.2925 6.0879
214 1.7655 5.2926 6.0883
214 1.7658 5.2935 6.0890
214 1.7656 5.2931 6.0883
214 1.7653 5.2924 6.0873
214 1.7650 5.2922 6.0869
214 1.7647 5.2914 6.0859
214 1.7651 5.2920 6.0863
214 1.7651 5.2928 6.0869
214 1.7649 5.2924 6.0862
214 1.7646 5.2916 6.0852
214 1.7653 5.2915 6.0854
214 1.7651 5.2908 6.0845
214 1.7648 5.2906 6.0840
215 1.7645 5.2899 6.0830
215 1.7646 5.2898 6.0828
215 1.7647 5.2899 6.0828
215 1.7648 5.2900 6.0830
215 1.7648 5.2898 6.0833
215 1.7649 5.2905 6.0839
215 1.7647 5.2900 6.0832
215 1.7644 5.2893 6.0822
215 1.7647 5.2899 6.0829
215 1.7654 5.2898 6.0834
215 1.7652 5.2891 6.0825
215 1.7649 5.2884 6.0815
215 1.7646 5.2882 6.0810
215 1.7649 5.2892 6.0826
215 1.7652 5.2897 6.0829
215 1.7650 5.2893 6.0822
215 1.7647 5.2886 6.0813
215 1.7644 5.2879 6.0803
215 1.7652 5.2877 6.0805
216 1.7649 5.2871 6.0796
216 1.7646 5.2869 6.0791
216 1.7644 5.2874 6.0797
216 1.7641 5.2867 6.0787
216 1.7642 5.2866 6.0785
216 1.7643 5.2868 6.0787
216 1.7643 5.2869 6.0787
216 1.7644 5.2874 6.0797
216 1.7645 5.2879 6.0800
216 1.7648 5.2880 6.0808
216 1.7655 5.2879 6.0810
216 1.7653 5.2872 6.0800
216 1.7650 5.2865 6.0791
216 1.7647 5.2863 6.0787
216 1.7650 5.2870 6.0794
216 1.7654 5.2869 6.0799
216 1.7651 5.2865 6.0792
217 1.7648 5.2858 6.0783
217 1.7651 5.2857 6.0787
217 1.7649 5.2851 6.0778
217 1.7646 5.2848 6.0773
217 1.7643 5.2841 6.0764
217 1.7657 5.2866 6.0786
217 1.7658 5.2873 6.0793
217 1.7661 5.2877 6.0796
217 1.7675 5.2895 6.0812
217 1.7678 5.2898 6.0815
217 1.7681 5.2904 6.0822
217 1.7694 5.2910 6.0845
217 1.7697 5.2914 6.0848
217 1.7704 5.2914 6.0854
217 1.7718 5.2930 6.0867
217 1.7721 5.2932 6.0870
217 1.7718 5.2926 6.0860
217 1.7731 5.2932 6.0876
217 1.7734 5.2935 6.0879
217 1.7732 5.2928 6.0870
217 1.7729 5.2921 6.0861
217 1.7732 5.2923 6.0863
217 1.7729 5.2921 6.0858
217 1.7732 5.2924 6.0862
218 1.7730 5.2920 6.0856
218 1.7727 5.2913 6.0846
218 1.7749 5.2912 6.0868
218 1.7771 5.2916 6.0890
218 1.7792 5.2917 6.0913
218 1.7812 5.2920 6.0935
220 1.7815 5.2934 6.0947
220 1.7813 5.2947 6.0969
220 1.7810 5.2962 6.0991
220 1.7807 5.2978 6.1013
220 1.7810 5.2976 6.1017
220 1.7824 5.2989 6.1039
220 1.7826 5.3014 6.1061
220 1.7839 5.3026 6.1083
220 1.7842 5.3027 6.1089
220 1.7843 5.3028 6.1089
220 1.7856 5.3041 6.1105
220 1.7859 5.3039 6.1111
220 1.7872 5.3051 6.1127
220 1.7885 5.3069 6.1149
220 1.7888 5.3083 6.1171
221 1.7900 5.3108 6.1193
221 1.7913 5.3118 6.1215
221 1.7916 5.3121 6.1221
221 1.7928 5.3122 6.1243
221 1.7929 5.3126 6.1246
221 1.7949 5.3127 6.1268
221 1.7952 5.3151 6.1290
221 1.7955 5.3152 6.1294
221 1.7957 5.3160 6.1310
221 1.7955 5.3161 6.1309
221 1.7956 5.3162 6.1310
221 1.7958 5.3187 6.1332
221 1.7961 5.3190 6.1339
221 1.7964 5.3206 6.1353
221 1.7961 5.3205 6.1351
221 1.7959 5.3208 6.1357
221 1.7961 5.3214 6.1363
221 1.7962 5.3233 6.1379
221 1.7982 5.3233 6.1401
221 1.7983 5.3252 6.1416
221 1.7980 5.3249 6.1413
222 1.7983 5.3257 6.1435
222 1.8002 5.3258 6.1451
222 1.8014 5.3276 6.1473
222 1.8026 5.3278 6.1494
222 1.8039 5.3278 6.1516
222 1.8051 5.3302 6.1538
222 1.8053 5.3300 6.1544
222 1.8065 5.3301 6.1559
222 1.8084 5.3300 6.1575
222 1.8096 5.3324 6.1596
222 1.8108 5.3325 6.1618
222 1.8120 5.3341 6.1640
223 1.8132 5.3365 6.1662
223 1.8143 5.3372 6.1683
223 1.8155 5.3397 6.1705
223 1.8166 5.3404 6.1727
223 1.8178 5.3429 6.1749
223 1.8189 5.3439 6.1770
223 1.8200 5.3449 6.1792
223 1.8212 5.3474 6.1813
223 1.8223 5.3484 6.1835
223 1.8234 5.3508 6.1857
223 1.8245 5.3517 6.1872
223 1.8256 5.3535 6.1887
223 1.8267 5.3550 6.1909
223 1.8278 5.3566 6.1924
224 1.8278 5.3577 6.1946
224 1.8281 5.3583 6.1952
224 1.8284 5.3581 6.1955
224 1.8286 5.3605 6.1976
224 1.8287 5.3604 6.1974
224 1.8288 5.3605 6.1974
224 1.8288 5.3606 6.1974
