5 0.0000 0.0000 0.0000
5 1.0000 1.0000 1.0000
5 0.9183 0.9183 1.5850
5 0.8113 1.5000 2.0000
5 1.3710 1.9219 2.3219
5 1.4591 2.2516 2.5850
5 1.8424 2.2359 2.8074
5 1.9056 2.2500 3.0000
5 1.8911 2.2810 3.1699
5 1.8464 2.2464 3.1219
5 1.8231 2.4817 3.2776
6 1.7842 2.5221 3.2516
6 1.7381 2.4697 3.2389
6 1.6894 2.6645 3.3788
7 1.9301 2.8402 3.5069
7 2.1468 2.8750 3.6250
7 2.1309 3.0286 3.7345
7 2.0805 3.1699 3.8366
7 2.1632 3.3006 3.9321
7 2.1464 3.3219 3.9219
7 2.1232 3.3447 4.0114
7 2.0958 3.3342 4.0049
7 2.1429 3.4473 4.0888
8 2.1148 3.4702 4.1683
8 2.1427 3.4293 4.2439
8 2.1151 3.4078 4.2389
8 2.1912 3.4081 4.3104
8 2.2368 3.5086 4.3788
9 2.2811 3.5351 4.4442
9 2.3078 3.6281 4.5069
9 2.3225 3.6521 4.5671
9 2.3880 3.6372 4.6250
9 2.4281 3.6394 4.6808
9 2.4419 3.6428 4.6757
9 2.4666 3.6227 4.6721
9 2.4554 3.5969 4.6699
9 2.4806 3.5735 4.7230
9 2.4675 3.5826 4.7742
9 2.4523 3.5795 4.8239
9 2.4388 3.6087 4.8719
9 2.4236 3.6070 4.8697
9 2.4071 3.5975 4.9161
9 2.5105 3.6266 4.9611
9 2.5645 3.7007 5.0049
9 2.6000 3.7110 5.0474
9 2.5816 3.7109 5.0453
9 2.5624 3.7805 5.0865
9 2.5427 3.7904 5.1266
10 2.5609 3.8568 5.1657
10 2.5731 3.8811 5.2039
10 2.5807 3.8806 5.2018
10 2.5845 3.9431 5.2389
10 2.6027 3.9660 5.2751
10 2.5956 3.9587 5.2594
11 2.5870 3.9469 5.2359
11 2.5772 3.9565 5.2359
11 2.5910 3.9418 5.2715
12 2.5806 3.9246 5.2440
12 2.5947 3.9208 5.2791
12 2.6047 3.9318 5.3134
12 2.6827 3.9138 5.3470
12 2.6884 3.9175 5.3798
12 2.6777 3.9291 5.4120
12 2.7207 3.9526 5.4436
12 2.7298 3.9566 5.4745
12 2.7600 3.9508 5.5049
12 2.7823 3.9499 5.5346
12 2.7880 3.9493 5.5638
12 2.8046 3.9448 5.5924
12 2.8078 3.9571 5.6206
12 2.8090 3.9694 5.6200
13 2.8127 3.9748 5.6198
13 2.8143 3.9680 5.6472
13 2.8054 3.9689 5.6472
13 2.8057 3.9629 5.6474
13 2.7965 3.9501 5.6228
14 2.7868 3.9567 5.6238
14 2.7766 3.9518 5.6507
14 2.7660 3.9447 5.6518
15 2.7663 3.9435 5.6436
15 2.7800 3.9371 5.6699
15 2.7935 3.9311 5.6958
15 2.8040 3.9233 5.6972
15 2.8063 3.9697 5.7225
15 2.8144 3.9620 5.7475
15 2.8204 3.9547 5.7488
15 2.8246 3.9459 5.7416
15 2.8244 3.9907 5.7660
15 2.8232 4.0348 5.7901
16 2.8210 4.0379 5.7916
16 2.8128 4.0277 5.7698
16 2.8042 4.0164 5.7463
16 2.7953 4.0171 5.7406
17 2.8024 4.0052 5.7433
17 2.8135 4.0037 5.7671
17 2.8225 4.0049 5.7905
17 2.8295 3.9966 5.7931
17 2.8210 3.9850 5.7699
17 2.8194 3.9843 5.7652
17 2.8109 3.9892 5.7608
18 2.8140 3.9888 5.7641
18 2.8161 3.9974 5.7601
18 2.8206 3.9860 5.7636
18 2.8266 3.9861 5.7672
18 2.8313 3.9784 5.7899
18 2.8348 3.9769 5.7934
18 2.8372 3.9755 5.7970
18 2.8386 3.9674 5.7891
18 2.8375 3.9664 5.7815
19 2.8358 3.9624 5.7855
19 2.8288 3.9601 5.7827
19 2.8215 3.9501 5.7628
19 2.8141 3.9537 5.7561
19 2.8065 3.9460 5.7540
20 2.8080 3.9417 5.7520
20 2.8105 3.9364 5.7502
20 2.8113 3.9284 5.7412
20 2.8183 3.9259 5.7461
20 2.8229 3.9461 5.7678
20 2.8265 3.9425 5.7726
20 2.8292 3.9343 5.7774
20 2.8283 3.9322 5.7691
20 2.8216 3.9460 5.7903
20 2.8238 3.9818 5.8113
20 2.8171 3.9765 5.8320
20 2.8102 3.9723 5.8306
20 2.8112 3.9673 5.8353
20 2.8116 3.9617 5.8303
20 2.8115 3.9539 5.8204
21 2.8109 3.9886 5.8407
21 2.8044 3.9823 5.8455
22 2.7978 4.0012 5.8654
22 2.7910 4.0039 5.8580
22 2.7904 3.9959 5.8629
22 2.8328 3.9894 5.8825
22 2.8391 3.9894 5.8872
22 2.8660 3.9825 5.8920
22 2.8872 3.9747 5.9112
22 2.9047 3.9739 5.9302
22 2.8978 3.9675 5.9145
22 2.9004 3.9693 5.9334
23 2.8992 4.0019 5.9521
23 2.8924 4.0023 5.9433
23 2.9070 4.0204 5.9618
23 2.9001 4.0126 5.9578
23 2.9126 4.0442 5.9760
23 2.9234 4.0619 5.9941
23 2.9256 4.0622 5.9986
23 2.9278 4.0639 6.0164
23 2.9295 4.0813 6.0341
23 2.9388 4.0748 6.0516
23 2.9468 4.0743 6.0689
23 2.9537 4.0729 6.0730
23 2.9597 4.0851 6.0771
23 2.9647 4.0847 6.0941
23 2.9809 4.0811 6.1110
23 2.9945 4.1107 6.1277
24 2.9933 4.1094 6.1195
24 2.9871 4.1074 6.1157
24 2.9857 4.1033 6.1150
24 2.9974 4.0988 6.1190
24 2.9957 4.0933 6.1184
24 2.9937 4.0865 6.1179
24 2.9981 4.0818 6.1342
24 3.0018 4.0761 6.1337
24 3.0048 4.0693 6.1378
24 3.0063 4.0622 6.1539
24 3.0073 4.0565 6.1505
24 3.0080 4.0519 6.1664
25 3.0082 4.0502 6.1660
25 3.0063 4.0479 6.1575
26 3.0009 4.0451 6.1523
26 3.0062 4.0383 6.1521
27 3.0089 4.0313 6.1519
27 3.0135 4.0259 6.1561
27 3.0174 4.0215 6.1561
27 3.0155 4.0186 6.1470
27 3.0156 4.0258 6.1513
27 3.0180 4.0351 6.1557
27 3.0199 4.0297 6.1600
27 3.0214 4.0251 6.1601
27 3.0164 4.0370 6.1754
27 3.0189 4.0305 6.1728
27 3.0209 4.0250 6.1704
27 3.0225 4.0204 6.1747
29 3.0208 4.0261 6.1790
29 3.0189 4.0261 6.1940
29 3.0168 4.0224 6.2089
29 3.0181 4.0185 6.2131
29 3.0191 4.0180 6.2133
29 3.0198 4.0225 6.2280
29 3.0202 4.0282 6.2282
30 3.0216 4.0230 6.2285
30 3.0228 4.0265 6.2326
30 3.0207 4.0356 6.2329
30 3.0165 4.0303 6.2333
30 3.0174 4.0260 6.2312
30 3.0180 4.0306 6.2455
30 3.0139 4.0332 6.2497
31 3.0119 4.0404 6.2476
31 3.0077 4.0461 6.2518
31 3.0056 4.0496 6.2659
31 3.0034 4.0514 6.2663
31 3.0039 4.0525 6.2704
31 3.0042 4.0551 6.2746
31 3.0019 4.0663 6.2884
31 3.0020 4.0751 6.3022
32 2.9996 4.0716 6.3062
32 2.9971 4.0663 6.3042
32 2.9945 4.0676 6.3083
32 2.9917 4.0702 6.3064
33 2.9918 4.0772 6.3199
33 2.9929 4.0779 6.3204
33 2.9938 4.0791 6.3209
33 2.9947 4.0773 6.3191
33 2.9954 4.0830 6.3174
34 2.9927 4.0850 6.3141
34 2.9894 4.0863 6.3124
34 2.9867 4.0813 6.3092
34 2.9872 4.0761 6.3134
34 2.9844 4.0764 6.3141
34 2.9816 4.0773 6.3272
34 2.9817 4.0721 6.3241
34 2.9817 4.0720 6.3282
34 2.9814 4.0724 6.3323
35 2.9786 4.0707 6.3252
35 2.9757 4.0674 6.3239
35 2.9727 4.0634 6.3226
35 2.9696 4.0584 6.3185
36 2.9702 4.0670 6.3227
36 2.9671 4.0809 6.3269
36 2.9639 4.0879 6.3311
36 2.9606 4.0860 6.3237
37 2.9579 4.0838 6.3198
37 2.9624 4.0788 6.3187
37 2.9665 4.0749 6.3198
37 2.9702 4.0717 6.3188
37 2.9702 4.0667 6.3151
37 2.9700 4.0627 6.3126
37 2.9696 4.0595 6.3138
37 2.9670 4.0814 6.3264
38 2.9684 4.0871 6.3275
38 2.9695 4.1088 6.3400
38 2.9665 4.1101 6.3365
38 2.9675 4.1203 6.3489
38 2.9683 4.1249 6.3465
38 2.9691 4.1224 6.3477
38 2.9697 4.1223 6.3469
38 2.9701 4.1173 6.3481
38 2.9677 4.1153 6.3438
39 2.9674 4.1128 6.3450
39 2.9646 4.1136 6.3408
40 2.9622 4.1141 6.3387
40 2.9657 4.1271 6.3508
40 2.9629 4.1275 6.3551
40 2.9633 4.1272 6.3530
40 2.9605 4.1224 6.3490
40 2.9602 4.1225 6.3503
40 2.9599 4.1219 6.3517
40 2.9594 4.1171 6.3477
40 2.9587 4.1163 6.3472
40 2.9596 4.1128 6.3454
40 2.9569 4.1080 6.3407
41 2.9573 4.1126 6.3404
41 2.9576 4.1099 6.3386
41 2.9549 4.1080 6.3323
41 2.9550 4.1207 6.3367
41 2.9529 4.1246 6.3411
41 2.9524 4.1278 6.3528
41 2.9503 4.1243 6.3525
41 2.9481 4.1215 6.3523
41 2.9475 4.1241 6.3538
42 2.9449 4.1222 6.3473
42 2.9428 4.1201 6.3430
42 2.9402 4.1155 6.3382
42 2.9376 4.1121 6.3368
42 2.9349 4.1093 6.3353
42 2.9343 4.1190 6.3469
42 2.9378 4.1286 6.3585
42 2.9371 4.1251 6.3560
42 2.9364 4.1222 6.3559
42 2.9355 4.1178 6.3519
42 2.9346 4.1142 6.3487
43 2.9320 4.1221 6.3601
43 2.9294 4.1184 6.3578
43 2.9267 4.1140 6.3527
43 2.9240 4.1218 6.3641
43 2.9213 4.1313 6.3684
44 2.9225 4.1276 6.3661
44 2.9208 4.1271 6.3774
44 2.9219 4.1281 6.3816
44 2.9229 4.1237 6.3833
44 2.9237 4.1230 6.3876
44 2.9325 4.1418 6.3987
44 2.9405 4.1408 6.4097
44 2.9479 4.1411 6.4139
44 2.9547 4.1504 6.4248
44 2.9529 4.1580 6.4356
45 2.9534 4.1656 6.4464
45 2.9508 4.1639 6.4480
45 2.9490 4.1640 6.4587
45 2.9464 4.1647 6.4627
45 2.9446 4.1829 6.4734
45 2.9427 4.1945 6.4839
45 2.9490 4.1918 6.4854
45 2.9548 4.1875 6.4894
45 2.9602 4.1949 6.4999
45 2.9653 4.1952 6.5103
45 2.9660 4.1953 6.5117
46 2.9641 4.2015 6.5221
46 2.9622 4.1981 6.5207
46 2.9627 4.1938 6.5206
46 2.9632 4.1903 6.5205
46 2.9607 4.1887 6.5145
46 2.9588 4.1861 6.5133
47 2.9595 4.1922 6.5148
47 2.9571 4.1950 6.5163
47 2.9577 4.1972 6.5265
47 2.9558 4.2147 6.5366
47 2.9539 4.2198 6.5405
47 2.9544 4.2371 6.5505
47 2.9549 4.2431 6.5605
47 2.9552 4.2602 6.5705
47 2.9557 4.2560 6.5692
47 2.9561 4.2525 6.5680
47 2.9564 4.2498 6.5659
47 2.9611 4.2606 6.5758
47 2.9613 4.2665 6.5795
47 2.9657 4.2749 6.5893
47 2.9698 4.2721 6.5893
47 2.9737 4.2888 6.5990
47 2.9772 4.2957 6.6027
48 2.9806 4.2974 6.6123
48 2.9837 4.3080 6.6219
48 2.9819 4.3086 6.6199
48 2.9848 4.3134 6.6294
48 2.9875 4.3217 6.6389
48 2.9901 4.3257 6.6425
48 2.9903 4.3361 6.6520
48 2.9927 4.3428 6.6555
48 2.9928 4.3410 6.6543
48 2.9950 4.3450 6.6636
48 2.9970 4.3506 6.6730
48 2.9989 4.3526 6.6823
48 3.0006 4.3566 6.6857
48 3.0022 4.3531 6.6949
49 3.0002 4.3565 6.6937
49 2.9985 4.3594 6.6949
49 2.9964 4.3641 6.6984
49 2.9943 4.3657 6.7018
49 2.9922 4.3673 6.7016
49 2.9901 4.3706 6.7050
49 2.9879 4.3672 6.7024
50 2.9883 4.3829 6.7114
50 2.9886 4.3883 6.7204
51 2.9864 4.3895 6.7193
51 2.9867 4.3880 6.7191
51 2.9851 4.3958 6.7225
51 2.9853 4.4012 6.7259
51 2.9855 4.4015 6.7292
51 2.9857 4.4014 6.7305
51 2.9836 4.3980 6.7273
52 2.9815 4.4004 6.7254
52 2.9799 4.4023 6.7254
52 2.9778 4.4036 6.7267
53 2.9780 4.4046 6.7266
53 2.9781 4.4084 6.7355
53 2.9816 4.4094 6.7388
53 2.9817 4.4110 6.7475
53 2.9833 4.4206 6.7563
53 2.9834 4.4213 6.7649
53 2.9835 4.4258 6.7662
53 2.9834 4.4232 6.7637
53 2.9820 4.4206 6.7619
53 2.9805 4.4301 6.7705
53 2.9805 4.4449 6.7791
53 2.9790 4.4487 6.7823
53 2.9806 4.4484 6.7835
53 2.9820 4.4469 6.7921
53 2.9834 4.4482 6.7953
53 2.9847 4.4466 6.7985
53 2.9858 4.4431 6.7997
54 2.9839 4.4433 6.7967
55 2.9824 4.4433 6.7944
55 2.9857 4.4426 6.7956
55 2.9887 4.4391 6.7946
56 2.9868 4.4375 6.7946
56 2.9849 4.4339 6.7905
56 2.9878 4.4336 6.7938
56 2.9858 4.4328 6.7938
56 2.9885 4.4339 6.8021
56 2.9866 4.4338 6.7989
56 2.9852 4.4303 6.7980
56 2.9852 4.4293 6.7964
56 2.9851 4.4289 6.7964
56 2.9854 4.4276 6.7948
56 2.9856 4.4309 6.7933
56 2.9867 4.4294 6.8015
56 2.9854 4.4265 6.8000
57 2.9853 4.4274 6.8082
57 2.9834 4.4258 6.8034
57 2.9815 4.4268 6.8035
57 2.9801 4.4233 6.8020
57 2.9787 4.4217 6.7990
57 2.9768 4.4195 6.7975
58 2.9754 4.4198 6.7954
58 2.9740 4.4231 6.7968
58 2.9725 4.4202 6.7948
58 2.9725 4.4169 6.7934
59 2.9724 4.4140 6.7920
59 2.9706 4.4124 6.7872
59 2.9691 4.4101 6.7852
59 2.9694 4.4145 6.7855
59 2.9675 4.4153 6.7849
59 2.9688 4.4136 6.7881
60 2.9669 4.4136 6.7849
60 2.9655 4.4135 6.7825
61 2.9682 4.4179 6.7858
61 2.9681 4.4185 6.7852
61 2.9707 4.4181 6.7867
61 2.9731 4.4174 6.7870
61 2.9754 4.4142 6.7857
61 2.9752 4.4230 6.7890
61 2.9734 4.4228 6.7856
62 2.9720 4.4278 6.7871
62 2.9732 4.4261 6.7885
62 2.9743 4.4290 6.7965
62 2.9742 4.4278 6.7960
62 2.9740 4.4269 6.7942
62 2.9737 4.4237 6.7925
62 2.9748 4.4234 6.8004
62 2.9757 4.4267 6.8036
62 2.9766 4.4257 6.8068
62 2.9773 4.4226 6.8072
62 2.9781 4.4269 6.8150
62 2.9787 4.4243 6.8182
62 2.9793 4.4226 6.8185
62 2.9776 4.4231 6.8174
63 2.9759 4.4214 6.8128
63 2.9746 4.4196 6.8099
63 2.9729 4.4170 6.8074
64 2.9733 4.4144 6.8058
64 2.9731 4.4113 6.8037
64 2.9754 4.4094 6.8033
64 2.9751 4.4098 6.8022
64 2.9749 4.4078 6.8002
64 2.9732 4.4060 6.7956
64 2.9720 4.4034 6.7936
64 2.9707 4.4014 6.7916
64 2.9704 4.4044 6.7932
64 2.9692 4.4046 6.7948
64 2.9698 4.4048 6.7964
65 2.9702 4.4018 6.7969
65 2.9706 4.3992 6.7949
65 2.9690 4.4050 6.7965
66 2.9695 4.4099 6.8041
66 2.9679 4.4069 6.8009
66 2.9663 4.4043 6.7982
66 2.9646 4.4036 6.7980
66 2.9629 4.4062 6.7996
66 2.9612 4.4062 6.7981
66 2.9616 4.4059 6.7997
66 2.9619 4.4030 6.7995
66 2.9622 4.4022 6.8011
66 2.9624 4.4021 6.8017
66 2.9626 4.4020 6.8049
66 2.9627 4.4058 6.8124
66 2.9628 4.4056 6.8121
66 2.9628 4.4099 6.8137
66 2.9628 4.4090 6.8212
67 2.9612 4.4139 6.8244
67 2.9596 4.4195 6.8318
67 2.9585 4.4201 6.8300
67 2.9584 4.4198 6.8298
67 2.9590 4.4195 6.8329
67 2.9596 4.4232 6.8361
67 2.9580 4.4222 6.8359
67 2.9585 4.4204 6.8356
67 2.9590 4.4189 6.8354
68 2.9579 4.4164 6.8333
68 2.9578 4.4175 6.8365
68 2.9562 4.4159 6.8322
68 2.9546 4.4158 6.8305
68 2.9536 4.4130 6.8292
68 2.9525 4.4114 6.8266
68 2.9509 4.4096 6.8253
69 2.9508 4.4126 6.8326
69 2.9508 4.4107 6.8357
69 2.9498 4.4112 6.8337
69 2.9498 4.4110 6.8353
69 2.9498 4.4136 6.8341
69 2.9488 4.4217 6.8373
69 2.9477 4.4243 6.8379
69 2.9476 4.4323 6.8410
69 2.9476 4.4346 6.8442
69 2.9475 4.4411 6.8473
69 2.9480 4.4392 6.8466
69 2.9485 4.4471 6.8497
69 2.9489 4.4591 6.8568
69 2.9488 4.4574 6.8556
70 2.9492 4.4571 6.8563
70 2.9482 4.4599 6.8633
70 2.9485 4.4646 6.8664
70 2.9488 4.4666 6.8680
70 2.9478 4.4701 6.8711
70 2.9481 4.4737 6.8727
70 2.9483 4.4759 6.8742
70 2.9485 4.4877 6.8812
70 2.9484 4.4893 6.8882
70 2.9485 4.4913 6.8888
70 2.9475 4.4909 6.8918
70 2.9473 4.4972 6.8949
71 2.9460 4.4986 6.8937
71 2.9449 4.4999 6.8936
72 2.9472 4.5016 6.9005
72 2.9472 4.5047 6.9011
72 2.9494 4.5071 6.9041
72 2.9515 4.5080 6.9071
72 2.9535 4.5091 6.9087
72 2.9537 4.5098 6.9116
72 2.9537 4.5115 6.9146
72 2.9523 4.5126 6.9131
73 2.9513 4.5107 6.9113
73 2.9512 4.5221 6.9181
73 2.9512 4.5199 6.9169
73 2.9511 4.5208 6.9185
73 2.9498 4.5199 6.9178
74 2.9485 4.5196 6.9152
74 2.9475 4.5193 6.9134
74 2.9461 4.5186 6.9128
75 2.9460 4.5178 6.9134
75 2.9460 4.5175 6.9128
75 2.9479 4.5150 6.9118
75 2.9478 4.5141 6.9112
75 2.9477 4.5116 6.9094
75 2.9476 4.5119 6.9101
75 2.9463 4.5115 6.9073
75 2.9461 4.5146 6.9103
76 2.9452 4.5138 6.9133
76 2.9442 4.5113 6.9119
76 2.9441 4.5092 6.9102
76 2.9439 4.5074 6.9118
76 2.9438 4.5057 6.9125
76 2.9435 4.5035 6.9105
76 2.9423 4.5021 6.9068
76 2.9420 4.5003 6.9068
77 2.9418 4.4985 6.9063
77 2.9409 4.4970 6.9039
77 2.9396 4.4945 6.9013
77 2.9383 4.4961 6.9020
77 2.9370 4.4976 6.9036
77 2.9368 4.4968 6.9066
77 2.9365 4.4947 6.9044
78 2.9356 4.4951 6.9026
78 2.9343 4.4926 6.8998
78 2.9330 4.4919 6.8989
78 2.9317 4.4947 6.9019
78 2.9304 4.4945 6.9003
78 2.9291 4.4942 6.8976
78 2.9288 4.4917 6.8972
78 2.9288 4.4915 6.8964
78 2.9287 4.4907 6.8952
78 2.9284 4.4893 6.8940
78 2.9281 4.4915 6.8928
78 2.9285 4.4901 6.8925
78 2.9288 4.4883 6.8917
78 2.9291 4.4860 6.8918
78 2.9288 4.4840 6.8896
79 2.9279 4.4819 6.8879
79 2.9279 4.4828 6.8895
79 2.9275 4.4831 6.8897
79 2.9263 4.4816 6.8862
79 2.9250 4.4814 6.8845
79 2.9242 4.4791 6.8831
79 2.9239 4.4771 6.8807
80 2.9226 4.4754 6.8796
80 2.9218 4.4739 6.8773
80 2.9209 4.4742 6.8754
80 2.9209 4.4756 6.8771
80 2.9201 4.4754 6.8780
80 2.9192 4.4747 6.8797
80 2.9189 4.4730 6.8790
80 2.9188 4.4728 6.8780
80 2.9185 4.4722 6.8797
81 2.9176 4.4753 6.8827
81 2.9176 4.4745 6.8814
81 2.9164 4.4743 6.8787
81 2.9155 4.4720 6.8771
81 2.9146 4.4778 6.8835
81 2.9143 4.4764 6.8822
81 2.9147 4.4744 6.8840
81 2.9143 4.4741 6.8848
81 2.9140 4.4738 6.8846
81 2.9136 4.4731 6.8849
81 2.9132 4.4708 6.8843
81 2.9127 4.4736 6.8906
81 2.9123 4.4730 6.8915
82 2.9118 4.4710 6.8891
82 2.9113 4.4694 6.8882
82 2.9102 4.4680 6.8848
82 2.9094 4.4666 6.8824
82 2.9085 4.4650 6.8810
82 2.9074 4.4628 6.8785
82 2.9063 4.4626 6.8767
82 2.9066 4.4604 6.8766
82 2.9070 4.4597 6.8783
82 2.9073 4.4595 6.8787
83 2.9069 4.4587 6.8790
83 2.9060 4.4613 6.8807
83 2.9056 4.4594 6.8783
83 2.9056 4.4591 6.8778
83 2.9048 4.4594 6.8759
83 2.9048 4.4643 6.8776
83 2.9043 4.4621 6.8768
83 2.9032 4.4618 6.8742
84 2.9027 4.4604 6.8728
84 2.9016 4.4602 6.8746
84 2.9016 4.4596 6.8732
84 2.9008 4.4621 6.8742
84 2.9008 4.4614 6.8737
84 2.9012 4.4600 6.8732
84 2.9015 4.4578 6.8728
84 2.9018 4.4601 6.8757
84 2.9020 4.4598 6.8757
84 2.9020 4.4619 6.8774
85 2.9010 4.4657 6.8784
85 2.9002 4.4691 6.8813
85 2.8991 4.4669 6.8789
86 2.8987 4.4647 6.8778
86 2.8986 4.4640 6.8763
86 2.9007 4.4623 6.8773
86 2.9006 4.4642 6.8783
86 2.9006 4.4624 6.8775
86 2.8995 4.4654 6.8779
87 2.8994 4.4651 6.8772
87 2.8987 4.4668 6.8776
87 2.8979 4.4650 6.8761
87 2.8969 4.4678 6.8761
87 2.8965 4.4706 6.8821
88 2.8960 4.4721 6.8851
88 2.8953 4.4746 6.8868
88 2.8942 4.4725 6.8843
88 2.8932 4.4707 6.8829
88 2.8927 4.4693 6.8819
88 2.8930 4.4707 6.8836
89 2.8923 4.4692 6.8822
89 2.8918 4.4686 6.8822
89 2.8908 4.4668 6.8805
89 2.8928 4.4661 6.8810
89 2.8918 4.4640 6.8784
89 2.8937 4.4656 6.8813
89 2.8927 4.4679 6.8810
89 2.8922 4.4720 6.8870
89 2.8918 4.4707 6.8856
89 2.8917 4.4720 6.8860
89 2.8913 4.4741 6.8920
89 2.8912 4.4720 6.8908
89 2.8907 4.4713 6.8908
90 2.8900 4.4706 6.8918
90 2.8900 4.4727 6.8978
90 2.8895 4.4752 6.9007
90 2.8885 4.4750 6.8983
90 2.8875 4.4743 6.8979
90 2.8868 4.4742 6.8997
90 2.8871 4.4753 6.9007
91 2.8864 4.4751 6.8996
91 2.8854 4.4730 6.8970
91 2.8847 4.4740 6.9028
91 2.8842 4.4726 6.9017
91 2.8835 4.4723 6.9022
91 2.8828 4.4716 6.9026
91 2.8828 4.4714 6.9018
92 2.8820 4.4737 6.9028
92 2.8820 4.4729 6.9013
92 2.8810 4.4723 6.9006
92 2.8800 4.4720 6.8982
92 2.8793 4.4757 6.9011
92 2.8788 4.4737 6.9000
92 2.8784 4.4716 6.8987
92 2.8779 4.4708 6.8984
92 2.8774 4.4731 6.9042
92 2.8769 4.4764 6.9071
92 2.8764 4.4761 6.9076
93 2.8768 4.4744 6.9086
93 2.8758 4.4758 6.9078
93 2.8753 4.4762 6.9079
93 2.8746 4.4773 6.9080
93 2.8737 4.4794 6.9097
93 2.8727 4.4803 6.9107
93 2.8717 4.4815 6.9108
93 2.8708 4.4829 6.9113
93 2.8703 4.4827 6.9111
93 2.8697 4.4815 6.9098
93 2.8692 4.4835 6.9127
93 2.8687 4.4829 6.9124
94 2.8687 4.4848 6.9153
94 2.8681 4.4841 6.9147
94 2.8681 4.4876 6.9204
94 2.8675 4.4880 6.9188
95 2.8669 4.4860 6.9174
95 2.8660 4.4858 6.9184
95 2.8653 4.4921 6.9241
95 2.8653 4.4914 6.9236
95 2.8648 4.4911 6.9237
95 2.8642 4.4940 6.9247
95 2.8646 4.4929 6.9242
95 2.8650 4.4916 6.9237
95 2.8654 4.4914 6.9235
96 2.8645 4.4911 6.9221
96 2.8636 4.4900 6.9195
96 2.8629 4.4888 6.9176
96 2.8620 4.4873 6.9161
96 2.8640 4.4860 6.9162
96 2.8634 4.4857 6.9173
96 2.8629 4.4908 6.9229
97 2.8622 4.4889 6.9217
97 2.8616 4.4904 6.9223
97 2.8610 4.4955 6.9240
97 2.8604 4.4958 6.9224
97 2.8598 4.4971 6.9241
97 2.8592 4.5016 6.9259
97 2.8596 4.5003 6.9252
97 2.8600 4.5054 6.9269
97 2.8604 4.5105 6.9297
97 2.8598 4.5093 6.9284
97 2.8601 4.5090 6.9279
97 2.8604 4.5121 6.9296
97 2.8607 4.5133 6.9307
97 2.8601 4.5162 6.9325
97 2.8604 4.5179 6.9335
97 2.8606 4.5192 6.9341
97 2.8608 4.5252 6.9368
97 2.8603 4.5263 6.9396
97 2.8605 4.5275 6.9398
97 2.8599 4.5268 6.9385
98 2.8593 4.5311 6.9402
98 2.8585 4.5321 6.9393
99 2.8579 4.5329 6.9392
99 2.8598 4.5340 6.9409
100 2.8598 4.5362 6.9415
100 2.8617 4.5380 6.9432
100 2.8635 4.5388 6.9449
100 2.8652 4.5398 6.9460
100 2.8653 4.5409 6.9470
100 2.8645 4.5417 6.9460
100 2.8639 4.5404 6.9447
100 2.8633 4.5463 6.9475
100 2.8634 4.5449 6.9468
100 2.8634 4.5458 6.9479
100 2.8636 4.5454 6.9472
101 2.8637 4.5447 6.9466
101 2.8629 4.5444 6.9444
102 2.8623 4.5441 6.9434
102 2.8614 4.5434 6.9430
102 2.8609 4.5427 6.9426
102 2.8601 4.5426 6.9432
103 2.8595 4.5418 6.9419
103 2.8595 4.5401 6.9409
103 2.8590 4.5403 6.9408
103 2.8582 4.5400 6.9386
103 2.8582 4.5410 6.9388
103 2.8576 4.5403 6.9374
103 2.8570 4.5396 6.9376
103 2.8564 4.5378 6.9364
103 2.8567 4.5364 6.9371
103 2.8561 4.5354 6.9357
103 2.8556 4.5346 6.9352
103 2.8551 4.5329 6.9339
103 2.8545 4.5339 6.9350
103 2.8539 4.5354 6.9367
104 2.8534 4.5340 6.9350
104 2.8534 4.5330 6.9403
104 2.8528 4.5318 6.9392
104 2.8523 4.5307 6.9375
104 2.8517 4.5295 6.9363
104 2.8509 4.5278 6.9342
104 2.8501 4.5287 6.9345
104 2.8494 4.5297 6.9356
105 2.8488 4.5280 6.9342
105 2.8482 4.5288 6.9348
105 2.8477 4.5302 6.9359
105 2.8471 4.5289 6.9342
105 2.8465 4.5291 6.9327
106 2.8457 4.5301 6.9344
106 2.8450 4.5298 6.9332
106 2.8442 4.5295 6.9311
106 2.8436 4.5278 6.9296
106 2.8430 4.5267 6.9282
106 2.8424 4.5286 6.9277
106 2.8425 4.5279 6.9265
106 2.8426 4.5278 6.9258
106 2.8420 4.5264 6.9240
106 2.8414 4.5254 6.9224
106 2.8409 4.5242 6.9210
106 2.8403 4.5241 6.9222
106 2.8397 4.5234 6.9208
106 2.8400 4.5220 6.9211
106 2.8394 4.5207 6.9201
107 2.8395 4.5215 6.9212
107 2.8396 4.5204 6.9239
107 2.8390 4.5206 6.9224
107 2.8383 4.5203 6.9211
107 2.8377 4.5187 6.9200
107 2.8371 4.5173 6.9188
107 2.8365 4.5162 6.9171
107 2.8359 4.5172 6.9174
107 2.8353 4.5161 6.9163
107 2.8347 4.5163 6.9147
107 2.8350 4.5244 6.9199
107 2.8353 4.5237 6.9210
107 2.8356 4.5221 6.9208
107 2.8350 4.5210 6.9195
108 2.8344 4.5206 6.9198
108 2.8338 4.5200 6.9199
108 2.8331 4.5189 6.9184
108 2.8332 4.5188 6.9176
108 2.8326 4.5181 6.9161
108 2.8319 4.5194 6.9169
108 2.8320 4.5188 6.9157
108 2.8313 4.5186 6.9136
109 2.8307 4.5169 6.9124
109 2.8300 4.5197 6.9142
109 2.8295 4.5187 6.9129
109 2.8290 4.5173 6.9111
109 2.8284 4.5170 6.9112
109 2.8279 4.5169 6.9111
109 2.8273 4.5163 6.9107
109 2.8268 4.5147 6.9093
109 2.8262 4.5159 6.9100
109 2.8256 4.5152 6.9095
109 2.8251 4.5139 6.9077
109 2.8244 4.5129 6.9056
110 2.8239 4.5118 6.9045
110 2.8232 4.5108 6.9028
110 2.8226 4.5097 6.9013
110 2.8220 4.5081 6.8994
110 2.8213 4.5078 6.8982
110 2.8208 4.5071 6.8975
110 2.8201 4.5083 6.8979
110 2.8196 4.5070 6.8961
111 2.8197 4.5067 6.8958
111 2.8190 4.5069 6.8942
111 2.8191 4.5094 6.8954
111 2.8185 4.5092 6.8935
111 2.8179 4.5076 6.8920
111 2.8173 4.5086 6.8925
111 2.8167 4.5076 6.8911
111 2.8162 4.5093 6.8906
111 2.8155 4.5092 6.8911
111 2.8156 4.5086 6.8899
111 2.8157 4.5079 6.8894
111 2.8161 4.5069 6.8891
111 2.8165 4.5053 6.8889
111 2.8168 4.5063 6.8897
111 2.8171 4.5059 6.8892
112 2.8172 4.5068 6.8894
112 2.8166 4.5087 6.8893
113 2.8160 4.5104 6.8905
113 2.8154 4.5088 6.8887
113 2.8148 4.5073 6.8872
113 2.8149 4.5067 6.8860
113 2.8167 4.5054 6.8868
114 2.8167 4.5062 6.8867
114 2.8168 4.5050 6.8863
114 2.8162 4.5066 6.8860
114 2.8162 4.5063 6.8856
114 2.8156 4.5070 6.8858
114 2.8151 4.5057 6.8848
115 2.8145 4.5072 6.8844
115 2.8139 4.5092 6.8862
115 2.8133 4.5101 6.8864
115 2.8127 4.5115 6.8890
115 2.8121 4.5100 6.8872
115 2.8115 4.5094 6.8870
115 2.8109 4.5081 6.8860
115 2.8103 4.5088 6.8878
116 2.8104 4.5072 6.8870
116 2.8104 4.5079 6.8868
116 2.8105 4.5102 6.8876
116 2.8105 4.5092 6.8894
116 2.8105 4.5089 6.8889
116 2.8105 4.5079 6.8886
117 2.8105 4.5075 6.8879
117 2.8105 4.5081 6.8875
117 2.8099 4.5079 6.8857
117 2.8093 4.5073 6.8855
117 2.8093 4.5057 6.8846
117 2.8092 4.5052 6.8834
117 2.8092 4.5051 6.8827
117 2.8087 4.5041 6.8814
117 2.8082 4.5057 6.8809
117 2.8076 4.5051 6.8809
118 2.8076 4.5066 6.8835
118 2.8071 4.5085 6.8853
118 2.8065 4.5082 6.8834
118 2.8059 4.5076 6.8831
118 2.8053 4.5075 6.8839
118 2.8048 4.5073 6.8833
118 2.8042 4.5058 6.8814
118 2.8037 4.5063 6.8815
118 2.8031 4.5071 6.8841
119 2.8026 4.5068 6.8844
119 2.8020 4.5062 6.8842
119 2.8020 4.5052 6.8839
119 2.8019 4.5051 6.8831
119 2.8014 4.5045 6.8819
119 2.8008 4.5056 6.8821
119 2.8007 4.5050 6.8808
119 2.8002 4.5047 6.8789
120 2.7996 4.5069 6.8802
120 2.7990 4.5054 6.8792
120 2.7994 4.5048 6.8800
120 2.7998 4.5065 6.8818
120 2.7993 4.5074 6.8836
121 2.7988 4.5083 6.8830
121 2.7982 4.5071 6.8820
121 2.7976 4.5074 6.8807
121 2.7971 4.5082 6.8807
121 2.7965 4.5098 6.8820
121 2.7959 4.5106 6.8829
121 2.7954 4.5116 6.8831
121 2.7948 4.5125 6.8832
121 2.7952 4.5123 6.8845
121 2.7955 4.5114 6.8842
121 2.7959 4.5125 6.8850
121 2.7963 4.5119 6.8856
121 2.7962 4.5129 6.8874
122 2.7962 4.5122 6.8869
122 2.7961 4.5148 6.8895
122 2.7956 4.5151 6.8881
122 2.7950 4.5149 6.8884
122 2.7945 4.5187 6.8910
122 2.7944 4.5181 6.8904
122 2.7940 4.5178 6.8905
122 2.7936 4.5202 6.8913
122 2.7939 4.5193 6.8911
122 2.7942 4.5184 6.8906
122 2.7946 4.5181 6.8902
123 2.7940 4.5178 6.8891
123 2.7934 4.5169 6.8875
124 2.7929 4.5160 6.8861
124 2.7923 4.5149 6.8852
124 2.7941 4.5135 6.8853
124 2.7958 4.5126 6.8856
124 2.7954 4.5122 6.8865
124 2.7948 4.5160 6.8883
124 2.7943 4.5170 6.8886
124 2.7938 4.5208 6.8898
124 2.7934 4.5216 6.8904
124 2.7930 4.5249 6.8917
125 2.7933 4.5240 6.8911
125 2.7936 4.5278 6.8924
125 2.7939 4.5311 6.8942
125 2.7935 4.5302 6.8930
125 2.7938 4.5298 6.8924
125 2.7941 4.5322 6.8937
125 2.7943 4.5330 6.8946
125 2.7938 4.5353 6.8958
125 2.7941 4.5363 6.8964
125 2.7943 4.5372 6.8967
125 2.7945 4.5414 6.8985
125 2.7941 4.5421 6.8998
125 2.7943 4.5430 6.8999
125 2.7938 4.5463 6.9045
126 2.7933 4.5454 6.9028
126 2.7927 4.5445 6.9014
126 2.7922 4.5436 6.9014
127 2.7922 4.5443 6.9022
127 2.7939 4.5430 6.9022
127 2.7955 4.5419 6.9027
128 2.7950 4.5410 6.9010
128 2.7945 4.5417 6.9056
128 2.7945 4.5413 6.9050
128 2.7945 4.5402 6.9046
128 2.7944 4.5393 6.9042
128 2.7939 4.5410 6.9088
128 2.7935 4.5400 6.9076
128 2.7931 4.5408 6.9085
128 2.7927 4.5394 6.9073
128 2.7923 4.5385 6.9064
128 2.7918 4.5381 6.9070
129 2.7913 4.5375 6.9066
129 2.7908 4.5373 6.9049
129 2.7903 4.5370 6.9043
129 2.7919 4.5403 6.9088
129 2.7914 4.5445 6.9134
130 2.7909 4.5460 6.9146
130 2.7904 4.5497 6.9192
130 2.7904 4.5495 6.9184
130 2.7920 4.5482 6.9182
130 2.7915 4.5497 6.9191
130 2.7915 4.5490 6.9185
130 2.7915 4.5477 6.9178
130 2.7910 4.5474 6.9160
131 2.7904 4.5504 6.9205
131 2.7899 4.5498 6.9194
131 2.7894 4.5484 6.9185
131 2.7897 4.5483 6.9194
131 2.7899 4.5515 6.9219
131 2.7902 4.5502 6.9217
131 2.7898 4.5498 6.9220
131 2.7900 4.5495 6.9237
131 2.7895 4.5486 6.9221
132 2.7890 4.5477 6.9207
133 2.7885 4.5473 6.9197
133 2.7880 4.5464 6.9195
133 2.7875 4.5454 6.9186
133 2.7890 4.5461 6.9211
133 2.7905 4.5468 6.9223
133 2.7900 4.5458 6.9206
133 2.7895 4.5450 6.9196
133 2.7895 4.5439 6.9191
133 2.7891 4.5461 6.9200
133 2.7891 4.5448 6.9192
133 2.7887 4.5455 6.9198
134 2.7882 4.5445 6.9190
134 2.7882 4.5451 6.9198
134 2.7877 4.5442 6.9181
134 2.7872 4.5438 6.9171
134 2.7867 4.5425 6.9161
135 2.7862 4.5416 6.9147
135 2.7857 4.5407 6.9144
135 2.7852 4.5410 6.9132
135 2.7847 4.5417 6.9134
135 2.7842 4.5407 6.9124
136 2.7842 4.5394 6.9116
136 2.7842 4.5384 6.9111
136 2.7837 4.5375 6.9093
136 2.7831 4.5366 6.9082
136 2.7828 4.5386 6.9089
136 2.7823 4.5382 6.9078
137 2.7818 4.5373 6.9060
137 2.7813 4.5364 6.9046
138 2.7808 4.5355 6.9042
138 2.7807 4.5362 6.9048
138 2.7822 4.5349 6.9046
138 2.7837 4.5339 6.9050
139 2.7832 4.5329 6.9032
139 2.7827 4.5343 6.9056
139 2.7827 4.5349 6.9069
139 2.7823 4.5368 6.9073
139 2.7820 4.5375 6.9077
139 2.7819 4.5370 6.9071
139 2.7819 4.5360 6.9065
139 2.7819 4.5352 6.9061
139 2.7822 4.5347 6.9056
140 2.7821 4.5342 6.9050
140 2.7816 4.5340 6.9034
140 2.7811 4.5337 6.9028
140 2.7806 4.5364 6.9071
140 2.7801 4.5393 6.9096
141 2.7796 4.5406 6.9102
141 2.7793 4.5432 6.9127
141 2.7788 4.5431 6.9129
141 2.7783 4.5444 6.9133
141 2.7783 4.5438 6.9126
141 2.7782 4.5426 6.9117
142 2.7777 4.5423 6.9101
142 2.7772 4.5447 6.9125
142 2.7768 4.5442 6.9115
142 2.7763 4.5429 6.9106
142 2.7766 4.5428 6.9112
142 2.7768 4.5453 6.9129
142 2.7771 4.5440 6.9127
142 2.7768 4.5436 6.9129
142 2.7770 4.5433 6.9142
142 2.7773 4.5424 6.9140
142 2.7775 4.5414 6.9144
142 2.7777 4.5402 6.9140
142 2.7780 4.5408 6.9147
143 2.7779 4.5399 6.9159
143 2.7774 4.5390 6.9146
143 2.7770 4.5381 6.9135
144 2.7769 4.5372 6.9129
144 2.7784 4.5359 6.9125
144 2.7798 4.5366 6.9142
144 2.7812 4.5371 6.9151
144 2.7811 4.5362 6.9161
144 2.7811 4.5358 6.9154
144 2.7813 4.5363 6.9158
144 2.7810 4.5394 6.9183
144 2.7812 4.5386 6.9178
144 2.7814 4.5409 6.9187
144 2.7816 4.5437 6.9200
144 2.7813 4.5428 6.9189
144 2.7815 4.5424 6.9184
144 2.7816 4.5445 6.9193
144 2.7818 4.5450 6.9196
144 2.7813 4.5467 6.9205
144 2.7815 4.5476 6.9209
144 2.7817 4.5482 6.9210
144 2.7818 4.5516 6.9222
144 2.7815 4.5524 6.9232
144 2.7816 4.5529 6.9231
145 2.7812 4.5558 6.9255
145 2.7808 4.5548 6.9243
145 2.7804 4.5538 6.9235
145 2.7799 4.5529 6.9218
145 2.7795 4.5521 6.9207
146 2.7790 4.5512 6.9194
146 2.7785 4.5504 6.9182
146 2.7799 4.5491 6.9178
146 2.7812 4.5487 6.9202
146 2.7814 4.5478 6.9199
146 2.7815 4.5466 6.9195
146 2.7816 4.5461 6.9199
146 2.7817 4.5456 6.9193
146 2.7813 4.5451 6.9184
146 2.7808 4.5460 6.9186
146 2.7803 4.5450 6.9177
147 2.7803 4.5446 6.9170
147 2.7798 4.5449 6.9159
147 2.7798 4.5468 6.9166
147 2.7794 4.5465 6.9150
147 2.7789 4.5453 6.9141
147 2.7789 4.5459 6.9140
147 2.7786 4.5473 6.9137
147 2.7786 4.5468 6.9130
147 2.7785 4.5465 6.9121
147 2.7781 4.5456 6.9108
147 2.7777 4.5455 6.9109
147 2.7772 4.5446 6.9100
148 2.7767 4.5437 6.9090
148 2.7767 4.5432 6.9082
148 2.7762 4.5423 6.9066
148 2.7758 4.5426 6.9055
148 2.7753 4.5417 6.9041
148 2.7748 4.5408 6.9030
149 2.7744 4.5396 6.9018
149 2.7745 4.5391 6.9021
149 2.7740 4.5383 6.9010
149 2.7738 4.5380 6.9010
149 2.7737 4.5380 6.9005
150 2.7737 4.5374 6.8998
150 2.7737 4.5363 6.8990
150 2.7732 4.5360 6.8975
150 2.7732 4.5366 6.8972
150 2.7727 4.5355 6.8963
150 2.7722 4.5352 6.8963
150 2.7724 4.5347 6.8965
150 2.7725 4.5335 6.8960
150 2.7720 4.5326 6.8950
151 2.7715 4.5316 6.8938
151 2.7711 4.5308 6.8922
151 2.7709 4.5300 6.8916
151 2.7704 4.5291 6.8903
151 2.7699 4.5283 6.8891
151 2.7712 4.5272 6.8887
151 2.7726 4.5277 6.8900
151 2.7738 4.5282 6.8907
151 2.7740 4.5274 6.8904
151 2.7741 4.5269 6.8898
151 2.7742 4.5264 6.8898
151 2.7743 4.5253 6.8893
151 2.7744 4.5261 6.8897
152 2.7739 4.5252 6.8885
152 2.7734 4.5255 6.8874
152 2.7731 4.5251 6.8866
152 2.7727 4.5257 6.8879
152 2.7723 4.5255 6.8864
153 2.7720 4.5243 6.8855
153 2.7718 4.5234 6.8846
153 2.7715 4.5248 6.8843
153 2.7715 4.5245 6.8835
153 2.7715 4.5245 6.8829
153 2.7710 4.5233 6.8820
153 2.7710 4.5248 6.8843
154 2.7706 4.5261 6.8843
154 2.7701 4.5258 6.8842
154 2.7697 4.5249 6.8836
154 2.7692 4.5261 6.8845
154 2.7688 4.5272 6.8862
154 2.7683 4.5277 6.8886
154 2.7678 4.5265 6.8876
155 2.7678 4.5262 6.8868
155 2.7673 4.5280 6.8877
155 2.7672 4.5268 6.8870
155 2.7669 4.5280 6.8868
155 2.7664 4.5271 6.8856
156 2.7661 4.5279 6.8864
156 2.7658 4.5284 6.8873
156 2.7653 4.5295 6.8881
156 2.7648 4.5292 6.8879
156 2.7643 4.5281 6.8869
156 2.7638 4.5272 6.8857
156 2.7633 4.5288 6.8865
156 2.7628 4.5293 6.8867
156 2.7628 4.5285 6.8874
156 2.7623 4.5297 6.8877
157 2.7618 4.5288 6.8864
157 2.7614 4.5277 6.8853
157 2.7610 4.5273 6.8845
157 2.7610 4.5278 6.8842
157 2.7610 4.5286 6.8855
157 2.7609 4.5279 6.8852
158 2.7609 4.5275 6.8846
158 2.7609 4.5290 6.8851
158 2.7605 4.5288 6.8837
158 2.7604 4.5283 6.8830
158 2.7604 4.5288 6.8827
158 2.7602 4.5300 6.8823
158 2.7601 4.5297 6.8814
158 2.7600 4.5286 6.8806
158 2.7596 4.5278 6.8793
159 2.7594 4.5273 6.8792
159 2.7591 4.5293 6.8832
159 2.7588 4.5291 6.8817
159 2.7583 4.5303 6.8819
160 2.7578 4.5301 6.8815
160 2.7573 4.5305 6.8816
160 2.7570 4.5302 6.8817
160 2.7567 4.5295 6.8812
160 2.7565 4.5299 6.8824
160 2.7560 4.5292 6.8814
160 2.7558 4.5289 6.8814
160 2.7558 4.5289 6.8808
160 2.7571 4.5277 6.8804
161 2.7570 4.5273 6.8797
161 2.7569 4.5262 6.8789
161 2.7566 4.5259 6.8775
161 2.7561 4.5256 6.8772
161 2.7556 4.5245 6.8763
161 2.7555 4.5249 6.8759
161 2.7553 4.5254 6.8765
161 2.7551 4.5250 6.8767
161 2.7546 4.5250 6.8774
161 2.7541 4.5238 6.8764
161 2.7537 4.5230 6.8753
161 2.7532 4.5225 6.8745
162 2.7528 4.5233 6.8743
162 2.7523 4.5224 6.8731
162 2.7518 4.5231 6.8734
162 2.7513 4.5235 6.8724
162 2.7510 4.5242 6.8732
162 2.7507 4.5252 6.8736
162 2.7503 4.5266 6.8746
162 2.7500 4.5277 6.8762
162 2.7496 4.5270 6.8760
162 2.7498 4.5263 6.8757
162 2.7500 4.5263 6.8763
162 2.7502 4.5269 6.8763
163 2.7497 4.5264 6.8755
163 2.7493 4.5290 6.8772
163 2.7493 4.5294 6.8811
163 2.7489 4.5313 6.8834
164 2.7484 4.5302 6.8823
164 2.7484 4.5305 6.8846
164 2.7483 4.5304 6.8840
164 2.7481 4.5302 6.8843
164 2.7479 4.5322 6.8850
164 2.7475 4.5314 6.8839
165 2.7474 4.5321 6.8846
165 2.7471 4.5313 6.8832
165 2.7467 4.5309 6.8824
165 2.7462 4.5298 6.8814
165 2.7457 4.5290 6.8801
165 2.7454 4.5284 6.8798
165 2.7449 4.5287 6.8788
166 2.7444 4.5292 6.8791
166 2.7439 4.5284 6.8779
166 2.7439 4.5273 6.8771
166 2.7438 4.5265 6.8767
166 2.7435 4.5257 6.8753
166 2.7430 4.5250 6.8743
167 2.7428 4.5266 6.8747
167 2.7425 4.5263 6.8739
167 2.7421 4.5255 6.8725
168 2.7416 4.5247 6.8712
168 2.7429 4.5236 6.8708
168 2.7442 4.5228 6.8712
168 2.7454 4.5221 6.8717
168 2.7466 4.5218 6.8733
168 2.7461 4.5253 6.8772
169 2.7461 4.5261 6.8782
169 2.7460 4.5279 6.8798
169 2.7458 4.5277 6.8800
169 2.7455 4.5286 6.8803
169 2.7454 4.5282 6.8796
169 2.7454 4.5292 6.8804
169 2.7452 4.5292 6.8806
170 2.7451 4.5284 6.8802
170 2.7448 4.5290 6.8799
171 2.7443 4.5297 6.8801
171 2.7440 4.5303 6.8807
171 2.7438 4.5309 6.8811
171 2.7437 4.5322 6.8827
171 2.7449 4.5331 6.8837
172 2.7448 4.5323 6.8832
172 2.7448 4.5332 6.8842
172 2.7444 4.5338 6.8839
172 2.7443 4.5331 6.8836
172 2.7442 4.5323 6.8828
172 2.7440 4.5331 6.8851
172 2.7438 4.5337 6.8889
172 2.7436 4.5336 6.8890
172 2.7434 4.5330 6.8885
172 2.7433 4.5325 6.8883
173 2.7429 4.5323 6.8870
173 2.7425 4.5321 6.8866
173 2.7436 4.5319 6.8874
173 2.7448 4.5309 6.8869
174 2.7445 4.5304 6.8869
174 2.7441 4.5294 6.8859
174 2.7453 4.5293 6.8872
174 2.7449 4.5291 6.8872
174 2.7460 4.5287 6.8885
175 2.7457 4.5285 6.8872
175 2.7456 4.5282 6.8864
175 2.7455 4.5282 6.8858
175 2.7458 4.5274 6.8856
175 2.7460 4.5286 6.8878
175 2.7455 4.5276 6.8868
175 2.7454 4.5265 6.8861
175 2.7452 4.5263 6.8862
175 2.7450 4.5260 6.8862
175 2.7448 4.5273 6.8884
175 2.7444 4.5265 6.8872
176 2.7443 4.5271 6.8878
176 2.7439 4.5263 6.8865
176 2.7436 4.5260 6.8857
176 2.7432 4.5250 6.8846
176 2.7427 4.5242 6.8834
176 2.7424 4.5236 6.8832
176 2.7419 4.5239 6.8822
177 2.7415 4.5244 6.8824
177 2.7410 4.5236 6.8813
177 2.7410 4.5226 6.8805
177 2.7409 4.5218 6.8800
177 2.7406 4.5211 6.8786
177 2.7404 4.5205 6.8781
177 2.7401 4.5201 6.8772
177 2.7399 4.5195 6.8766
177 2.7397 4.5187 6.8759
177 2.7395 4.5186 6.8759
177 2.7397 4.5212 6.8796
178 2.7400 4.5204 6.8794
178 2.7402 4.5200 6.8795
178 2.7404 4.5198 6.8805
178 2.7401 4.5196 6.8791
179 2.7396 4.5194 6.8787
179 2.7407 4.5199 6.8794
180 2.7407 4.5195 6.8788
180 2.7418 4.5207 6.8801
180 2.7428 4.5205 6.8807
180 2.7439 4.5195 6.8803
180 2.7438 4.5209 6.8807
180 2.7435 4.5206 6.8794
180 2.7431 4.5211 6.8795
180 2.7430 4.5203 6.8789
180 2.7429 4.5193 6.8781
180 2.7428 4.5198 6.8786
180 2.7426 4.5191 6.8779
180 2.7424 4.5181 6.8773
180 2.7422 4.5173 6.8764
180 2.7420 4.5169 6.8763
180 2.7418 4.5165 6.8765
181 2.7415 4.5162 6.8756
181 2.7412 4.5155 6.8743
182 2.7408 4.5147 6.8732
182 2.7404 4.5140 6.8727
182 2.7402 4.5132 6.8719
182 2.7402 4.5122 6.8711
182 2.7412 4.5116 6.8714
183 2.7412 4.5112 6.8709
183 2.7411 4.5106 6.8707
183 2.7408 4.5099 6.8693
183 2.7403 4.5091 6.8682
183 2.7399 4.5085 6.8673
183 2.7398 4.5090 6.8683
183 2.7394 4.5086 6.8688
183 2.7397 4.5091 6.8692
183 2.7395 4.5087 6.8693
183 2.7397 4.5091 6.8695
184 2.7394 4.5102 6.8694
184 2.7390 4.5094 6.8690
184 2.7387 4.5084 6.8681
184 2.7384 4.5082 6.8681
184 2.7381 4.5086 6.8684
184 2.7377 4.5082 6.8676
184 2.7380 4.5093 6.8698
184 2.7378 4.5091 6.8698
184 2.7374 4.5081 6.8688
184 2.7370 4.5078 6.8687
184 2.7365 4.5078 6.8693
184 2.7361 4.5074 6.8697
184 2.7357 4.5079 6.8697
185 2.7354 4.5102 6.8710
186 2.7351 4.5118 6.8726
186 2.7346 4.5122 6.8717
186 2.7346 4.5121 6.8712
186 2.7344 4.5119 6.8712
186 2.7342 4.5137 6.8718
186 2.7339 4.5134 6.8717
186 2.7341 4.5128 6.8715
186 2.7343 4.5121 6.8713
186 2.7346 4.5111 6.8710
186 2.7342 4.5103 6.8699
187 2.7341 4.5109 6.8704
187 2.7338 4.5102 6.8691
187 2.7334 4.5099 6.8682
187 2.7330 4.5089 6.8672
187 2.7326 4.5082 6.8661
187 2.7323 4.5076 6.8659
187 2.7319 4.5079 6.8650
188 2.7315 4.5085 6.8651
188 2.7311 4.5077 6.8640
188 2.7307 4.5071 6.8637
188 2.7303 4.5062 6.8627
188 2.7303 4.5055 6.8634
188 2.7302 4.5051 6.8628
188 2.7298 4.5080 6.8650
188 2.7297 4.5083 6.8666
189 2.7293 4.5080 6.8660
189 2.7293 4.5088 6.8668
189 2.7291 4.5086 6.8667
189 2.7288 4.5092 6.8664
190 2.7284 4.5098 6.8666
190 2.7281 4.5109 6.8674
190 2.7277 4.5115 6.8679
190 2.7274 4.5123 6.8681
190 2.7271 4.5127 6.8684
190 2.7268 4.5120 6.8679
190 2.7267 4.5146 6.8700
191 2.7267 4.5154 6.8708
191 2.7266 4.5170 6.8721
191 2.7276 4.5177 6.8729
191 2.7276 4.5174 6.8724
191 2.7275 4.5183 6.8730
191 2.7274 4.5181 6.8728
191 2.7272 4.5181 6.8729
192 2.7269 4.5173 6.8724
192 2.7266 4.5179 6.8721
193 2.7262 4.5185 6.8721
193 2.7258 4.5190 6.8725
193 2.7257 4.5195 6.8729
193 2.7256 4.5206 6.8741
193 2.7266 4.5213 6.8748
193 2.7266 4.5218 6.8769
193 2.7268 4.5225 6.8804
194 2.7267 4.5235 6.8809
194 2.7267 4.5229 6.8806
194 2.7263 4.5223 6.8798
194 2.7259 4.5255 6.8820
194 2.7258 4.5293 6.8841
194 2.7254 4.5302 6.8843
194 2.7252 4.5296 6.8838
194 2.7251 4.5302 6.8854
194 2.7249 4.5311 6.8867
194 2.7248 4.5316 6.8869
194 2.7250 4.5310 6.8867
194 2.7253 4.5309 6.8872
194 2.7255 4.5306 6.8872
194 2.7257 4.5297 6.8869
194 2.7256 4.5304 6.8877
194 2.7258 4.5297 6.8874
195 2.7255 4.5295 6.8863
195 2.7251 4.5293 6.8859
196 2.7253 4.5292 6.8863
196 2.7250 4.5289 6.8862
196 2.7247 4.5280 6.8854
196 2.7244 4.5278 6.8853
197 2.7254 4.5274 6.8863
197 2.7251 4.5272 6.8852
197 2.7250 4.5263 6.8844
197 2.7249 4.5261 6.8838
197 2.7249 4.5260 6.8833
197 2.7247 4.5253 6.8827
197 2.7245 4.5265 6.8826
197 2.7248 4.5275 6.8842
197 2.7246 4.5266 6.8836
197 2.7244 4.5264 6.8836
197 2.7243 4.5274 6.8852
197 2.7239 4.5267 6.8841
197 2.7237 4.5265 6.8839
197 2.7236 4.5258 6.8832
198 2.7235 4.5262 6.8835
198 2.7237 4.5272 6.8848
198 2.7234 4.5266 6.8836
198 2.7231 4.5262 6.8828
198 2.7227 4.5253 6.8818
198 2.7224 4.5246 6.8808
198 2.7220 4.5249 6.8800
198 2.7218 4.5254 6.8801
199 2.7215 4.5259 6.8802
199 2.7211 4.5252 6.8792
199 2.7210 4.5243 6.8785
199 2.7212 4.5253 6.8795
199 2.7212 4.5245 6.8790
199 2.7209 4.5239 6.8778
199 2.7207 4.5233 6.8773
199 2.7204 4.5230 6.8764
200 2.7202 4.5240 6.8762
200 2.7201 4.5237 6.8761
200 2.7199 4.5230 6.8754
200 2.7197 4.5221 6.8748
200 2.7196 4.5214 6.8742
200 2.7194 4.5223 6.8754
200 2.7196 4.5223 6.8757
200 2.7198 4.5221 6.8773
200 2.7200 4.5220 6.8775
201 2.7197 4.5218 6.8763
201 2.7199 4.5216 6.8776
201 2.7198 4.5215 6.8776
201 2.7194 4.5213 6.8772
201 2.7196 4.5212 6.8773
201 2.7198 4.5210 6.8784
201 2.7208 4.5217 6.8799
202 2.7207 4.5213 6.8794
202 2.7217 4.5205 6.8791
202 2.7217 4.5218 6.8795
202 2.7214 4.5215 6.8783
202 2.7213 4.5220 6.8781
202 2.7212 4.5213 6.8775
202 2.7210 4.5223 6.8773
202 2.7209 4.5220 6.8768
202 2.7209 4.5218 6.8762
202 2.7208 4.5209 6.8755
203 2.7204 4.5202 6.8744
203 2.7201 4.5202 6.8750
203 2.7197 4.5195 6.8739
203 2.7194 4.5189 6.8732
203 2.7190 4.5196 6.8736
203 2.7186 4.5193 6.8730
203 2.7186 4.5190 6.8725
203 2.7185 4.5183 6.8730
204 2.7181 4.5177 6.8720
204 2.7179 4.5170 6.8715
204 2.7177 4.5163 6.8708
205 2.7175 4.5184 6.8742
205 2.7174 4.5180 6.8736
205 2.7174 4.5175 6.8734
205 2.7172 4.5181 6.8746
205 2.7169 4.5175 6.8734
205 2.7169 4.5179 6.8743
205 2.7165 4.5176 6.8746
205 2.7161 4.5170 6.8738
205 2.7158 4.5163 6.8728
205 2.7160 4.5167 6.8730
205 2.7162 4.5165 6.8738
206 2.7159 4.5175 6.8738
206 2.7158 4.5166 6.8732
206 2.7154 4.5176 6.8738
206 2.7151 4.5169 6.8733
206 2.7148 4.5173 6.8736
206 2.7146 4.5169 6.8728
207 2.7142 4.5167 6.8727
207 2.7139 4.5166 6.8731
207 2.7135 4.5183 6.8764
207 2.7131 4.5187 6.8765
207 2.7128 4.5184 6.8759
207 2.7130 4.5188 6.8775
207 2.7132 4.5193 6.8787
208 2.7129 4.5207 6.8799
208 2.7128 4.5206 6.8795
208 2.7126 4.5203 6.8794
208 2.7122 4.5206 6.8786
208 2.7120 4.5201 6.8781
208 2.7119 4.5194 6.8775
208 2.7117 4.5199 6.8776
208 2.7116 4.5195 6.8775
208 2.7112 4.5189 6.8765
209 2.7111 4.5193 6.8768
209 2.7109 4.5186 6.8756
209 2.7106 4.5183 6.8748
209 2.7102 4.5174 6.8740
209 2.7099 4.5168 6.8730
209 2.7096 4.5163 6.8727
209 2.7093 4.5166 6.8719
209 2.7092 4.5171 6.8726
209 2.7088 4.5166 6.8719
209 2.7090 4.5158 6.8716
209 2.7089 4.5154 6.8718
210 2.7085 4.5176 6.8730
210 2.7087 4.5179 6.8750
210 2.7084 4.5184 6.8751
210 2.7082 4.5209 6.8761
210 2.7081 4.5212 6.8765
210 2.7079 4.5235 6.8775
210 2.7081 4.5230 6.8773
210 2.7083 4.5247 6.8781
210 2.7081 4.5241 6.8774
210 2.7083 4.5262 6.8784
210 2.7082 4.5256 6.8778
210 2.7084 4.5252 6.8776
210 2.7086 4.5266 6.8784
210 2.7087 4.5269 6.8786
210 2.7084 4.5283 6.8794
210 2.7086 4.5290 6.8798
210 2.7084 4.5287 6.8796
210 2.7086 4.5292 6.8798
211 2.7087 4.5317 6.8808
211 2.7086 4.5322 6.8814
211 2.7087 4.5326 6.8815
211 2.7084 4.5348 6.8830
211 2.7082 4.5342 6.8825
212 2.7080 4.5347 6.8823
212 2.7081 4.5356 6.8838
212 2.7083 4.5350 6.8836
212 2.7080 4.5355 6.8837
212 2.7078 4.5350 6.8831
212 2.7088 4.5353 6.8837
213 2.7087 4.5361 6.8841
213 2.7097 4.5370 6.8851
213 2.7107 4.5373 6.8863
213 2.7116 4.5380 6.8868
213 2.7115 4.5376 6.8866
213 2.7114 4.5381 6.8871
213 2.7112 4.5385 6.8869
213 2.7108 4.5379 6.8859
213 2.7105 4.5373 6.8851
213 2.7103 4.5403 6.8866
213 2.7103 4.5409 6.8873
213 2.7105 4.5407 6.8881
213 2.7106 4.5407 6.8882
213 2.7108 4.5403 6.8883
214 2.7109 4.5400 6.8881
214 2.7109 4.5397 6.8876
214 2.7106 4.5395 6.8866
215 2.7103 4.5393 6.8862
215 2.7100 4.5391 6.8862
216 2.7099 4.5389 6.8863
216 2.7096 4.5388 6.8866
216 2.7093 4.5385 6.8860
216 2.7092 4.5377 6.8854
216 2.7094 4.5379 6.8869
216 2.7092 4.5377 6.8858
216 2.7091 4.5382 6.8857
216 2.7088 4.5374 6.8849
216 2.7084 4.5372 6.8848
216 2.7081 4.5368 6.8842
216 2.7082 4.5372 6.8852
216 2.7084 4.5367 6.8849
216 2.7085 4.5363 6.8849
216 2.7087 4.5355 6.8847
216 2.7088 4.5349 6.8852
216 2.7086 4.5343 6.8846
216 2.7085 4.5338 6.8841
216 2.7083 4.5337 6.8841
216 2.7082 4.5341 6.8861
216 2.7080 4.5344 6.8864
217 2.7077 4.5338 6.8854
217 2.7076 4.5332 6.8859
217 2.7075 4.5327 6.8853
217 2.7071 4.5321 6.8845
217 2.7068 4.5315 6.8836
218 2.7066 4.5308 6.8830
218 2.7063 4.5312 6.8839
218 2.7061 4.5315 6.8841
218 2.7059 4.5308 6.8834
218 2.7058 4.5301 6.8829
218 2.7056 4.5307 6.8836
218 2.7054 4.5310 6.8838
218 2.7051 4.5308 6.8835
218 2.7048 4.5302 6.8825
218 2.7044 4.5294 6.8817
218 2.7041 4.5292 6.8816
218 2.7038 4.5301 6.8835
218 2.7034 4.5297 6.8838
218 2.7031 4.5302 6.8838
218 2.7027 4.5295 6.8828
219 2.7024 4.5298 6.8821
219 2.7022 4.5295 6.8814
219 2.7019 4.5299 6.8822
219 2.7017 4.5297 6.8811
219 2.7015 4.5289 6.8806
219 2.7014 4.5283 6.8800
219 2.7014 4.5281 6.8795
219 2.7013 4.5281 6.8791
219 2.7012 4.5290 6.8789
219 2.7013 4.5287 6.8789
219 2.7015 4.5281 6.8787
219 2.7016 4.5278 6.8786
219 2.7017 4.5271 6.8791
219 2.7019 4.5264 6.8788
219 2.7017 4.5261 6.8789
219 2.7019 4.5255 6.8787
220 2.7015 4.5248 6.8777
220 2.7015 4.5252 6.8779
220 2.7013 4.5246 6.8769
220 2.7009 4.5249 6.8762
220 2.7007 4.5246 6.8754
220 2.7004 4.5238 6.8746
220 2.7000 4.5232 6.8736
220 2.6997 4.5226 6.8727
220 2.6994 4.5230 6.8728
220 2.6992 4.5225 6.8722
220 2.6989 4.5228 6.8715
220 2.6990 4.5230 6.8727
220 2.6988 4.5227 6.8725
220 2.6987 4.5219 6.8719
220 2.6985 4.5214 6.8713
221 2.6982 4.5211 6.8715
221 2.6978 4.5209 6.8714
221 2.6975 4.5204 6.8707
221 2.6975 4.5203 6.8702
221 2.6971 4.5210 6.8706
221 2.6971 4.5208 6.8701
222 2.6969 4.5206 6.8691
222 2.6969 4.5203 6.8687
222 2.6966 4.5196 6.8679
222 2.6962 4.5208 6.8686
222 2.6961 4.5202 6.8680
222 2.6962 4.5196 6.8683
222 2.6959 4.5190 6.8674
222 2.6955 4.5182 6.8666
222 2.6952 4.5179 6.8661
222 2.6948 4.5176 6.8662
222 2.6947 4.5170 6.8655
223 2.6945 4.5165 6.8650
223 2.6945 4.5159 6.8653
223 2.6942 4.5153 6.8644
223 2.6938 4.5148 6.8637
223 2.6936 4.5141 6.8631
223 2.6934 4.5138 6.8624
223 2.6935 4.5135 6.8623
223 2.6932 4.5141 6.8625
224 2.6930 4.5135 6.8619
224 2.6930 4.5132 6.8615
224 2.6927 4.5134 6.8607
224 2.6927 4.5146 6.8611
224 2.6925 4.5144 6.8601
224 2.6923 4.5137 6.8596
224 2.6922 4.5131 6.8589
224 2.6919 4.5130 6.8592
224 2.6919 4.5129 6.8587
224 2.6916 4.5133 6.8587
224 2.6916 4.5129 6.8583
224 2.6914 4.5139 6.8581
225 2.6916 4.5133 6.8579
225 2.6917 4.5125 6.8577
225 2.6918 4.5129 6.8585
225 2.6920 4.5126 6.8583
225 2.6920 4.5130 6.8582
225 2.6921 4.5127 6.8580
225 2.6919 4.5136 6.8580
226 2.6917 4.5132 6.8581
226 2.6914 4.5141 6.8586
226 2.6912 4.5134 6.8580
226 2.6912 4.5142 6.8584
227 2.6910 4.5134 6.8578
227 2.6910 4.5133 6.8573
227 2.6920 4.5127 6.8578
227 2.6919 4.5130 6.8576
227 2.6919 4.5124 6.8573
227 2.6917 4.5133 6.8573
227 2.6917 4.5129 6.8569
227 2.6914 4.5133 6.8568
227 2.6910 4.5127 6.8559
228 2.6908 4.5135 6.8558
228 2.6905 4.5143 6.8561
228 2.6902 4.5151 6.8566
229 2.6898 4.5154 6.8565
229 2.6896 4.5146 6.8559
229 2.6894 4.5141 6.8555
229 2.6891 4.5136 6.8548
229 2.6890 4.5139 6.8558
229 2.6886 4.5134 6.8551
229 2.6884 4.5128 6.8547
229 2.6894 4.5126 6.8553
229 2.6892 4.5119 6.8546
230 2.6888 4.5116 6.8541
230 2.6898 4.5119 6.8546
230 2.6896 4.5127 6.8545
230 2.6892 4.5121 6.8535
230 2.6892 4.5119 6.8530
230 2.6891 4.5122 6.8538
230 2.6889 4.5116 6.8533
230 2.6888 4.5109 6.8527
230 2.6884 4.5107 6.8525
231 2.6884 4.5116 6.8540
231 2.6882 4.5115 6.8531
231 2.6879 4.5122 6.8533
231 2.6877 4.5119 6.8533
231 2.6874 4.5119 6.8537
231 2.6870 4.5117 6.8534
231 2.6868 4.5110 6.8527
231 2.6865 4.5113 6.8526
231 2.6862 4.5117 6.8541
232 2.6860 4.5112 6.8536
232 2.6859 4.5115 6.8543
232 2.6855 4.5112 6.8544
232 2.6852 4.5110 6.8542
232 2.6849 4.5105 6.8535
232 2.6848 4.5105 6.8531
232 2.6845 4.5111 6.8533
232 2.6842 4.5108 6.8528
232 2.6842 4.5106 6.8522
233 2.6840 4.5104 6.8513
233 2.6836 4.5115 6.8519
233 2.6833 4.5108 6.8511
233 2.6834 4.5119 6.8541
233 2.6833 4.5112 6.8536
233 2.6832 4.5110 6.8535
234 2.6830 4.5115 6.8533
234 2.6826 4.5109 6.8524
234 2.6825 4.5112 6.8530
234 2.6822 4.5117 6.8531
234 2.6820 4.5125 6.8538
234 2.6818 4.5129 6.8542
234 2.6816 4.5135 6.8545
234 2.6814 4.5138 6.8547
234 2.6815 4.5153 6.8562
234 2.6817 4.5152 6.8563
234 2.6818 4.5156 6.8571
234 2.6820 4.5168 6.8578
234 2.6821 4.5171 6.8588
234 2.6818 4.5177 6.8590
235 2.6815 4.5174 6.8584
235 2.6815 4.5186 6.8594
235 2.6811 4.5188 6.8587
235 2.6808 4.5181 6.8580
236 2.6808 4.5200 6.8610
236 2.6807 4.5214 6.8616
236 2.6806 4.5211 6.8612
236 2.6803 4.5209 6.8609
236 2.6812 4.5208 6.8619
236 2.6812 4.5205 6.8614
236 2.6810 4.5200 6.8605
237 2.6807 4.5195 6.8597
237 2.6805 4.5189 6.8593
237 2.6814 4.5182 6.8592
237 2.6823 4.5177 6.8596
238 2.6821 4.5172 6.8586
238 2.6819 4.5165 6.8580
238 2.6818 4.5167 6.8585
238 2.6817 4.5162 6.8579
238 2.6814 4.5156 6.8571
238 2.6815 4.5181 6.8589
238 2.6814 4.5178 6.8588
238 2.6823 4.5173 6.8591
238 2.6832 4.5170 6.8599
238 2.6833 4.5175 6.8618
238 2.6834 4.5183 6.8626
238 2.6836 4.5186 6.8633
238 2.6837 4.5192 6.8652
238 2.6839 4.5195 6.8653
238 2.6840 4.5190 6.8657
238 2.6841 4.5184 6.8659
238 2.6840 4.5205 6.8667
239 2.6837 4.5208 6.8682
239 2.6833 4.5215 6.8684
239 2.6832 4.5228 6.8689
239 2.6831 4.5223 6.8683
239 2.6829 4.5222 6.8682
239 2.6831 4.5228 6.8697
239 2.6832 4.5221 6.8694
239 2.6833 4.5223 6.8703
239 2.6832 4.5227 6.8708
239 2.6833 4.5221 6.8710
239 2.6834 4.5218 6.8709
239 2.6835 4.5214 6.8708
239 2.6837 4.5217 6.8715
239 2.6838 4.5224 6.8727
239 2.6839 4.5221 6.8725
239 2.6837 4.5233 6.8729
240 2.6838 4.5240 6.8738
240 2.6835 4.5238 6.8735
241 2.6833 4.5242 6.8733
241 2.6830 4.5239 6.8728
241 2.6827 4.5243 6.8729
241 2.6824 4.5238 6.8720
241 2.6822 4.5245 6.8725
241 2.6820 4.5249 6.8729
241 2.6818 4.5254 6.8731
241 2.6817 4.5257 6.8732
241 2.6818 4.5250 6.8730
241 2.6819 4.5247 6.8727
241 2.6819 4.5253 6.8734
242 2.6819 4.5250 6.8730
242 2.6819 4.5260 6.8733
242 2.6817 4.5259 6.8724
242 2.6817 4.5261 6.8723
242 2.6816 4.5270 6.8721
242 2.6816 4.5267 6.8717
242 2.6816 4.5265 6.8712
242 2.6816 4.5258 6.8708
242 2.6812 4.5253 6.8699
243 2.6811 4.5251 6.8690
244 2.6812 4.5253 6.8697
244 2.6809 4.5252 6.8694
244 2.6807 4.5251 6.8697
244 2.6807 4.5250 6.8691
244 2.6805 4.5243 6.8685
244 2.6803 4.5248 6.8714
244 2.6804 4.5243 6.8715
244 2.6803 4.5239 6.8710
244 2.6802 4.5238 6.8711
244 2.6801 4.5244 6.8716
244 2.6799 4.5239 6.8711
244 2.6798 4.5232 6.8706
245 2.6798 4.5225 6.8701
245 2.6797 4.5221 6.8695
245 2.6797 4.5218 6.8691
245 2.6795 4.5213 6.8682
245 2.6792 4.5208 6.8676
245 2.6789 4.5203 6.8667
245 2.6789 4.5206 6.8674
245 2.6786 4.5203 6.8675
245 2.6787 4.5200 6.8672
245 2.6785 4.5199 6.8673
245 2.6784 4.5194 6.8667
245 2.6783 4.5187 6.8662
246 2.6780 4.5181 6.8653
246 2.6778 4.5180 6.8644
246 2.6775 4.5182 6.8637
246 2.6772 4.5175 6.8630
246 2.6769 4.5173 6.8627
246 2.6767 4.5172 6.8628
246 2.6765 4.5171 6.8630
246 2.6763 4.5168 6.8624
247 2.6762 4.5163 6.8618
247 2.6759 4.5157 6.8609
247 2.6757 4.5154 6.8603
247 2.6756 4.5150 6.8603
247 2.6752 4.5152 6.8596
248 2.6751 4.5157 6.8604
248 2.6749 4.5159 6.8605
248 2.6747 4.5154 6.8597
248 2.6744 4.5149 6.8588
248 2.6745 4.5179 6.8606
248 2.6745 4.5173 6.8601
248 2.6744 4.5184 6.8605
248 2.6743 4.5188 6.8607
248 2.6740 4.5186 6.8605
248 2.6737 4.5182 6.8599
249 2.6737 4.5190 6.8610
249 2.6735 4.5188 6.8601
249 2.6732 4.5186 6.8596
249 2.6729 4.5185 6.8600
249 2.6727 4.5178 6.8594
249 2.6724 4.5177 6.8590
249 2.6721 4.5174 6.8591
249 2.6720 4.5167 6.8585
249 2.6716 4.5170 6.8597
249 2.6718 4.5172 6.8603
249 2.6716 4.5167 6.8597
250 2.6713 4.5171 6.8598
250 2.6713 4.5164 6.8593
250 2.6712 4.5160 6.8588
250 2.6712 4.5155 6.8586
250 2.6710 4.5150 6.8577
251 2.6707 4.5146 6.8571
251 2.6706 4.5157 6.8573
251 2.6704 4.5154 6.8567
251 2.6701 4.5151 6.8562
251 2.6698 4.5146 6.8553
252 2.6697 4.5144 6.8544
252 2.6693 4.5146 6.8538
252 2.6692 4.5139 6.8533
252 2.6689 4.5138 6.8529
252 2.6687 4.5137 6.8531
252 2.6686 4.5136 6.8531
252 2.6684 4.5141 6.8549
252 2.6681 4.5151 6.8554
253 2.6681 4.5154 6.8560
253 2.6679 4.5161 6.8560
253 2.6679 4.5158 6.8556
253 2.6678 4.5165 6.8565
253 2.6678 4.5168 6.8564
253 2.6678 4.5163 6.8562
253 2.6675 4.5167 6.8562
254 2.6673 4.5174 6.8561
255 2.6670 4.5181 6.8565
255 2.6669 4.5175 6.8559
256 2.6667 4.5168 6.8554
256 2.6667 4.5166 6.8549
256 2.6676 4.5161 6.8553
256 2.6674 4.5168 6.8552
256 2.6671 4.5174 6.8553
256 2.6671 4.5172 6.8550
256 2.6671 4.5165 6.8545
256 2.6671 4.5163 6.8563
256 2.6668 4.5166 6.8562
256 2.6665 4.5163 6.8557
256 2.6662 4.5162 6.8555
256 2.6659 4.5155 6.8549
256 2.6658 4.5151 6.8543
257 2.6657 4.5154 6.8549
257 2.6657 4.5150 6.8549
257 2.6655 4.5148 6.8540
257 2.6654 4.5145 6.8539
257 2.6651 4.5143 6.8535
258 2.6660 4.5142 6.8541
258 2.6668 4.5135 6.8539
258 2.6667 4.5142 6.8549
258 2.6666 4.5139 6.8549
258 2.6664 4.5132 6.8543
258 2.6672 4.5132 6.8551
258 2.6671 4.5131 6.8552
259 2.6679 4.5128 6.8559
259 2.6677 4.5126 6.8550
259 2.6676 4.5128 6.8555
259 2.6676 4.5122 6.8550
259 2.6675 4.5117 6.8545
259 2.6675 4.5116 6.8540
259 2.6675 4.5115 6.8538
259 2.6674 4.5123 6.8536
259 2.6673 4.5119 6.8531
259 2.6672 4.5122 6.8535
259 2.6669 4.5120 6.8533
259 2.6667 4.5116 6.8528
260 2.6667 4.5123 6.8537
260 2.6666 4.5121 6.8536
260 2.6664 4.5119 6.8527
260 2.6661 4.5118 6.8530
260 2.6660 4.5116 6.8531
260 2.6659 4.5114 6.8531
260 2.6657 4.5107 6.8525
260 2.6656 4.5111 6.8527
260 2.6655 4.5104 6.8521
260 2.6652 4.5103 6.8519
260 2.6649 4.5110 6.8533
260 2.6646 4.5107 6.8533
260 2.6643 4.5110 6.8543
260 2.6642 4.5108 6.8542
261 2.6639 4.5114 6.8544
261 2.6636 4.5117 6.8552
261 2.6636 4.5124 6.8561
261 2.6635 4.5119 6.8556
261 2.6632 4.5122 6.8568
261 2.6632 4.5125 6.8570
262 2.6630 4.5129 6.8569
262 2.6627 4.5131 6.8563
262 2.6624 4.5137 6.8574
262 2.6621 4.5141 6.8575
262 2.6623 4.5159 6.8593
262 2.6624 4.5171 6.8604
262 2.6625 4.5171 6.8606
262 2.6627 4.5174 6.8612
262 2.6628 4.5185 6.8618
262 2.6630 4.5187 6.8623
262 2.6627 4.5184 6.8618
263 2.6627 4.5186 6.8629
263 2.6625 4.5181 6.8624
263 2.6623 4.5192 6.8631
263 2.6620 4.5193 6.8625
263 2.6618 4.5193 6.8626
263 2.6616 4.5209 6.8636
263 2.6615 4.5214 6.8649
264 2.6615 4.5219 6.8654
264 2.6613 4.5214 6.8647
264 2.6613 4.5217 6.8652
264 2.6612 4.5220 6.8653
264 2.6612 4.5217 6.8649
264 2.6612 4.5212 6.8647
264 2.6612 4.5208 6.8646
265 2.6609 4.5218 6.8652
265 2.6608 4.5212 6.8647
265 2.6606 4.5208 6.8639
266 2.6603 4.5203 6.8632
266 2.6602 4.5198 6.8629
267 2.6601 4.5193 6.8623
267 2.6601 4.5187 6.8618
267 2.6609 4.5183 6.8621
267 2.6609 4.5180 6.8617
267 2.6609 4.5176 6.8617
267 2.6607 4.5172 6.8609
267 2.6607 4.5174 6.8613
267 2.6604 4.5172 6.8613
267 2.6602 4.5166 6.8605
267 2.6599 4.5162 6.8599
268 2.6597 4.5158 6.8591
268 2.6594 4.5154 6.8584
269 2.6602 4.5149 6.8588
269 2.6611 4.5145 6.8590
269 2.6619 4.5149 6.8600
269 2.6627 4.5143 6.8598
