0 0.9183 2.2516 2.5850
1 1.5305 2.9477 3.1699
1 1.8879 2.8554 3.4183
1 1.8892 2.7899 3.5069
1 1.8078 2.7778 3.4992
2 1.8474 2.9708 3.6163
2 1.9035 3.0650 3.8209
2 1.9132 3.0836 3.9149
2 1.9103 3.0529 3.9737
2 1.9003 3.2818 4.1343
3 1.8862 3.3620 4.2113
3 1.8892 3.4608 4.2817
3 1.8878 3.4902 4.2847
3 1.9000 3.4803 4.2889
3 1.9065 3.5102 4.2942
3 1.8923 3.5029 4.2784
3 1.8769 3.4973 4.2646
3 1.8821 3.4830 4.2737
3 1.8837 3.4706 4.2834
3 1.8702 3.4598 4.2737
3 1.8560 3.4369 4.2530
4 1.8610 3.5197 4.3153
4 1.8631 3.5993 4.3755
4 1.8628 3.6283 4.3860
4 1.8606 3.6567 4.3969
4 1.8649 3.6415 4.3908
4 1.8668 3.6276 4.3858
4 1.8581 3.6564 4.3980
4 1.8485 3.6390 4.3840
4 1.8809 3.6519 4.4387
4 1.9067 3.6324 4.4919
4 1.8969 3.7011 4.5435
4 1.8867 3.6913 4.5300
5 1.9875 3.7190 4.5800
5 2.0473 3.7319 4.6286
5 2.0914 3.7448 4.6759
5 2.1092 3.7488 4.6856
5 2.1231 3.7302 4.6955
5 2.1115 3.7195 4.6772
5 2.0996 3.7061 4.6600
5 2.1017 3.6935 4.6583
5 2.1024 3.6788 4.6696
5 2.0913 3.6800 4.6685
5 2.0800 3.6641 4.6541
6 2.0820 3.7235 4.6979
6 2.0828 3.7384 4.7093
6 2.0824 3.7648 4.7208
6 2.0838 3.7524 4.7134
6 2.0841 3.7383 4.7138
6 2.0749 3.7645 4.7256
6 2.0655 3.7513 4.7099
6 2.0977 3.7771 4.7507
6 2.0977 3.7919 4.7905
6 2.0967 3.7873 4.7845
6 2.0879 3.8398 4.8234
6 2.0789 3.8259 4.8088
7 2.1052 3.8771 4.8468
7 2.1042 3.8844 4.8578
7 2.1024 3.8775 4.8478
7 2.1001 3.8648 4.8430
7 2.0920 3.8526 4.8273
7 2.0837 3.8526 4.8233
8 2.0862 3.9010 4.8597
8 2.1083 3.8980 4.8955
8 2.1002 3.8852 4.8836
8 2.0919 3.8782 4.8800
8 2.0905 3.8665 4.8767
8 2.0886 3.8676 4.8881
8 2.0808 3.8566 4.8725
8 2.0729 3.8447 4.8598
9 2.0759 3.8539 4.8631
9 2.0781 3.8631 4.8665
9 2.0796 3.8859 4.8783
9 2.0783 3.8749 4.8726
9 2.0766 3.8686 4.8640
9 2.0698 3.8571 4.8510
9 2.0629 3.8572 4.8552
9 2.0612 3.8453 4.8506
9 2.0592 3.8437 4.8550
9 2.0527 3.8336 4.8453
9 2.0460 3.8275 4.8414
10 2.0483 3.8375 4.8462
10 2.0501 3.8439 4.8462
10 2.0513 3.8587 4.8512
10 2.0498 3.8477 4.8451
10 2.0480 3.8454 4.8455
10 2.0422 3.8380 4.8339
10 2.0363 3.8270 4.8226
10 2.0346 3.8191 4.8202
10 2.0326 3.8341 4.8259
10 2.0270 3.8343 4.8238
10 2.0213 3.8315 4.8251
11 2.0399 3.8463 4.8558
11 2.0565 3.8610 4.8860
11 2.0713 3.8712 4.9159
11 2.0693 3.8632 4.9111
11 2.0671 3.8734 4.9122
11 2.0617 3.8659 4.9038
11 2.0563 3.8614 4.8996
11 2.0542 3.8534 4.8955
11 2.0519 3.8483 4.8896
11 2.0466 3.8408 4.8793
11 2.0413 3.8321 4.8692
12 2.0440 3.8528 4.8815
12 2.0463 3.8672 4.8937
12 2.0482 3.8776 4.8997
12 2.0496 3.8849 4.9018
12 2.0478 3.8773 4.8968
12 2.0458 3.8722 4.8903
12 2.0412 3.8725 4.8875
12 2.0365 3.8647 4.8800
12 2.0511 3.8640 4.8864
12 2.0643 3.8560 4.8927
13 2.0595 3.8637 4.8990
13 2.0547 3.8573 4.8897
13 2.0564 3.8650 4.8925
13 2.0578 3.8705 4.8925
13 2.0588 3.8761 4.8927
13 2.0574 3.8748 4.9193
13 2.0558 3.8672 4.9141
13 2.0515 3.8608 4.9045
13 2.0471 3.8541 4.8962
13 2.0455 3.8475 4.8929
13 2.0438 3.8405 4.8898
14 2.0396 3.8390 4.8867
14 2.0353 3.8319 4.8800
14 2.0368 3.8511 4.8920
14 2.0380 3.8571 4.8928
14 2.0389 3.8675 4.8996
14 2.0375 3.8611 4.8955
14 2.0359 3.8544 4.8916
14 2.0320 3.8605 4.8951
14 2.0281 3.8540 4.8865
14 2.0411 3.8644 4.8983
14 2.0395 3.8689 4.9051
14 2.0379 3.8659 4.9004
15 2.0341 3.8843 4.9121
15 2.0303 3.8777 4.9047
15 2.0422 3.8958 4.9163
15 2.0406 3.8990 4.9200
15 2.0389 3.8956 4.9146
15 2.0371 3.8893 4.9103
15 2.0334 3.8831 4.9020
15 2.0444 3.8820 4.9136
16 2.0459 3.8998 4.9251
16 2.0560 3.8980 4.9319
16 2.0542 3.9110 4.9554
16 2.0523 3.9156 4.9786
16 2.0489 3.9450 5.0016
16 2.0455 3.9526 5.0244
16 2.0437 3.9815 5.0470
16 2.0418 3.9857 5.0693
16 2.0512 3.9832 5.0725
16 2.0600 3.9771 5.0945
16 2.0682 3.9737 5.1164
17 2.0649 3.9861 5.1380
17 2.0616 3.9934 5.1595
17 2.0582 3.9872 5.1532
17 2.0548 3.9836 5.1510
17 2.0531 4.0113 5.1722
17 2.0514 4.0233 5.1931
17 2.0480 4.0325 5.2028
17 2.0447 4.0381 5.2124
17 2.0413 4.0541 5.2329
17 2.0379 4.0571 5.2532
17 2.0457 4.0544 5.2538
17 2.0530 4.0489 5.2739
17 2.0598 4.0494 5.2938
18 2.0583 4.0651 5.3028
18 2.0567 4.0741 5.3118
18 2.0550 4.0681 5.3065
18 2.0533 4.0644 5.3006
18 2.0514 4.0798 5.3200
18 2.0495 4.0852 5.3393
18 2.0465 4.0966 5.3481
18 2.0435 4.0987 5.3568
18 2.0404 4.1056 5.3616
18 2.0373 4.1097 5.3664
18 2.0439 4.1047 5.3851
18 2.0501 4.0995 5.3936
19 2.0470 4.1107 5.4121
19 2.0438 4.1175 5.4305
19 2.0407 4.1124 5.4223
19 2.0375 4.1071 5.4153
19 2.0343 4.1317 5.4335
19 2.0310 4.1426 5.4515
19 2.0278 4.1510 5.4597
19 2.0245 4.1562 5.4678
19 2.0212 4.1614 5.4698
19 2.0179 4.1645 5.4718
19 2.0239 4.1883 5.4894
19 2.0296 4.1828 5.4973
19 2.0350 4.1793 5.5052
20 2.0317 4.1934 5.5131
20 2.0284 4.2015 5.5209
20 2.0251 4.1965 5.5127
20 2.0218 4.1913 5.5057
20 2.0209 4.1927 5.5135
20 2.0199 4.2158 5.5305
20 2.0167 4.2179 5.5308
20 2.0135 4.2281 5.5476
20 2.0102 4.2320 5.5518
20 2.0069 4.2383 5.5684
20 2.0122 4.2361 5.5673
20 2.0172 4.2308 5.5715
21 2.0139 4.2371 5.5756
21 2.0106 4.2410 5.5919
21 2.0074 4.2386 5.5889
21 2.0041 4.2333 5.5832
21 2.0035 4.2554 5.5994
21 2.0028 4.2616 5.6155
21 1.9996 4.2664 5.6173
21 1.9964 4.2694 5.6246
21 1.9931 4.2723 5.6264
21 1.9899 4.2772 5.6336
21 1.9948 4.2725 5.6408
21 1.9995 4.2677 5.6447
22 1.9989 4.2807 5.6518
22 1.9983 4.2855 5.6589
22 1.9976 4.2830 5.6659
22 1.9969 4.2779 5.6611
22 1.9961 4.2795 5.6764
22 1.9952 4.2871 5.6917
22 1.9923 4.2893 5.6919
22 1.9893 4.2931 5.6957
22 1.9938 4.2954 5.7107
22 1.9982 4.2909 5.7145
22 1.9952 4.2948 5.7147
22 1.9923 4.2971 5.7184
23 1.9915 4.3065 5.7221
23 1.9907 4.3103 5.7258
23 1.9949 4.3075 5.7295
23 1.9920 4.3149 5.7442
23 1.9892 4.3179 5.7588
23 1.9863 4.3131 5.7532
23 1.9856 4.3142 5.7598
23 1.9848 4.3099 5.7564
23 1.9820 4.3129 5.7556
24 1.9792 4.3136 5.7547
24 1.9832 4.3113 5.7530
24 1.9804 4.3172 5.7596
24 1.9776 4.3196 5.7661
24 1.9769 4.3288 5.7727
24 1.9762 4.3326 5.7791
24 1.9735 4.3398 5.7827
24 1.9707 4.3410 5.7863
24 1.9747 4.3385 5.7839
24 1.9785 4.3340 5.7856
24 1.9821 4.3313 5.7874
25 1.9794 4.3352 5.7878
25 1.9766 4.3355 5.7863
25 1.9739 4.3309 5.7808
25 1.9711 4.3282 5.7786
25 1.9706 4.3340 5.7822
25 1.9700 4.3359 5.7859
25 1.9673 4.3390 5.7853
25 1.9646 4.3390 5.7832
25 1.9619 4.3448 5.7851
25 1.9592 4.3457 5.7870
25 1.9628 4.3434 5.7843
25 1.9663 4.3398 5.7862
25 1.9696 4.3407 5.7925
26 1.9670 4.3454 5.7962
26 1.9643 4.3469 5.7958
26 1.9616 4.3425 5.7904
26 1.9589 4.3399 5.7879
26 1.9586 4.3469 5.7916
26 1.9582 4.3501 5.7952
26 1.9555 4.3548 5.7959
26 1.9529 4.3554 5.7967
27 1.9502 4.3579 5.7955
27 1.9476 4.3578 5.7931
27 1.9509 4.3543 5.7951
27 1.9541 4.3509 5.7959
27 1.9515 4.3548 5.7979
27 1.9489 4.3559 5.7969
27 1.9463 4.3524 5.7913
27 1.9436 4.3489 5.7865
27 1.9434 4.3575 5.7995
27 1.9432 4.3601 5.8124
27 1.9406 4.3633 5.8133
27 1.9380 4.3640 5.8116
28 1.9354 4.3661 5.8100
28 1.9328 4.3658 5.8073
28 1.9360 4.3768 5.8135
28 1.9391 4.3728 5.8143
28 1.9421 4.3704 5.8152
28 1.9419 4.3772 5.8214
28 1.9417 4.3793 5.8275
28 1.9414 4.3759 5.8249
28 1.9411 4.3725 5.8228
28 1.9387 4.3730 5.8228
28 1.9362 4.3838 5.8353
28 1.9338 4.3833 5.8323
28 1.9313 4.3888 5.8384
29 1.9288 4.3893 5.8363
29 1.9264 4.3925 5.8384
29 1.9293 4.3907 5.8359
29 1.9322 4.3869 5.8360
29 1.9320 4.3886 5.8396
29 1.9318 4.3907 5.8519
29 1.9315 4.3887 5.8555
29 1.9312 4.3850 5.8522
29 1.9289 4.3916 5.8644
29 1.9265 4.3948 5.8765
29 1.9263 4.3961 5.8786
29 1.9259 4.3978 5.8844
30 1.9236 4.3981 5.8820
30 1.9213 4.4007 5.8829
30 1.9241 4.3976 5.8839
30 1.9269 4.3945 5.8839
30 1.9246 4.4000 5.8898
30 1.9223 4.4027 5.8956
30 1.9200 4.4007 5.8937
30 1.9177 4.3971 5.8893
30 1.9154 4.3967 5.8862
30 1.9131 4.4012 5.8898
30 1.9107 4.4013 5.8871
30 1.9084 4.4035 5.8873
30 1.9112 4.4058 5.8930
30 1.9138 4.4027 5.8932
31 1.9115 4.4038 5.8927
31 1.9092 4.4052 5.8948
31 1.9069 4.4098 5.8983
31 1.9046 4.4120 5.9018
31 1.9072 4.4101 5.9020
31 1.9072 4.4146 5.9077
31 1.9071 4.4168 5.9134
31 1.9049 4.4133 5.9090
31 1.9026 4.4128 5.9058
31 1.9026 4.4098 5.9034
32 1.9004 4.4107 5.9024
32 1.8981 4.4100 5.8989
32 1.9007 4.4082 5.8966
32 1.9006 4.4048 5.8935
32 1.9096 4.4029 5.9048
32 1.9121 4.4048 5.9105
32 1.9206 4.4203 5.9217
33 1.9205 4.4255 5.9228
33 1.9183 4.4267 5.9239
33 1.9265 4.4279 5.9274
33 1.9263 4.4259 5.9247
33 1.9287 4.4277 5.9303
33 1.9365 4.4251 5.9338
34 1.9363 4.4217 5.9305
34 1.9386 4.4223 5.9361
34 1.9365 4.4195 5.9318
34 1.9363 4.4169 5.9300
34 1.9385 4.4197 5.9355
34 1.9459 4.4241 5.9465
35 1.9457 4.4251 5.9476
35 1.9436 4.4270 5.9497
35 1.9434 4.4250 5.9468
35 1.9432 4.4224 5.9447
35 1.9453 4.4233 5.9501
35 1.9451 4.4201 5.9468
36 1.9521 4.4174 5.9576
36 1.9542 4.4168 5.9610
36 1.9539 4.4152 5.9631
36 1.9536 4.4119 5.9595
36 1.9557 4.4125 5.9629
36 1.9624 4.4133 5.9650
37 1.9621 4.4114 5.9620
37 1.9640 4.4130 5.9654
37 1.9705 4.4105 5.9675
37 1.9768 4.4072 5.9696
37 1.9786 4.4089 5.9750
37 1.9847 4.4063 5.9803
38 1.9905 4.4048 5.9824
38 1.9923 4.4052 5.9929
38 1.9919 4.4073 5.9940
38 1.9975 4.4046 5.9973
38 1.9992 4.4040 5.9994
38 1.9989 4.4022 5.9962
39 2.0043 4.3997 5.9974
39 2.0059 4.4141 6.0077
39 2.0111 4.4110 6.0088
39 2.0107 4.4083 6.0066
39 2.0123 4.4098 6.0086
40 2.0139 4.4136 6.0189
40 2.0153 4.4121 6.0166
40 2.0204 4.4105 6.0177
40 2.0252 4.4078 6.0198
40 2.0248 4.4088 6.0209
40 2.0296 4.4070 6.0214
40 2.0291 4.4064 6.0247
40 2.0287 4.4083 6.0251
40 2.0282 4.4065 6.0263
40 2.0328 4.4077 6.0363
41 2.0372 4.4102 6.0463
41 2.0386 4.4072 6.0461
41 2.0381 4.4078 6.0493
41 2.0376 4.4071 6.0513
41 2.0390 4.4048 6.0512
41 2.0433 4.4052 6.0611
42 2.0428 4.4060 6.0615
42 2.0410 4.4198 6.0713
42 2.0452 4.4269 6.0811
42 2.0492 4.4251 6.0809
42 2.0475 4.4289 6.0829
42 2.0514 4.4348 6.0878
42 2.0552 4.4350 6.0927
42 2.0589 4.4420 6.1024
42 2.0584 4.4470 6.1120
43 2.0619 4.4491 6.1169
43 2.0654 4.4495 6.1264
43 2.0637 4.4470 6.1226
43 2.0632 4.4462 6.1237
43 2.0627 4.4462 6.1256
43 2.0640 4.4434 6.1249
44 2.0674 4.4440 6.1344
44 2.0707 4.4472 6.1438
44 2.0720 4.4606 6.1532
44 2.0752 4.4692 6.1625
44 2.0783 4.4734 6.1655
44 2.0766 4.4766 6.1685
44 2.0796 4.4835 6.1731
44 2.0826 4.4838 6.1778
44 2.0854 4.4923 6.1870
44 2.0849 4.4980 6.1962
45 2.0844 4.4982 6.1980
45 2.0838 4.4973 6.1983
45 2.0851 4.4955 6.1959
45 2.0879 4.4954 6.1988
45 2.0873 4.4955 6.1985
45 2.0885 4.4931 6.1983
46 2.0912 4.4959 6.2029
46 2.0907 4.4986 6.2058
46 2.0891 4.5114 6.2148
46 2.0885 4.5181 6.2238
46 2.0912 4.5228 6.2266
46 2.0896 4.5356 6.2356
46 2.0922 4.5411 6.2401
46 2.0947 4.5433 6.2429
46 2.0971 4.5560 6.2518
46 2.0995 4.5606 6.2545
47 2.0989 4.5596 6.2543
47 2.1012 4.5592 6.2560
47 2.1024 4.5606 6.2587
47 2.1046 4.5606 6.2615
47 2.1041 4.5625 6.2632
47 2.1053 4.5607 6.2606
48 2.1064 4.5630 6.2650
48 2.1075 4.5754 6.2738
48 2.1060 4.5773 6.2754
48 2.1046 4.5746 6.2721
48 2.1031 4.5755 6.2748
48 2.1016 4.5740 6.2734
49 2.1001 4.5754 6.2743
49 2.0987 4.5834 6.2830
49 2.0972 4.5843 6.2832
49 2.0957 4.5877 6.2918
49 2.0942 4.5903 6.2921
49 2.0927 4.5910 6.2930
49 2.0922 4.5906 6.2939
49 2.0917 4.5890 6.2910
50 2.0903 4.5880 6.2884
50 2.0888 4.5860 6.2855
50 2.0883 4.5861 6.2865
50 2.0878 4.5834 6.2835
50 2.0864 4.5879 6.2878
50 2.0849 4.5856 6.2843
50 2.0834 4.5873 6.2886
50 2.0819 4.5853 6.2857
51 2.0815 4.5860 6.2884
51 2.0810 4.5890 6.2887
51 2.0795 4.5902 6.2891
51 2.0781 4.5908 6.2895
51 2.0776 4.5907 6.2889
51 2.0771 4.5892 6.2860
51 2.0757 4.5900 6.2859
51 2.0742 4.5880 6.2829
52 2.0728 4.5897 6.2828
52 2.0713 4.5872 6.2797
52 2.0709 4.5905 6.2839
52 2.0704 4.5883 6.2819
52 2.0690 4.5917 6.2824
52 2.0675 4.5901 6.2812
52 2.0660 4.5901 6.2812
52 2.0646 4.5876 6.2779
53 2.0642 4.5890 6.2797
53 2.0637 4.5895 6.2802
53 2.0623 4.5902 6.2819
53 2.0608 4.5887 6.2805
53 2.0594 4.5905 6.2816
53 2.0579 4.5885 6.2786
53 2.0565 4.5895 6.2786
53 2.0550 4.5870 6.2753
54 2.0536 4.5877 6.2749
54 2.0521 4.5856 6.2717
54 2.0506 4.5871 6.2713
54 2.0492 4.5856 6.2700
54 2.0488 4.5885 6.2727
54 2.0473 4.5877 6.2703
54 2.0487 4.5890 6.2722
55 2.0483 4.6004 6.2803
55 2.0469 4.6079 6.2884
55 2.0454 4.6064 6.2868
55 2.0440 4.6069 6.2879
55 2.0425 4.6045 6.2846
55 2.0411 4.6044 6.2839
55 2.0407 4.6023 6.2820
56 2.0393 4.6021 6.2805
56 2.0378 4.6012 6.2780
56 2.0392 4.5997 6.2759
56 2.0389 4.5982 6.2733
57 2.0385 4.5964 6.2718
57 2.0382 4.5940 6.2692
57 2.0378 4.5921 6.2676
57 2.0414 4.5938 6.2703
57 2.0449 4.5938 6.2731
57 2.0483 4.5929 6.2759
57 2.0517 4.5933 6.2765
57 2.0513 4.5919 6.2738
57 2.0509 4.5924 6.2739
57 2.0505 4.5949 6.2741
58 2.0501 4.6008 6.2820
58 2.0497 4.5990 6.2802
58 2.0492 4.5975 6.2774
58 2.0506 4.5972 6.2816
58 2.0519 4.5973 6.2834
58 2.0532 4.5977 6.2845
58 2.0527 4.5980 6.2843
58 2.0523 4.5961 6.2824
58 2.0518 4.5938 6.2798
59 2.0513 4.5919 6.2779
59 2.0509 4.5952 6.2820
59 2.0504 4.5975 6.2818
59 2.0536 4.5988 6.2837
59 2.0568 4.5998 6.2855
59 2.0563 4.6001 6.2850
59 2.0558 4.5986 6.2822
59 2.0553 4.5988 6.2814
60 2.0547 4.6008 6.2810
60 2.0542 4.5985 6.2783
60 2.0537 4.5967 6.2763
60 2.0549 4.5966 6.2840
60 2.0562 4.5978 6.2868
60 2.0574 4.5985 6.2895
60 2.0569 4.5970 6.2866
60 2.0563 4.5957 6.2873
60 2.0557 4.5939 6.2853
61 2.0552 4.5916 6.2826
61 2.0546 4.5953 6.2867
61 2.0540 4.5982 6.2894
61 2.0571 4.5983 6.2901
61 2.0601 4.5987 6.2904
61 2.0631 4.5992 6.2911
61 2.0625 4.5979 6.2914
61 2.0619 4.6049 6.2989
61 2.0613 4.6086 6.3030
62 2.0601 4.6102 6.3037
62 2.0595 4.6134 6.3064
62 2.0589 4.6239 6.3139
62 2.0582 4.6343 6.3214
62 2.0595 4.6341 6.3240
62 2.0623 4.6343 6.3239
62 2.0617 4.6399 6.3279
62 2.0611 4.6502 6.3353
62 2.0604 4.6571 6.3427
63 2.0616 4.6563 6.3439
63 2.0610 4.6631 6.3478
63 2.0603 4.6734 6.3552
63 2.0596 4.6765 6.3578
63 2.0608 4.6784 6.3604
63 2.0602 4.6830 6.3630
63 2.0595 4.6898 6.3668
63 2.0588 4.6938 6.3686
64 2.0600 4.6953 6.3712
64 2.0593 4.6980 6.3729
64 2.0586 4.6978 6.3725
64 2.0579 4.6974 6.3731
64 2.0572 4.6965 6.3730
64 2.0583 4.7066 6.3802
64 2.0576 4.7079 6.3819
64 2.0569 4.7102 6.3837
65 2.0562 4.7115 6.3909
65 2.0555 4.7119 6.3934
65 2.0547 4.7130 6.3972
65 2.0540 4.7151 6.3983
65 2.0568 4.7137 6.4054
65 2.0596 4.7115 6.4125
65 2.0623 4.7101 6.4196
65 2.0616 4.7100 6.4202
65 2.0608 4.7110 6.4213
66 2.0600 4.7110 6.4230
66 2.0593 4.7106 6.4232
66 2.0585 4.7097 6.4227
66 2.0577 4.7096 6.4229
66 2.0604 4.7082 6.4267
66 2.0630 4.7065 6.4337
66 2.0656 4.7066 6.4406
66 2.0681 4.7111 6.4476
66 2.0673 4.7124 6.4487
66 2.0665 4.7122 6.4479
67 2.0657 4.7117 6.4478
67 2.0649 4.7151 6.4494
67 2.0642 4.7160 6.4500
67 2.0634 4.7158 6.4499
67 2.0658 4.7181 6.4568
67 2.0682 4.7165 6.4637
67 2.0706 4.7148 6.4673
67 2.0698 4.7139 6.4666
67 2.0690 4.7136 6.4662
68 2.0682 4.7143 6.4663
68 2.0674 4.7141 6.4654
68 2.0665 4.7136 6.4650
68 2.0657 4.7127 6.4641
68 2.0669 4.7148 6.4665
68 2.0681 4.7128 6.4661
68 2.0692 4.7115 6.4663
68 2.0684 4.7112 6.4656
68 2.0675 4.7118 6.4655
69 2.0667 4.7118 6.4666
69 2.0678 4.7105 6.4648
69 2.0670 4.7100 6.4642
69 2.0662 4.7091 6.4631
69 2.0653 4.7087 6.4623
69 2.0664 4.7071 6.4622
69 2.0688 4.7098 6.4689
69 2.0679 4.7088 6.4677
69 2.0671 4.7151 6.4713
70 2.0662 4.7203 6.4780
70 2.0655 4.7214 6.4790
70 2.0647 4.7199 6.4766
70 2.0639 4.7182 6.4743
70 2.0631 4.7182 6.4750
70 2.0622 4.7191 6.4766
70 2.0614 4.7195 6.4782
70 2.0625 4.7219 6.4818
70 2.0636 4.7206 6.4800
70 2.0646 4.7187 6.4794
70 2.0638 4.7197 6.4818
70 2.0630 4.7200 6.4828
71 2.0621 4.7208 6.4839
71 2.0614 4.7232 6.4874
71 2.0606 4.7219 6.4864
71 2.0598 4.7238 6.4871
71 2.0589 4.7247 6.4887
71 2.0581 4.7264 6.4889
71 2.0592 4.7274 6.4900
71 2.0602 4.7258 6.4900
71 2.0594 4.7261 6.4906
71 2.0585 4.7269 6.4917
72 2.0577 4.7284 6.4916
72 2.0568 4.7283 6.4919
72 2.0560 4.7290 6.4926
72 2.0551 4.7291 6.4928
72 2.0574 4.7278 6.4952
72 2.0597 4.7260 6.4987
73 2.0590 4.7297 6.5022
73 2.0613 4.7314 6.5057
73 2.0744 4.7316 6.5121
73 2.0767 4.7331 6.5144
73 2.0760 4.7331 6.5147
73 2.0770 4.7330 6.5153
73 2.0780 4.7331 6.5169
73 2.0790 4.7345 6.5233
73 2.0781 4.7333 6.5209
74 2.0774 4.7318 6.5188
74 2.0766 4.7300 6.5165
74 2.0759 4.7285 6.5141
74 2.0781 4.7282 6.5144
74 2.0802 4.7281 6.5142
74 2.0823 4.7288 6.5158
74 2.0815 4.7275 6.5158
75 2.0808 4.7289 6.5192
75 2.0830 4.7289 6.5203
75 2.0929 4.7278 6.5266
75 2.1017 4.7277 6.5300
75 2.1009 4.7266 6.5289
75 2.1019 4.7272 6.5305
75 2.1028 4.7278 6.5328
75 2.1037 4.7284 6.5351
75 2.1028 4.7269 6.5334
76 2.1021 4.7252 6.5312
76 2.1043 4.7237 6.5322
76 2.1036 4.7225 6.5312
76 2.1056 4.7217 6.5328
76 2.1076 4.7222 6.5338
76 2.1096 4.7223 6.5341
76 2.1088 4.7242 6.5357
77 2.1081 4.7241 6.5357
77 2.1102 4.7230 6.5391
77 2.1181 4.7216 6.5453
77 2.1202 4.7204 6.5476
77 2.1195 4.7189 6.5454
77 2.1214 4.7187 6.5455
77 2.1233 4.7185 6.5450
77 2.1251 4.7186 6.5450
77 2.1243 4.7168 6.5428
78 2.1236 4.7155 6.5405
78 2.1227 4.7143 6.5403
78 2.1220 4.7153 6.5410
78 2.1239 4.7150 6.5432
78 2.1256 4.7147 6.5430
78 2.1274 4.7152 6.5441
78 2.1266 4.7140 6.5437
79 2.1259 4.7162 6.5498
79 2.1279 4.7148 6.5505
79 2.1272 4.7136 6.5493
79 2.1289 4.7129 6.5504
79 2.1306 4.7170 6.5565
79 2.1323 4.7175 6.5571
79 2.1343 4.7161 6.5578
80 2.1336 4.7144 6.5556
80 2.1328 4.7131 6.5541
80 2.1321 4.7119 6.5530
80 2.1337 4.7131 6.5545
80 2.1353 4.7132 6.5561
80 2.1369 4.7124 6.5568
80 2.1385 4.7123 6.5562
80 2.1377 4.7112 6.5540
80 2.1369 4.7144 6.5573
80 2.1361 4.7157 6.5569
81 2.1381 4.7156 6.5576
81 2.1373 4.7145 6.5553
81 2.1365 4.7131 6.5538
81 2.1357 4.7115 6.5516
81 2.1349 4.7101 6.5500
81 2.1364 4.7099 6.5493
81 2.1379 4.7100 6.5492
81 2.1394 4.7113 6.5514
81 2.1413 4.7101 6.5515
81 2.1405 4.7130 6.5538
81 2.1424 4.7142 6.5554
82 2.1416 4.7141 6.5548
82 2.1408 4.7129 6.5526
82 2.1400 4.7116 6.5509
82 2.1418 4.7100 6.5517
82 2.1410 4.7086 6.5500
82 2.1425 4.7084 6.5497
82 2.1439 4.7082 6.5488
82 2.1453 4.7089 6.5500
82 2.1445 4.7077 6.5494
82 2.1464 4.7088 6.5506
82 2.1482 4.7087 6.5510
83 2.1474 4.7075 6.5487
83 2.1491 4.7062 6.5491
83 2.1483 4.7046 6.5470
83 2.1500 4.7033 6.5474
83 2.1492 4.7021 6.5468
83 2.1502 4.7027 6.5479
83 2.1511 4.7032 6.5495
83 2.1519 4.7038 6.5511
83 2.1511 4.7056 6.5522
83 2.1503 4.7065 6.5518
83 2.1520 4.7064 6.5519
84 2.1512 4.7053 6.5496
84 2.1504 4.7039 6.5480
84 2.1521 4.7024 6.5484
84 2.1538 4.7011 6.5486
84 2.1529 4.6999 6.5478
84 2.1543 4.6993 6.5483
84 2.1557 4.6998 6.5490
84 2.1570 4.6999 6.5488
84 2.1562 4.7015 6.5495
84 2.1554 4.7014 6.5489
84 2.1546 4.7003 6.5466
85 2.1562 4.6989 6.5468
85 2.1554 4.6974 6.5448
85 2.1570 4.6961 6.5447
85 2.1562 4.6950 6.5438
85 2.1578 4.6965 6.5455
85 2.1591 4.6963 6.5450
85 2.1604 4.6961 6.5442
85 2.1617 4.6962 6.5438
85 2.1609 4.6983 6.5454
85 2.1624 4.6981 6.5454
85 2.1616 4.6970 6.5431
86 2.1631 4.6957 6.5431
86 2.1623 4.6942 6.5410
86 2.1615 4.6930 6.5395
86 2.1607 4.6918 6.5385
86 2.1622 4.6929 6.5442
86 2.1634 4.6928 6.5458
86 2.1647 4.6926 6.5453
86 2.1659 4.6930 6.5458
86 2.1651 4.6919 6.5447
86 2.1666 4.6908 6.5463
86 2.1657 4.6895 6.5447
87 2.1649 4.6881 6.5426
87 2.1641 4.6868 6.5411
87 2.1656 4.6857 6.5411
87 2.1670 4.6866 6.5443
87 2.1662 4.6905 6.5499
87 2.1674 4.6900 6.5502
87 2.1686 4.6935 6.5533
87 2.1697 4.6939 6.5536
87 2.1689 4.6958 6.5547
87 2.1681 4.6947 6.5525
88 2.1695 4.6935 6.5523
88 2.1687 4.6920 6.5502
88 2.1701 4.6908 6.5500
88 2.1693 4.6896 6.5489
88 2.1684 4.6905 6.5494
88 2.1676 4.6939 6.5525
88 2.1688 4.6952 6.5537
88 2.1699 4.6954 6.5549
88 2.1710 4.6948 6.5549
88 2.1721 4.6947 6.5540
88 2.1713 4.6965 6.5548
88 2.1727 4.6976 6.5604
89 2.1719 4.6990 6.5612
89 2.1732 4.6991 6.5628
89 2.1724 4.6990 6.5625
89 2.1716 4.6984 6.5617
89 2.1729 4.7029 6.5672
89 2.1721 4.7059 6.5703
89 2.1713 4.7058 6.5706
89 2.1723 4.7047 6.5722
89 2.1734 4.7032 6.5744
89 2.1745 4.7022 6.5775
89 2.1758 4.7020 6.5786
90 2.1750 4.7014 6.5777
90 2.1741 4.7013 6.5773
90 2.1733 4.7018 6.5773
90 2.1725 4.7016 6.5774
90 2.1738 4.7020 6.5828
90 2.1730 4.7021 6.5831
90 2.1721 4.7027 6.5839
90 2.1732 4.7016 6.5850
90 2.1742 4.7004 6.5872
90 2.1752 4.7003 6.5902
90 2.1765 4.7031 6.5957
91 2.1757 4.7041 6.5968
91 2.1769 4.7054 6.5984
91 2.1761 4.7055 6.5979
91 2.1753 4.7053 6.5974
91 2.1745 4.7047 6.5965
91 2.1736 4.7045 6.5959
91 2.1728 4.7050 6.5957
91 2.1738 4.7064 6.5988
91 2.1748 4.7052 6.6018
91 2.1758 4.7041 6.6033
91 2.1770 4.7041 6.6045
92 2.1762 4.7039 6.6039
92 2.1754 4.7033 6.6028
92 2.1766 4.7031 6.6058
92 2.1758 4.7035 6.6055
92 2.1770 4.7034 6.6085
92 2.1761 4.7037 6.6091
92 2.1753 4.7038 6.6091
92 2.1763 4.7051 6.6112
92 2.1772 4.7037 6.6128
92 2.1782 4.7028 6.6149
92 2.1793 4.7026 6.6157
93 2.1785 4.7019 6.6146
93 2.1797 4.7017 6.6167
93 2.1789 4.7021 6.6162
93 2.1781 4.7019 6.6161
93 2.1772 4.7022 6.6164
93 2.1764 4.7022 6.6163
93 2.1756 4.7028 6.6168
93 2.1765 4.7018 6.6176
93 2.1774 4.7007 6.6197
93 2.1783 4.6996 6.6208
93 2.1792 4.6995 6.6229
94 2.1784 4.7008 6.6230
94 2.1780 4.7035 6.6260
94 2.1790 4.7043 6.6268
94 2.1799 4.7032 6.6268
94 2.1809 4.7022 6.6271
94 2.1800 4.7020 6.6268
94 2.1792 4.7021 6.6263
94 2.1789 4.7037 6.6292
94 2.1786 4.7024 6.6276
95 2.1782 4.7022 6.6271
95 2.1779 4.7034 6.6276
95 2.1788 4.7053 6.6328
95 2.1797 4.7043 6.6333
95 2.1789 4.7037 6.6321
95 2.1785 4.7055 6.6322
95 2.1782 4.7070 6.6343
95 2.1779 4.7077 6.6348
95 2.1787 4.7066 6.6363
96 2.1779 4.7064 6.6359
96 2.1776 4.7064 6.6359
96 2.1768 4.7062 6.6352
96 2.1764 4.7056 6.6341
96 2.1773 4.7098 6.6393
96 2.1781 4.7112 6.6444
96 2.1790 4.7102 6.6447
96 2.1802 4.7092 6.6446
97 2.1794 4.7164 6.6497
97 2.1786 4.7237 6.6548
97 2.1798 4.7287 6.6599
97 2.1790 4.7311 6.6614
97 2.1801 4.7353 6.6643
97 2.1793 4.7362 6.6639
97 2.1802 4.7360 6.6630
97 2.1810 4.7360 6.6626
97 2.1818 4.7371 6.6641
97 2.1829 4.7407 6.6662
97 2.1821 4.7406 6.6657
98 2.1832 4.7438 6.6671
98 2.1824 4.7429 6.6652
98 2.1817 4.7458 6.6680
98 2.1809 4.7447 6.6667
98 2.1801 4.7473 6.6687
98 2.1812 4.7461 6.6690
98 2.1820 4.7458 6.6701
98 2.1828 4.7455 6.6691
98 2.1835 4.7461 6.6699
98 2.1828 4.7484 6.6714
98 2.1839 4.7474 6.6712
99 2.1849 4.7523 6.6762
99 2.1841 4.7545 6.6773
99 2.1852 4.7585 6.6801
99 2.1844 4.7594 6.6796
99 2.1837 4.7630 6.6824
99 2.1829 4.7628 6.6818
99 2.1836 4.7632 6.6823
99 2.1844 4.7635 6.6824
99 2.1851 4.7639 6.6829
99 2.1843 4.7671 6.6849
99 2.1854 4.7661 6.6860
100 2.1864 4.7690 6.6880
100 2.1856 4.7679 6.6866
100 2.1849 4.7705 6.6881
100 2.1841 4.7692 6.6863
100 2.1851 4.7716 6.6878
100 2.1843 4.7705 6.6865
100 2.1851 4.7705 6.6872
100 2.1858 4.7708 6.6875
100 2.1865 4.7708 6.6871
100 2.1857 4.7729 6.6882
100 2.1867 4.7719 6.6880
101 2.1877 4.7739 6.6907
101 2.1870 4.7747 6.6902
101 2.1862 4.7765 6.6909
101 2.1854 4.7764 6.6902
101 2.1847 4.7780 6.6908
101 2.1839 4.7771 6.6889
101 2.1846 4.7769 6.6884
101 2.1853 4.7766 6.6874
101 2.1860 4.7766 6.6869
101 2.1852 4.7781 6.6872
101 2.1862 4.7771 6.6870
102 2.1871 4.7785 6.6890
102 2.1864 4.7773 6.6872
102 2.1873 4.7787 6.6887
102 2.1883 4.7776 6.6884
102 2.1875 4.7788 6.6885
102 2.1867 4.7779 6.6876
102 2.1874 4.7789 6.6924
102 2.1881 4.7786 6.6932
102 2.1888 4.7789 6.6932
102 2.1880 4.7800 6.6931
103 2.1889 4.7790 6.6927
103 2.1882 4.7800 6.6925
103 2.1874 4.7868 6.6974
103 2.1872 4.7863 6.6963
103 2.1864 4.7930 6.7011
103 2.1873 4.7977 6.7059
103 2.1866 4.7987 6.7056
103 2.1858 4.8034 6.7084
103 2.1868 4.8049 6.7098
103 2.1860 4.8088 6.7125
104 2.1869 4.8096 6.7136
104 2.1862 4.8087 6.7117
104 2.1854 4.8077 6.7104
104 2.1852 4.8086 6.7115
104 2.1861 4.8077 6.7122
104 2.1853 4.8065 6.7105
104 2.1846 4.8055 6.7091
104 2.1838 4.8044 6.7078
104 2.1848 4.8111 6.7125
104 2.1840 4.8099 6.7107
105 2.1849 4.8090 6.7104
105 2.1841 4.8080 6.7085
105 2.1834 4.8068 6.7067
105 2.1843 4.8059 6.7072
105 2.1835 4.8049 6.7063
105 2.1827 4.8040 6.7044
105 2.1820 4.8027 6.7025
105 2.1829 4.8025 6.7031
105 2.1838 4.8024 6.7041
105 2.1847 4.8035 6.7069
105 2.1840 4.8025 6.7049
106 2.1849 4.8015 6.7045
106 2.1841 4.8081 6.7092
106 2.1833 4.8069 6.7073
106 2.1826 4.8115 6.7100
106 2.1818 4.8105 6.7090
106 2.1827 4.8143 6.7137
106 2.1819 4.8131 6.7118
106 2.1826 4.8165 6.7165
106 2.1833 4.8161 6.7155
106 2.1839 4.8161 6.7149
106 2.1832 4.8194 6.7169
107 2.1824 4.8205 6.7174
107 2.1817 4.8195 6.7160
107 2.1825 4.8185 6.7155
107 2.1818 4.8175 6.7141
107 2.1810 4.8185 6.7145
107 2.1802 4.8174 6.7130
107 2.1811 4.8164 6.7124
107 2.1818 4.8163 6.7119
107 2.1824 4.8165 6.7121
107 2.1831 4.8168 6.7120
107 2.1823 4.8157 6.7105
108 2.1832 4.8167 6.7116
108 2.1824 4.8232 6.7162
108 2.1816 4.8296 6.7208
108 2.1809 4.8341 6.7235
108 2.1801 4.8350 6.7237
108 2.1794 4.8388 6.7256
108 2.1786 4.8432 6.7282
108 2.1792 4.8427 6.7283
108 2.1799 4.8429 6.7283
108 2.1805 4.8493 6.7329
108 2.1797 4.8526 6.7343
109 2.1806 4.8552 6.7369
109 2.1798 4.8540 6.7351
109 2.1791 4.8530 6.7340
109 2.1783 4.8518 6.7321
109 2.1792 4.8542 6.7340
109 2.1800 4.8530 6.7342
109 2.1792 4.8520 6.7331
109 2.1798 4.8583 6.7376
109 2.1805 4.8612 6.7403
109 2.1811 4.8609 6.7393
109 2.1803 4.8597 6.7374
110 2.1811 4.8608 6.7388
110 2.1804 4.8598 6.7376
110 2.1796 4.8604 6.7379
110 2.1805 4.8602 6.7394
110 2.1815 4.8597 6.7402
110 2.1824 4.8618 6.7428
110 2.1816 4.8608 6.7415
110 2.1824 4.8619 6.7426
110 2.1817 4.8606 6.7406
110 2.1825 4.8596 6.7402
110 2.1824 4.8597 6.7401
110 2.1823 4.8591 6.7392
110 2.1822 4.8588 6.7400
110 2.1814 4.8575 6.7380
111 2.1822 4.8591 6.7394
111 2.1815 4.8581 6.7382
111 2.1807 4.8571 6.7370
111 2.1816 4.8589 6.7415
111 2.1825 4.8587 6.7426
111 2.1818 4.8577 6.7413
111 2.1826 4.8587 6.7421
111 2.1818 4.8576 6.7407
111 2.1826 4.8582 6.7426
111 2.1825 4.8596 6.7426
111 2.1824 4.8590 6.7417
111 2.1817 4.8580 6.7402
112 2.1824 4.8568 6.7403
112 2.1817 4.8558 6.7392
112 2.1824 4.8566 6.7400
112 2.1833 4.8574 6.7414
112 2.1842 4.8571 6.7418
112 2.1835 4.8585 6.7429
112 2.1827 4.8595 6.7434
112 2.1835 4.8599 6.7479
112 2.1842 4.8599 6.7523
112 2.1835 4.8601 6.7525
113 2.1842 4.8592 6.7529
113 2.1835 4.8612 6.7540
113 2.1828 4.8620 6.7537
113 2.1820 4.8638 6.7545
113 2.1813 4.8630 6.7527
113 2.1820 4.8646 6.7538
113 2.1813 4.8654 6.7534
113 2.1819 4.8650 6.7525
113 2.1825 4.8649 6.7519
113 2.1831 4.8659 6.7530
113 2.1824 4.8674 6.7535
114 2.1831 4.8702 6.7561
114 2.1824 4.8717 6.7565
114 2.1817 4.8724 6.7560
114 2.1824 4.8737 6.7568
114 2.1817 4.8762 6.7582
114 2.1824 4.8775 6.7588
114 2.1816 4.8781 6.7582
114 2.1822 4.8806 6.7601
114 2.1828 4.8802 6.7591
114 2.1834 4.8801 6.7585
114 2.1827 4.8813 6.7587
115 2.1834 4.8803 6.7585
115 2.1827 4.8821 6.7593
115 2.1819 4.8828 6.7589
115 2.1826 4.8845 6.7599
115 2.1819 4.8835 6.7586
115 2.1826 4.8851 6.7594
115 2.1819 4.8858 6.7588
115 2.1825 4.8856 6.7584
115 2.1830 4.8858 6.7583
115 2.1836 4.8860 6.7582
115 2.1829 4.8875 6.7588
116 2.1836 4.8902 6.7631
116 2.1842 4.8962 6.7674
116 2.1835 4.8968 6.7668
116 2.1842 4.9010 6.7693
116 2.1834 4.9035 6.7704
116 2.1827 4.9070 6.7747
116 2.1820 4.9075 6.7740
116 2.1826 4.9070 6.7739
116 2.1831 4.9072 6.7738
116 2.1837 4.9131 6.7781
116 2.1830 4.9161 6.7806
117 2.1836 4.9150 6.7805
117 2.1829 4.9155 6.7799
117 2.1822 4.9190 6.7817
117 2.1815 4.9195 6.7810
117 2.1808 4.9183 6.7792
117 2.1814 4.9188 6.7800
117 2.1807 4.9218 6.7814
118 2.1813 4.9259 6.7839
118 2.1818 4.9281 6.7852
118 2.1823 4.9280 6.7846
118 2.1816 4.9284 6.7838
118 2.1823 4.9274 6.7833
118 2.1816 4.9304 6.7851
118 2.1809 4.9296 6.7834
118 2.1817 4.9293 6.7842
118 2.1826 4.9295 6.7853
118 2.1819 4.9321 6.7867
118 2.1812 4.9312 6.7856
118 2.1818 4.9316 6.7861
118 2.1811 4.9307 6.7845
119 2.1820 4.9307 6.7869
119 2.1829 4.9304 6.7872
119 2.1821 4.9307 6.7864
119 2.1828 4.9297 6.7858
119 2.1834 4.9299 6.7862
119 2.1827 4.9299 6.7857
119 2.1836 4.9297 6.7863
119 2.1844 4.9295 6.7873
119 2.1852 4.9296 6.7881
119 2.1845 4.9298 6.7873
119 2.1851 4.9289 6.7867
119 2.1844 4.9313 6.7877
119 2.1837 4.9304 6.7864
120 2.1846 4.9298 6.7870
120 2.1854 4.9299 6.7876
120 2.1847 4.9321 6.7884
120 2.1853 4.9323 6.7886
120 2.1846 4.9315 6.7870
120 2.1839 4.9306 6.7856
120 2.1845 4.9297 6.7859
120 2.1838 4.9286 6.7841
120 2.1844 4.9277 6.7839
120 2.1837 4.9267 6.7826
121 2.1842 4.9275 6.7834
121 2.1848 4.9275 6.7840
121 2.1853 4.9270 6.7839
121 2.1858 4.9266 6.7830
121 2.1851 4.9255 6.7812
121 2.1857 4.9262 6.7837
121 2.1850 4.9262 6.7834
121 2.1843 4.9257 6.7826
121 2.1836 4.9253 6.7824
121 2.1829 4.9260 6.7833
121 2.1835 4.9259 6.7841
121 2.1828 4.9254 6.7833
122 2.1821 4.9250 6.7830
122 2.1827 4.9241 6.7833
122 2.1832 4.9230 6.7843
122 2.1837 4.9222 6.7857
122 2.1843 4.9220 6.7863
122 2.1836 4.9219 6.7860
122 2.1829 4.9215 6.7857
122 2.1822 4.9219 6.7861
122 2.1815 4.9216 6.7857
122 2.1808 4.9215 6.7854
122 2.1814 4.9211 6.7872
123 2.1807 4.9215 6.7874
123 2.1812 4.9206 6.7876
123 2.1817 4.9197 6.7884
123 2.1822 4.9197 6.7898
123 2.1828 4.9217 6.7922
123 2.1821 4.9226 6.7928
123 2.1827 4.9224 6.7932
123 2.1820 4.9226 6.7931
123 2.1826 4.9244 6.7948
123 2.1819 4.9253 6.7953
123 2.1812 4.9250 6.7948
124 2.1805 4.9251 6.7946
124 2.1810 4.9259 6.7959
124 2.1815 4.9249 6.7970
124 2.1820 4.9241 6.7976
124 2.1813 4.9240 6.7972
124 2.1819 4.9235 6.8013
124 2.1812 4.9236 6.8009
124 2.1818 4.9236 6.8033
124 2.1811 4.9235 6.8029
124 2.1804 4.9230 6.8021
124 2.1797 4.9231 6.8016
125 2.1790 4.9230 6.8017
125 2.1795 4.9237 6.8027
125 2.1800 4.9226 6.8035
125 2.1805 4.9218 6.8046
125 2.1810 4.9216 6.8049
125 2.1803 4.9214 6.8045
125 2.1797 4.9210 6.8040
125 2.1802 4.9214 6.8064
125 2.1795 4.9211 6.8059
125 2.1788 4.9209 6.8054
125 2.1794 4.9205 6.8068
126 2.1787 4.9208 6.8069
126 2.1792 4.9221 6.8093
126 2.1796 4.9213 6.8094
126 2.1801 4.9204 6.8102
126 2.1806 4.9195 6.8106
126 2.1799 4.9190 6.8098
126 2.1800 4.9209 6.8115
126 2.1808 4.9217 6.8132
126 2.1816 4.9223 6.8139
126 2.1824 4.9214 6.8140
126 2.1832 4.9205 6.8143
126 2.1826 4.9201 6.8138
127 2.1826 4.9201 6.8138
127 2.1834 4.9209 6.8151
127 2.1842 4.9201 6.8146
127 2.1850 4.9191 6.8146
127 2.1843 4.9188 6.8141
127 2.1844 4.9196 6.8145
127 2.1852 4.9208 6.8169
127 2.1859 4.9200 6.8163
127 2.1853 4.9194 6.8154
128 2.1853 4.9206 6.8154
128 2.1861 4.9214 6.8165
128 2.1868 4.9219 6.8169
128 2.1873 4.9211 6.8176
128 2.1878 4.9217 6.8193
128 2.1872 4.9213 6.8188
128 2.1877 4.9230 6.8227
128 2.1871 4.9225 6.8221
128 2.1864 4.9220 6.8212
128 2.1857 4.9215 6.8205
128 2.1851 4.9215 6.8201
129 2.1844 4.9209 6.8191
129 2.1852 4.9216 6.8199
129 2.1859 4.9208 6.8193
129 2.1866 4.9198 6.8192
129 2.1872 4.9205 6.8198
129 2.1865 4.9197 6.8189
129 2.1858 4.9187 6.8173
129 2.1864 4.9180 6.8175
129 2.1857 4.9186 6.8179
129 2.1862 4.9177 6.8176
129 2.1856 4.9167 6.8160
130 2.1860 4.9174 6.8166
130 2.1865 4.9168 6.8165
130 2.1869 4.9164 6.8157
130 2.1875 4.9156 6.8158
130 2.1868 4.9168 6.8166
130 2.1862 4.9159 6.8156
130 2.1867 4.9149 6.8156
130 2.1860 4.9150 6.8151
130 2.1854 4.9160 6.8158
130 2.1859 4.9152 6.8154
130 2.1852 4.9142 6.8138
131 2.1857 4.9139 6.8144
131 2.1861 4.9138 6.8141
131 2.1866 4.9133 6.8132
131 2.1859 4.9133 6.8127
131 2.1864 4.9140 6.8133
131 2.1869 4.9132 6.8128
131 2.1863 4.9124 6.8116
131 2.1856 4.9124 6.8111
131 2.1850 4.9130 6.8113
131 2.1843 4.9121 6.8102
131 2.1848 4.9113 6.8100
132 2.1853 4.9130 6.8139
132 2.1857 4.9128 6.8143
132 2.1861 4.9129 6.8142
132 2.1855 4.9129 6.8136
132 2.1860 4.9134 6.8141
132 2.1853 4.9140 6.8142
132 2.1847 4.9130 6.8126
132 2.1852 4.9123 6.8126
132 2.1845 4.9129 6.8129
132 2.1850 4.9134 6.8134
133 2.1844 4.9124 6.8118
133 2.1848 4.9124 6.8123
133 2.1852 4.9119 6.8121
133 2.1856 4.9120 6.8119
133 2.1861 4.9113 6.8119
133 2.1855 4.9105 6.8109
133 2.1848 4.9095 6.8093
133 2.1842 4.9095 6.8086
133 2.1836 4.9098 6.8080
133 2.1840 4.9090 6.8076
133 2.1834 4.9080 6.8059
134 2.1839 4.9079 6.8062
134 2.1843 4.9078 6.8058
134 2.1847 4.9073 6.8049
134 2.1841 4.9076 6.8042
134 2.1834 4.9068 6.8031
134 2.1839 4.9060 6.8029
134 2.1833 4.9059 6.8022
134 2.1826 4.9062 6.8015
134 2.1831 4.9054 6.8009
134 2.1825 4.9046 6.7998
135 2.1818 4.9045 6.7991
135 2.1822 4.9042 6.7994
135 2.1826 4.9041 6.7990
135 2.1830 4.9043 6.7990
135 2.1824 4.9045 6.7982
135 2.1829 4.9037 6.7976
135 2.1822 4.9029 6.7964
135 2.1816 4.9023 6.7951
135 2.1821 4.9042 6.7973
135 2.1814 4.9034 6.7962
135 2.1819 4.9026 6.7960
136 2.1812 4.9019 6.7946
136 2.1816 4.9014 6.7944
136 2.1820 4.9030 6.7961
136 2.1824 4.9032 6.7960
136 2.1818 4.9050 6.7966
136 2.1823 4.9042 6.7962
136 2.1816 4.9032 6.7946
136 2.1821 4.9026 6.7945
136 2.1815 4.9027 6.7937
136 2.1808 4.9020 6.7928
136 2.1802 4.9010 6.7912
137 2.1796 4.9003 6.7898
137 2.1800 4.9009 6.7903
137 2.1803 4.9009 6.7907
137 2.1807 4.9004 6.7904
137 2.1811 4.9000 6.7896
137 2.1805 4.9002 6.7887
137 2.1798 4.9002 6.7883
137 2.1792 4.9007 6.7886
137 2.1797 4.9002 6.7909
137 2.1801 4.8994 6.7904
137 2.1795 4.8990 6.7899
137 2.1789 4.8981 6.7883
137 2.1782 4.8981 6.7883
137 2.1776 4.8974 6.7870
137 2.1770 4.8974 6.7865
137 2.1763 4.8979 6.7867
137 2.1757 4.8974 6.7859
137 2.1751 4.8966 6.7849
138 2.1745 4.8962 6.7843
138 2.1738 4.8952 6.7828
138 2.1732 4.8952 6.7827
138 2.1726 4.8946 6.7814
138 2.1719 4.8943 6.7809
138 2.1713 4.8954 6.7815
138 2.1718 4.8953 6.7828
138 2.1722 4.8945 6.7823
138 2.1716 4.8941 6.7817
138 2.1710 4.8931 6.7801
138 2.1703 4.8935 6.7803
138 2.1697 4.8935 6.7796
138 2.1691 4.8932 6.7791
138 2.1684 4.8942 6.7795
138 2.1678 4.8941 6.7792
138 2.1672 4.8933 6.7782
139 2.1666 4.8929 6.7776
139 2.1659 4.8919 6.7760
139 2.1664 4.8923 6.7777
139 2.1668 4.8922 6.7779
139 2.1673 4.8930 6.7790
139 2.1677 4.8936 6.7794
139 2.1671 4.8933 6.7788
139 2.1665 4.8926 6.7778
139 2.1669 4.8925 6.7789
139 2.1673 4.8917 6.7786
139 2.1667 4.8919 6.7783
139 2.1661 4.8918 6.7776
139 2.1655 4.8926 6.7781
139 2.1648 4.8931 6.7782
139 2.1642 4.8928 6.7776
139 2.1636 4.8921 6.7766
140 2.1640 4.8919 6.7774
140 2.1644 4.8912 6.7771
140 2.1649 4.8914 6.7788
140 2.1653 4.8913 6.7789
140 2.1646 4.8912 6.7784
140 2.1640 4.8917 6.7785
140 2.1634 4.8913 6.7777
140 2.1628 4.8917 6.7778
140 2.1632 4.8919 6.7791
140 2.1636 4.8910 6.7791
140 2.1630 4.8910 6.7791
140 2.1624 4.8903 6.7777
140 2.1628 4.8903 6.7784
140 2.1632 4.8907 6.7788
140 2.1625 4.8903 6.7780
140 2.1619 4.8907 6.7780
141 2.1623 4.8908 6.7790
141 2.1627 4.8899 6.7790
141 2.1621 4.8899 6.7789
141 2.1615 4.8893 6.7775
141 2.1619 4.8891 6.7782
141 2.1623 4.8884 6.7777
141 2.1616 4.8880 6.7771
141 2.1610 4.8871 6.7755
141 2.1604 4.8871 6.7754
141 2.1598 4.8870 6.7747
141 2.1602 4.8900 6.7783
141 2.1606 4.8902 6.7786
141 2.1599 4.8900 6.7782
141 2.1593 4.8893 6.7773
141 2.1597 4.8889 6.7784
141 2.1601 4.8880 6.7783
142 2.1595 4.8880 6.7780
142 2.1589 4.8879 6.7773
142 2.1592 4.8905 6.7795
142 2.1596 4.8907 6.7797
142 2.1590 4.8904 6.7792
142 2.1584 4.8897 6.7782
142 2.1578 4.8896 6.7778
142 2.1571 4.8889 6.7767
142 2.1565 4.8885 6.7761
142 2.1559 4.8884 6.7753
142 2.1553 4.8887 6.7754
142 2.1547 4.8889 6.7747
142 2.1541 4.8886 6.7741
142 2.1534 4.8879 6.7731
142 2.1528 4.8877 6.7726
142 2.1522 4.8871 6.7716
143 2.1516 4.8867 6.7709
143 2.1510 4.8865 6.7701
143 2.1504 4.8869 6.7702
143 2.1498 4.8870 6.7694
143 2.1491 4.8866 6.7686
143 2.1485 4.8859 6.7677
143 2.1479 4.8854 6.7670
143 2.1473 4.8846 6.7655
143 2.1467 4.8845 6.7652
143 2.1461 4.8839 6.7639
143 2.1454 4.8848 6.7643
143 2.1448 4.8849 6.7635
143 2.1442 4.8842 6.7624
144 2.1444 4.8838 6.7620
144 2.1438 4.8831 6.7609
144 2.1432 4.8825 6.7596
144 2.1434 4.8837 6.7598
144 2.1428 4.8853 6.7604
145 2.1433 4.8859 6.7608
145 2.1437 4.8859 6.7612
145 2.1442 4.8855 6.7610
145 2.1446 4.8850 6.7603
145 2.1450 4.8843 6.7604
145 2.1454 4.8835 6.7611
145 2.1459 4.8829 6.7620
145 2.1463 4.8830 6.7642
