3 0.0000 0.0000 0.0000
3 0.0000 1.0000 1.0000
3 0.0000 1.5850 1.5850
4 0.8113 2.0000 2.0000
4 0.7219 2.3219 2.3219
4 0.9183 2.5850 2.5850
4 1.3788 2.8074 2.8074
4 1.5000 3.0000 3.0000
4 1.4355 3.1699 3.1699
4 1.7610 3.3219 3.3219
4 1.8586 3.4594 3.4594
4 1.8879 3.5850 3.5850
4 1.8843 3.7004 3.7004
4 1.9242 3.8074 3.8074
4 1.8892 3.7736 3.7736
5 1.9056 3.8750 3.8750
5 2.1163 3.9698 3.9698
5 2.0782 3.9477 3.9477
5 2.0374 4.0374 4.0374
6 2.0414 4.0219 4.1219
6 2.0485 4.1066 4.2018
6 2.0449 4.1867 4.2776
6 2.0339 4.2627 4.3496
6 2.0179 4.3350 4.4183
6 1.9983 4.4039 4.4839
6 1.9824 4.3637 4.4406
6 1.9638 4.3286 4.4027
7 1.9433 4.2804 4.3518
7 1.9977 4.2802 4.4182
7 2.0338 4.3484 4.4817
7 2.0480 4.4137 4.5427
7 2.0294 4.3636 4.4886
7 2.0383 4.3667 4.5485
7 2.0319 4.4297 4.6062
7 2.0229 4.4903 4.6617
7 2.0119 4.5487 4.7154
7 1.9993 4.5510 4.7131
7 2.0078 4.5343 4.7120
8 1.9979 4.5068 4.6800
8 1.9867 4.4653 4.6342
8 1.9744 4.5218 4.6866
8 1.9819 4.5289 4.6897
8 1.9696 4.4866 4.6437
9 1.9567 4.4423 4.5958
9 1.9514 4.4973 4.6474
9 1.9449 4.5072 4.6540
9 1.9372 4.5598 4.7035
9 1.9286 4.5692 4.7100
9 1.9193 4.5635 4.7013
9 1.9502 4.6137 4.7488
9 1.9419 4.5917 4.7241
10 2.0417 4.5780 4.7704
10 2.0315 4.5412 4.7299
10 2.0899 4.5531 4.7754
10 2.0789 4.5514 4.8197
11 2.0701 4.5636 4.8628
11 2.0607 4.5759 4.8698
11 2.0508 4.5752 4.8640
11 2.0405 4.5877 4.8716
11 2.0299 4.5794 4.8587
11 2.0404 4.6250 4.8997
11 2.0331 4.6066 4.8769
11 2.0252 4.5767 4.8426
12 2.0488 4.6213 4.8831
12 2.0406 4.6648 4.9226
12 2.0321 4.6771 4.9310
12 2.0242 4.7192 4.9693
12 2.0159 4.7310 4.9774
12 2.0074 4.7427 4.9856
12 1.9986 4.7544 4.9938
12 1.9895 4.7661 5.0021
12 2.0004 4.7554 4.9999
12 1.9944 4.7379 4.9791
12 1.9881 4.7118 4.9498
13 2.0371 4.7144 4.9860
13 2.0568 4.7535 5.0214
13 2.0737 4.7658 5.0562
13 2.0880 4.7620 5.0903
13 2.1001 4.7648 5.1238
13 2.1104 4.7772 5.1567
13 2.1041 4.7529 5.1277
13 2.1399 4.7899 5.1602
14 2.1332 4.7650 5.1309
14 2.1418 4.8015 5.1629
14 2.1491 4.8048 5.1945
14 2.1551 4.8026 5.2022
14 2.1599 4.8063 5.2100
14 2.1538 4.7920 5.1911
14 2.1474 4.7686 5.1632
14 2.1755 4.7815 5.1939
14 2.1689 4.7580 5.1659
14 2.1731 4.7535 5.1962
14 2.1765 4.7494 5.2046
14 2.1791 4.7838 5.2342
14 2.1809 4.7836 5.2423
15 2.1764 4.7965 5.2713
15 2.1706 4.7742 5.2441
15 2.1937 4.7795 5.2728
15 2.1877 4.7573 5.2456
15 2.2077 4.7905 5.2739
15 2.2092 4.8232 5.3018
15 2.2102 4.8172 5.3023
15 2.2106 4.8225 5.3297
15 2.2105 4.8169 5.3374
15 2.2051 4.8055 5.3211
16 2.2047 4.8112 5.3290
16 2.1993 4.7906 5.3036
16 2.2293 4.8220 5.3303
16 2.2236 4.8012 5.3048
17 2.2178 4.8323 5.3313
17 2.2119 4.8113 5.3058
17 2.2093 4.8241 5.3142
17 2.2064 4.8368 5.3225
17 2.2033 4.8352 5.3242
17 2.1999 4.8412 5.3260
17 2.1963 4.8472 5.3278
17 2.1912 4.8367 5.3132
17 2.1860 4.8493 5.3217
17 2.1959 4.8786 5.3470
18 2.2047 4.9074 5.3720
18 2.1995 4.9359 5.3967
18 2.1942 4.9415 5.3984
18 2.1888 4.9223 5.3755
18 2.1832 4.9280 5.3776
18 2.1777 4.9299 5.3858
18 2.1859 4.9416 5.4098
18 2.1834 4.9533 5.4336
18 2.1808 4.9552 5.4317
18 2.1780 4.9823 5.4551
18 2.1750 4.9841 5.4532
18 2.1718 4.9896 5.4552
19 2.1670 4.9795 5.4415
19 2.1620 4.9618 5.4204
20 2.1590 4.9612 5.4434
20 2.1558 4.9635 5.4513
20 2.1525 4.9695 5.4536
20 2.1491 4.9653 5.4524
20 2.1456 4.9677 5.4549
20 2.1419 4.9637 5.4512
20 2.1377 4.9540 5.4380
21 2.1334 4.9376 5.4182
21 2.1291 4.9439 5.4405
21 2.1516 4.9422 5.4486
22 2.1472 4.9537 5.4705
22 2.1438 4.9600 5.4733
22 2.1404 4.9662 5.4760
22 2.1369 4.9647 5.4754
22 2.1333 4.9652 5.4725
22 2.1296 4.9657 5.4696
22 2.1257 4.9565 5.4570
22 2.1217 4.9414 5.4386
22 2.1176 4.9447 5.4386
23 2.1135 4.9296 5.4203
23 2.1169 4.9363 5.4417
23 2.1128 4.9429 5.4499
23 2.1086 4.9279 5.4317
23 2.1056 4.9315 5.4527
23 2.1025 4.9429 5.4735
23 2.0993 4.9423 5.4696
23 2.0960 4.9390 5.4676
23 2.0927 4.9371 5.4657
23 2.1012 4.9408 5.4861
23 2.0975 4.9325 5.4745
23 2.0938 4.9184 5.4571
24 2.0974 4.9223 5.4774
24 2.0936 4.9082 5.4600
24 2.0970 4.9101 5.4801
25 2.1124 4.9087 5.5001
25 2.1087 4.8949 5.4827
25 2.1057 4.9019 5.4907
25 2.1027 4.9008 5.4862
25 2.0997 4.8975 5.4832
25 2.0965 4.8954 5.4802
25 2.1045 4.8996 5.4883
25 2.1011 4.9110 5.4963
25 2.0976 4.9337 5.5156
25 2.1051 4.9448 5.5235
25 2.1016 4.9468 5.5222
26 2.0981 4.9337 5.5059
26 2.1014 4.9406 5.5249
26 2.0979 4.9475 5.5286
26 2.1049 4.9480 5.5363
26 2.1023 4.9699 5.5550
26 2.0995 4.9740 5.5627
26 2.0968 4.9848 5.5811
26 2.0939 4.9868 5.5845
26 2.0907 5.0082 5.6027
27 2.0874 5.0188 5.6101
27 2.0841 5.0253 5.6135
27 2.0807 5.0127 5.5978
27 2.0842 5.0166 5.6052
28 2.1015 5.0187 5.6231
28 2.0981 5.0227 5.6239
28 2.0956 5.0233 5.6248
28 2.0930 5.0254 5.6282
28 2.0904 5.0294 5.6291
28 2.0877 5.0278 5.6267
28 2.0846 5.0381 5.6340
28 2.0814 5.0318 5.6247
28 2.0782 5.0325 5.6225
28 2.0757 5.0347 5.6397
29 2.0725 5.0231 5.6251
29 2.0857 5.0218 5.6323
29 2.0892 5.0241 5.6396
29 2.0959 5.0306 5.6468
29 2.1022 5.0330 5.6540
29 2.0991 5.0328 5.6611
29 2.0967 5.0369 5.6623
29 2.0942 5.0342 5.6591
29 2.0917 5.0366 5.6603
29 2.0892 5.0347 5.6573
30 2.0952 5.0358 5.6608
30 2.0923 5.0299 5.6520
30 2.0894 5.0190 5.6383
31 2.0927 5.0216 5.6455
31 2.0898 5.0317 5.6526
31 2.0874 5.0417 5.6598
31 2.0850 5.0429 5.6595
31 2.0826 5.0421 5.6559
31 2.0801 5.0447 5.6557
31 2.0776 5.0431 5.6531
31 2.0834 5.0444 5.6568
31 2.0807 5.0386 5.6483
31 2.0780 5.0389 5.6458
32 2.0753 5.0287 5.6329
32 2.0787 5.0386 5.6401
32 2.0819 5.0373 5.6473
32 2.0963 5.0438 5.6632
32 2.0936 5.0502 5.6790
33 2.0913 5.0507 5.6790
33 2.0889 5.0494 5.6750
33 2.0866 5.0537 5.6766
33 2.0842 5.0518 5.6735
33 2.0897 5.0500 5.6752
33 2.0872 5.0444 5.6670
33 2.0846 5.0509 5.6740
33 2.0898 5.0515 5.6757
34 2.0873 5.0419 5.6636
34 2.0846 5.0463 5.6654
34 2.0878 5.0507 5.6692
34 2.0856 5.0524 5.6762
34 2.0834 5.0522 5.6753
34 2.0811 5.0539 5.6772
34 2.0789 5.0518 5.6745
34 2.0766 5.0497 5.6711
34 2.0742 5.0444 5.6632
34 2.0718 5.0443 5.6607
35 2.0693 5.0353 5.6492
35 2.0821 5.0334 5.6532
36 2.0940 5.0353 5.6602
36 2.0971 5.0372 5.6641
36 2.1021 5.0546 5.6790
36 2.0999 5.0576 5.6796
36 2.0977 5.0552 5.6765
36 2.0954 5.0562 5.6759
36 2.0931 5.0539 5.6723
36 2.1041 5.0541 5.6870
36 2.1018 5.0489 5.6794
36 2.1066 5.0582 5.6862
36 2.1043 5.0612 5.6869
37 2.1089 5.0705 5.7014
37 2.1065 5.0620 5.6904
37 2.1095 5.0664 5.7049
37 2.1072 5.0831 5.7192
37 2.1173 5.0862 5.7334
37 2.1150 5.0857 5.7305
37 2.1129 5.0876 5.7300
37 2.1108 5.0866 5.7279
37 2.1086 5.0856 5.7245
37 2.1065 5.0876 5.7241
37 2.1171 5.0856 5.7280
38 2.1149 5.0806 5.7206
38 2.1126 5.0827 5.7203
38 2.1226 5.0831 5.7269
38 2.1255 5.0817 5.7308
38 2.1282 5.0829 5.7346
38 2.1308 5.0918 5.7412
38 2.1333 5.0962 5.7477
38 2.1356 5.1006 5.7543
38 2.1334 5.0927 5.7441
39 2.1427 5.1015 5.7506
39 2.1404 5.0966 5.7433
39 2.1382 5.0888 5.7332
39 2.1404 5.0887 5.7371
39 2.1425 5.0892 5.7392
39 2.1445 5.0924 5.7527
39 2.1464 5.0908 5.7548
39 2.1442 5.0859 5.7476
39 2.1420 5.0872 5.7467
39 2.1507 5.0886 5.7531
40 2.1525 5.0880 5.7553
40 2.1542 5.0862 5.7574
40 2.1558 5.0876 5.7707
40 2.1573 5.0857 5.7745
40 2.1555 5.0890 5.7808
40 2.1534 5.0897 5.7792
40 2.1513 5.0823 5.7695
40 2.1602 5.0838 5.7733
40 2.1683 5.0853 5.7797
40 2.1760 5.0939 5.7860
40 2.1774 5.1024 5.7922
40 2.1788 5.1004 5.7931
40 2.1800 5.1012 5.7994
40 2.1811 5.0992 5.8015
41 2.1791 5.0946 5.7946
41 2.1769 5.0948 5.7926
41 2.1748 5.0945 5.7900
41 2.1821 5.0968 5.8027
41 2.1799 5.0898 5.7934
42 2.1778 5.0959 5.8061
42 2.1789 5.0982 5.8122
42 2.1768 5.1066 5.8184
42 2.1746 5.1064 5.8159
42 2.1789 5.1212 5.8284
42 2.1774 5.1205 5.8254
42 2.1759 5.1228 5.8264
42 2.1744 5.1231 5.8257
42 2.1729 5.1254 5.8258
42 2.1708 5.1209 5.8191
42 2.1688 5.1203 5.8164
42 2.1729 5.1285 5.8224
43 2.1768 5.1367 5.8285
43 2.1748 5.1399 5.8295
43 2.1727 5.1403 5.8332
43 2.1706 5.1393 5.8301
43 2.1685 5.1326 5.8213
43 2.1663 5.1321 5.8187
43 2.1702 5.1364 5.8247
44 2.1681 5.1320 5.8182
44 2.1667 5.1364 5.8243
44 2.1654 5.1380 5.8238
44 2.1640 5.1460 5.8298
44 2.1626 5.1452 5.8269
44 2.1612 5.1468 5.8272
44 2.1591 5.1423 5.8207
45 2.1571 5.1359 5.8122
45 2.1551 5.1294 5.8037
45 2.1537 5.1305 5.8075
45 2.1523 5.1322 5.8072
45 2.1509 5.1305 5.8053
45 2.1495 5.1306 5.8045
45 2.1480 5.1289 5.8022
45 2.1461 5.1245 5.7959
45 2.1441 5.1235 5.7929
46 2.1427 5.1237 5.7989
46 2.1408 5.1262 5.7994
46 2.1388 5.1249 5.7962
46 2.1369 5.1187 5.7881
46 2.1349 5.1181 5.7856
46 2.1329 5.1239 5.7895
47 2.1309 5.1257 5.7955
47 2.1389 5.1248 5.7979
47 2.1376 5.1266 5.8004
47 2.1363 5.1278 5.8003
47 2.1349 5.1270 5.7991
47 2.1335 5.1261 5.7964
47 2.1321 5.1274 5.7957
47 2.1397 5.1299 5.8073
47 2.1378 5.1258 5.8013
47 2.1359 5.1198 5.7934
47 2.1340 5.1191 5.7908
48 2.1406 5.1204 5.7968
48 2.1387 5.1144 5.7890
48 2.1451 5.1164 5.8004
48 2.1432 5.1123 5.7944
48 2.1412 5.1063 5.7866
48 2.1625 5.1072 5.7980
48 2.1612 5.1106 5.8018
48 2.1598 5.1097 5.7990
48 2.1585 5.1083 5.7973
48 2.1571 5.1074 5.7959
49 2.1552 5.1033 5.7900
49 2.1532 5.1022 5.7870
49 2.1513 5.0981 5.7811
49 2.1494 5.0924 5.7735
49 2.1511 5.0916 5.7774
50 2.1581 5.0993 5.7886
50 2.1561 5.1037 5.7945
50 2.1629 5.1094 5.8003
50 2.1609 5.1052 5.7944
50 2.1596 5.1067 5.7983
50 2.1583 5.1143 5.8041
50 2.1570 5.1153 5.8057
50 2.1557 5.1209 5.8114
50 2.1544 5.1211 5.8116
50 2.1581 5.1245 5.8154
50 2.1563 5.1301 5.8192
50 2.1544 5.1293 5.8167
51 2.1525 5.1313 5.8169
51 2.1507 5.1301 5.8139
51 2.1488 5.1344 5.8165
52 2.1475 5.1354 5.8190
52 2.1462 5.1364 5.8183
52 2.1449 5.1379 5.8180
52 2.1436 5.1367 5.8162
52 2.1423 5.1353 5.8144
52 2.1410 5.1344 5.8251
52 2.1392 5.1377 5.8267
52 2.1374 5.1501 5.8374
52 2.1356 5.1516 5.8411
52 2.1338 5.1502 5.8380
52 2.1320 5.1491 5.8486
53 2.1302 5.1613 5.8592
53 2.1284 5.1686 5.8647
53 2.1271 5.1692 5.8663
53 2.1259 5.1695 5.8656
53 2.1247 5.1705 5.8649
53 2.1234 5.1691 5.8628
53 2.1221 5.1676 5.8608
53 2.1280 5.1691 5.8663
53 2.1263 5.1733 5.8687
53 2.1245 5.1695 5.8633
53 2.1228 5.1687 5.8608
54 2.1210 5.1702 5.8606
54 2.1267 5.1755 5.8709
54 2.1249 5.1717 5.8654
54 2.1232 5.1666 5.8587
54 2.1251 5.1677 5.8624
54 2.1269 5.1670 5.8640
54 2.1286 5.1662 5.8742
54 2.1303 5.1673 5.8797
54 2.1320 5.1674 5.8833
55 2.1302 5.1636 5.8778
55 2.1340 5.1647 5.8814
55 2.1356 5.1765 5.8915
55 2.1344 5.1883 5.9016
55 2.1333 5.2000 5.9116
55 2.1321 5.2116 5.9216
55 2.1309 5.2232 5.9315
55 2.1345 5.2238 5.9368
55 2.1329 5.2200 5.9313
55 2.1312 5.2210 5.9307
55 2.1366 5.2250 5.9405
56 2.1418 5.2257 5.9440
56 2.1401 5.2218 5.9384
56 2.1384 5.2169 5.9320
56 2.1400 5.2284 5.9418
56 2.1415 5.2308 5.9452
56 2.1430 5.2299 5.9461
56 2.1444 5.2290 5.9512
56 2.1428 5.2251 5.9457
56 2.1478 5.2283 5.9509
56 2.1467 5.2396 5.9606
56 2.1456 5.2508 5.9702
56 2.1445 5.2575 5.9753
56 2.1434 5.2642 5.9804
56 2.1482 5.2631 5.9826
56 2.1466 5.2592 5.9771
56 2.1450 5.2583 5.9746
57 2.1434 5.2622 5.9797
57 2.1468 5.2646 5.9820
57 2.1515 5.2656 5.9853
57 2.1499 5.2617 5.9798
57 2.1483 5.2570 5.9736
58 2.1497 5.2620 5.9830
58 2.1511 5.2627 5.9845
58 2.1524 5.2665 5.9895
58 2.1537 5.2667 5.9910
58 2.1521 5.2627 5.9855
58 2.1566 5.2635 5.9878
58 2.1556 5.2744 5.9971
58 2.1545 5.2852 6.0064
58 2.1535 5.2960 6.0157
58 2.1524 5.3068 6.0249
58 2.1509 5.3028 6.0194
58 2.1552 5.3032 6.0208
58 2.1565 5.3042 6.0257
59 2.1598 5.3080 6.0349
59 2.1583 5.3087 6.0340
59 2.1615 5.3093 6.0362
59 2.1600 5.3054 6.0307
59 2.1584 5.3008 6.0246
59 2.1616 5.2997 6.0261
59 2.1628 5.3034 6.0310
59 2.1640 5.3038 6.0318
59 2.1652 5.3068 6.0351
59 2.1663 5.3067 6.0359
59 2.1648 5.3028 6.0304
59 2.1632 5.3019 6.0280
59 2.1663 5.3023 6.0302
59 2.1674 5.3053 6.0392
59 2.1664 5.3116 6.0440
59 2.1655 5.3179 6.0488
59 2.1645 5.3242 6.0536
59 2.1635 5.3305 6.0583
60 2.1620 5.3265 6.0529
60 2.1606 5.3254 6.0503
60 2.1616 5.3291 6.0592
60 2.1602 5.3252 6.0537
60 2.1587 5.3208 6.0479
60 2.1597 5.3213 6.0501
61 2.1582 5.3232 6.0589
61 2.1593 5.3223 6.0593
61 2.1603 5.3214 6.0625
61 2.1612 5.3238 6.0647
61 2.1622 5.3238 6.0669
61 2.1607 5.3240 6.0756
61 2.1592 5.3201 6.0702
61 2.1578 5.3206 6.0692
61 2.1587 5.3236 6.0739
61 2.1578 5.3282 6.0770
61 2.1569 5.3329 6.0802
61 2.1561 5.3375 6.0833
61 2.1552 5.3436 6.0879
61 2.1582 5.3438 6.0894
61 2.1567 5.3438 6.0940
61 2.1553 5.3399 6.0886
62 2.1595 5.3423 6.0918
62 2.1635 5.3412 6.1003
62 2.1674 5.3431 6.1088
62 2.1712 5.3421 6.1173
62 2.1749 5.3412 6.1257
62 2.1785 5.3412 6.1278
62 2.1771 5.3374 6.1224
62 2.1757 5.3333 6.1168
62 2.1786 5.3323 6.1253
62 2.1814 5.3422 6.1336
62 2.1849 5.3412 6.1350
62 2.1835 5.3431 6.1433
63 2.1820 5.3393 6.1380
63 2.1806 5.3422 6.1410
63 2.1840 5.3441 6.1431
63 2.1832 5.3477 6.1452
63 2.1823 5.3536 6.1496
63 2.1815 5.3572 6.1517
63 2.1806 5.3608 6.1537
63 2.1792 5.3570 6.1484
63 2.1820 5.3588 6.1498
63 2.1853 5.3591 6.1506
63 2.1885 5.3620 6.1588
63 2.1917 5.3623 6.1670
63 2.1947 5.3638 6.1751
63 2.1977 5.3637 6.1832
64 2.1964 5.3599 6.1779
64 2.1950 5.3560 6.1725
64 2.1976 5.3561 6.1806
64 2.2002 5.3657 6.1886
64 2.1988 5.3669 6.1929
64 2.2017 5.3670 6.1933
64 2.2043 5.3678 6.1962
64 2.2034 5.3723 6.1991
64 2.2026 5.3767 6.2020
64 2.2018 5.3795 6.2033
64 2.2009 5.3839 6.2062
64 2.1996 5.3802 6.2009
65 2.1982 5.3764 6.1957
65 2.2011 5.3787 6.2000
65 2.2038 5.3787 6.2042
65 2.2066 5.3795 6.2085
65 2.2092 5.3793 6.2127
65 2.2084 5.3799 6.2156
65 2.2109 5.3798 6.2156
65 2.2096 5.3856 6.2198
65 2.2083 5.3818 6.2146
65 2.2069 5.3781 6.2093
65 2.2094 5.3779 6.2135
65 2.2119 5.3836 6.2213
65 2.2143 5.3893 6.2255
66 2.2196 5.3897 6.2297
66 2.2182 5.3903 6.2326
66 2.2169 5.3931 6.2367
66 2.2155 5.3974 6.2395
66 2.2179 5.3972 6.2473
66 2.2171 5.4064 6.2549
66 2.2163 5.4098 6.2569
66 2.2155 5.4154 6.2610
66 2.2147 5.4188 6.2629
66 2.2134 5.4190 6.2648
66 2.2185 5.4217 6.2724
66 2.2171 5.4181 6.2672
66 2.2158 5.4172 6.2649
66 2.2145 5.4172 6.2662
66 2.2169 5.4187 6.2738
66 2.2219 5.4242 6.2813
66 2.2205 5.4236 6.2792
67 2.2215 5.4226 6.2810
67 2.2225 5.4241 6.2851
67 2.2235 5.4249 6.2926
67 2.2244 5.4242 6.2925
67 2.2253 5.4269 6.3000
67 2.2262 5.4358 6.3074
67 2.2270 5.4448 6.3149
67 2.2278 5.4475 6.3223
67 2.2265 5.4438 6.3172
67 2.2252 5.4403 6.3121
67 2.2260 5.4425 6.3195
67 2.2284 5.4447 6.3268
67 2.2271 5.4411 6.3217
67 2.2258 5.4415 6.3206
67 2.2266 5.4456 6.3280
67 2.2273 5.4450 6.3292
67 2.2281 5.4538 6.3365
67 2.2288 5.4549 6.3391
67 2.2295 5.4637 6.3464
67 2.2301 5.4691 6.3536
67 2.2308 5.4778 6.3608
67 2.2314 5.4831 6.3647
67 2.2301 5.4872 6.3719
67 2.2289 5.4836 6.3668
67 2.2276 5.4827 6.3644
68 2.2299 5.4913 6.3716
68 2.2321 5.4966 6.3788
68 2.2343 5.4966 6.3859
68 2.2364 5.4998 6.3884
68 2.2385 5.4990 6.3955
68 2.2406 5.5076 6.4026
68 2.2393 5.5077 6.4013
68 2.2413 5.5129 6.4083
68 2.2400 5.5155 6.4094
68 2.2388 5.5119 6.4044
68 2.2375 5.5085 6.3995
68 2.2363 5.5075 6.3970
69 2.2386 5.5096 6.4008
69 2.2373 5.5096 6.3993
69 2.2393 5.5092 6.4031
69 2.2387 5.5113 6.4042
69 2.2381 5.5153 6.4067
69 2.2375 5.5205 6.4137
69 2.2368 5.5244 6.4174
69 2.2375 5.5242 6.4243
69 2.2363 5.5207 6.4193
69 2.2350 5.5197 6.4168
69 2.2369 5.5188 6.4237
69 2.2388 5.5179 6.4274
69 2.2407 5.5170 6.4343
69 2.2425 5.5184 6.4412
69 2.2413 5.5198 6.4448
70 2.2400 5.5163 6.4399
70 2.2423 5.5169 6.4423
70 2.2411 5.5134 6.4374
70 2.2398 5.5101 6.4326
70 2.2416 5.5112 6.4394
70 2.2404 5.5111 6.4378
70 2.2410 5.5115 6.4415
70 2.2405 5.5154 6.4451
70 2.2399 5.5172 6.4457
70 2.2393 5.5254 6.4525
70 2.2387 5.5293 6.4549
70 2.2409 5.5293 6.4574
71 2.2397 5.5259 6.4524
71 2.2415 5.5276 6.4592
71 2.2432 5.5273 6.4616
71 2.2448 5.5282 6.4683
71 2.2465 5.5280 6.4750
71 2.2487 5.5276 6.4746
71 2.2493 5.5277 6.4782
71 2.2481 5.5242 6.4733
71 2.2469 5.5210 6.4686
72 2.2457 5.5175 6.4637
72 2.2479 5.5171 6.4631
72 2.2473 5.5202 6.4648
72 2.2467 5.5227 6.4659
72 2.2462 5.5266 6.4683
72 2.2456 5.5291 6.4694
72 2.2477 5.5289 6.4760
72 2.2465 5.5255 6.4711
73 2.2485 5.5262 6.4735
73 2.2474 5.5227 6.4686
73 2.2462 5.5193 6.4637
73 2.2450 5.5161 6.4591
73 2.2470 5.5168 6.4657
73 2.2490 5.5206 6.4723
73 2.2509 5.5200 6.4788
73 2.2528 5.5192 6.4823
73 2.2535 5.5230 6.4888
74 2.2541 5.5269 6.4954
74 2.2536 5.5289 6.4960
74 2.2530 5.5369 6.5025
74 2.2525 5.5399 6.5048
74 2.2519 5.5478 6.5113
74 2.2507 5.5444 6.5064
74 2.2524 5.5453 6.5099
74 2.2539 5.5478 6.5115
74 2.2555 5.5516 6.5179
74 2.2570 5.5507 6.5213
74 2.2589 5.5537 6.5277
74 2.2595 5.5554 6.5312
75 2.2584 5.5584 6.5327
75 2.2573 5.5550 6.5279
75 2.2561 5.5519 6.5234
75 2.2576 5.5544 6.5257
75 2.2565 5.5569 6.5267
75 2.2571 5.5583 6.5290
75 2.2566 5.5603 6.5297
75 2.2561 5.5681 6.5360
75 2.2555 5.5729 6.5394
75 2.2573 5.5729 6.5410
75 2.2562 5.5695 6.5362
75 2.2551 5.5693 6.5346
75 2.2566 5.5770 6.5409
76 2.2580 5.5791 6.5420
76 2.2594 5.5782 6.5442
76 2.2608 5.5773 6.5465
76 2.2622 5.5784 6.5499
76 2.2635 5.5821 6.5532
76 2.2624 5.5858 6.5555
76 2.2613 5.5824 6.5508
76 2.2626 5.5827 6.5523
76 2.2615 5.5793 6.5476
76 2.2604 5.5763 6.5432
76 2.2611 5.5780 6.5465
77 2.2628 5.5782 6.5481
77 2.2671 5.5857 6.5543
77 2.2660 5.5824 6.5495
77 2.2649 5.5821 6.5479
77 2.2662 5.5897 6.5541
77 2.2657 5.5926 6.5564
77 2.2652 5.5940 6.5567
77 2.2647 5.5976 6.5589
77 2.2641 5.6005 6.5605
77 2.2682 5.6005 6.5638
77 2.2672 5.5972 6.5591
77 2.2661 5.5968 6.5574
77 2.2673 5.6043 6.5635
77 2.2663 5.6063 6.5658
77 2.2675 5.6076 6.5718
77 2.2687 5.6074 6.5729
77 2.2727 5.6090 6.5762
77 2.2716 5.6119 6.5777
77 2.2705 5.6086 6.5730
78 2.2717 5.6082 6.5753
78 2.2706 5.6048 6.5706
78 2.2696 5.6019 6.5663
78 2.2713 5.6055 6.5686
78 2.2720 5.6068 6.5708
78 2.2726 5.6066 6.5711
78 2.2733 5.6071 6.5722
78 2.2739 5.6069 6.5725
78 2.2728 5.6093 6.5736
78 2.2717 5.6060 6.5689
78 2.2729 5.6089 6.5722
78 2.2724 5.6113 6.5733
78 2.2720 5.6132 6.5739
78 2.2715 5.6161 6.5755
78 2.2710 5.6177 6.5758
78 2.2716 5.6174 6.5791
79 2.2706 5.6194 6.5797
79 2.2695 5.6161 6.5751
79 2.2685 5.6153 6.5730
79 2.2674 5.6125 6.5689
79 2.2680 5.6130 6.5705
79 2.2686 5.6137 6.5727
80 2.2676 5.6132 6.5759
80 2.2714 5.6136 6.5818
80 2.2709 5.6145 6.5815
80 2.2705 5.6137 6.5804
80 2.2700 5.6138 6.5800
80 2.2695 5.6132 6.5790
80 2.2707 5.6132 6.5796
80 2.2697 5.6100 6.5751
80 2.2708 5.6096 6.5758
81 2.2719 5.6096 6.5780
81 2.2709 5.6068 6.5740
81 2.2715 5.6085 6.5762
81 2.2726 5.6113 6.5784
81 2.2763 5.6137 6.5842
81 2.2753 5.6165 6.5901
81 2.2748 5.6160 6.5895
81 2.2744 5.6153 6.5884
81 2.2739 5.6157 6.5906
81 2.2734 5.6157 6.5900
82 2.2745 5.6162 6.5911
82 2.2735 5.6131 6.5867
82 2.2725 5.6123 6.5846
82 2.2715 5.6095 6.5806
83 2.2721 5.6090 6.5821
83 2.2710 5.6104 6.5843
83 2.2706 5.6116 6.5901
83 2.2701 5.6114 6.5902
83 2.2696 5.6106 6.5890
83 2.2692 5.6116 6.5894
83 2.2687 5.6110 6.5883
83 2.2677 5.6104 6.5905
83 2.2667 5.6073 6.5861
83 2.2703 5.6087 6.5883
84 2.2714 5.6083 6.5887
84 2.2704 5.6056 6.5847
84 2.2710 5.6053 6.5869
85 2.2700 5.6050 6.5854
85 2.2695 5.6047 6.5853
85 2.2690 5.6046 6.5860
85 2.2686 5.6038 6.5850
85 2.2681 5.6032 6.5838
85 2.2687 5.6040 6.5854
85 2.2677 5.6009 6.5811
85 2.2667 5.6006 6.5795
86 2.2702 5.6000 6.5806
86 2.2692 5.5973 6.5767
86 2.2726 5.5973 6.5783
86 2.2732 5.5976 6.5794
86 2.2722 5.5972 6.5801
86 2.2712 5.5942 6.5759
86 2.2703 5.5916 6.5720
86 2.2698 5.5924 6.5715
86 2.2693 5.5916 6.5704
86 2.2689 5.5916 6.5699
86 2.2684 5.5909 6.5686
86 2.2695 5.5929 6.5702
86 2.2685 5.5899 6.5660
86 2.2675 5.5896 6.5644
87 2.2666 5.5891 6.5627
87 2.2656 5.5865 6.5589
87 2.2662 5.5899 6.5620
88 2.2657 5.5911 6.5632
88 2.2653 5.5918 6.5634
88 2.2648 5.5913 6.5629
88 2.2643 5.5907 6.5617
88 2.2638 5.5915 6.5615
88 2.2649 5.5909 6.5623
88 2.2640 5.5879 6.5582
88 2.2630 5.5873 6.5563
88 2.2648 5.5876 6.5575
89 2.2654 5.5870 6.5575
89 2.2659 5.5869 6.5577
89 2.2665 5.5903 6.5599
89 2.2671 5.5913 6.5616
89 2.2688 5.5925 6.5671
89 2.2678 5.5900 6.5634
89 2.2695 5.5923 6.5650
89 2.2701 5.5921 6.5652
89 2.2706 5.5918 6.5653
89 2.2711 5.5927 6.5669
89 2.2716 5.5921 6.5667
90 2.2707 5.5892 6.5626
90 2.2724 5.5889 6.5623
90 2.2729 5.5896 6.5635
90 2.2761 5.5906 6.5651
90 2.2766 5.5903 6.5651
90 2.2771 5.5896 6.5659
90 2.2775 5.5901 6.5681
90 2.2780 5.5895 6.5689
90 2.2771 5.5892 6.5695
90 2.2761 5.5866 6.5658
91 2.2778 5.5870 6.5674
91 2.2794 5.5903 6.5696
91 2.2784 5.5899 6.5679
91 2.2789 5.5903 6.5695
91 2.2793 5.5931 6.5717
91 2.2797 5.5924 6.5722
91 2.2801 5.5916 6.5728
91 2.2792 5.5888 6.5688
91 2.2783 5.5882 6.5670
92 2.2774 5.5857 6.5633
92 2.2778 5.5863 6.5642
92 2.2769 5.5877 6.5664
92 2.2773 5.5888 6.5685
92 2.2764 5.5921 6.5716
92 2.2755 5.5949 6.5738
93 2.2751 5.5956 6.5741
93 2.2747 5.5950 6.5735
93 2.2743 5.5944 6.5724
93 2.2739 5.5951 6.5721
93 2.2730 5.5923 6.5682
93 2.2741 5.5957 6.5704
93 2.2756 5.5990 6.5758
93 2.2747 5.5965 6.5722
94 2.2738 5.5961 6.5725
94 2.2742 5.5974 6.5741
94 2.2753 5.5986 6.5762
94 2.2764 5.6006 6.5816
94 2.2760 5.6011 6.5817
94 2.2756 5.6005 6.5806
94 2.2752 5.5998 6.5794
94 2.2747 5.6015 6.5847
94 2.2739 5.5988 6.5808
94 2.2730 5.5981 6.5791
95 2.2721 5.5957 6.5755
96 2.2717 5.5959 6.5763
96 2.2713 5.5967 6.5760
96 2.2709 5.5959 6.5750
96 2.2704 5.5960 6.5745
96 2.2700 5.5953 6.5733
96 2.2696 5.5948 6.5749
96 2.2687 5.5921 6.5711
96 2.2679 5.5927 6.5727
97 2.2670 5.5922 6.5743
97 2.2661 5.5899 6.5708
97 2.2666 5.5908 6.5724
97 2.2657 5.5902 6.5735
97 2.2668 5.5917 6.5788
97 2.2659 5.5918 6.5810
97 2.2650 5.5916 6.5862
97 2.2642 5.5912 6.5847
97 2.2638 5.5910 6.5853
97 2.2633 5.5903 6.5841
97 2.2629 5.5907 6.5842
97 2.2625 5.5913 6.5838
97 2.2621 5.5919 6.5833
97 2.2612 5.5920 6.5849
97 2.2604 5.5894 6.5812
97 2.2595 5.5870 6.5777
97 2.2587 5.5864 6.5760
98 2.2578 5.5840 6.5725
98 2.2583 5.5841 6.5737
99 2.2574 5.5815 6.5700
99 2.2565 5.5792 6.5665
99 2.2561 5.5795 6.5695
99 2.2557 5.5790 6.5690
99 2.2553 5.5784 6.5678
99 2.2549 5.5777 6.5668
99 2.2545 5.5786 6.5684
99 2.2561 5.5786 6.5696
99 2.2552 5.5760 6.5659
99 2.2544 5.5756 6.5644
100 2.2536 5.5730 6.5607
100 2.2527 5.5726 6.5592
100 2.2519 5.5702 6.5558
100 2.2523 5.5697 6.5570
100 2.2515 5.5717 6.5586
100 2.2506 5.5730 6.5602
100 2.2498 5.5704 6.5566
100 2.2489 5.5698 6.5549
100 2.2485 5.5695 6.5565
100 2.2481 5.5694 6.5565
100 2.2477 5.5692 6.5569
100 2.2473 5.5695 6.5570
100 2.2469 5.5689 6.5558
101 2.2461 5.5694 6.5570
101 2.2453 5.5689 6.5554
101 2.2444 5.5683 6.5537
101 2.2436 5.5684 6.5527
101 2.2427 5.5658 6.5491
101 2.2419 5.5658 6.5480
101 2.2410 5.5633 6.5444
101 2.2402 5.5632 6.5433
102 2.2393 5.5606 6.5397
102 2.2385 5.5605 6.5385
102 2.2390 5.5608 6.5394
102 2.2381 5.5582 6.5358
102 2.2373 5.5580 6.5346
102 2.2369 5.5586 6.5341
102 2.2365 5.5579 6.5331
102 2.2362 5.5580 6.5327
102 2.2358 5.5574 6.5315
102 2.2363 5.5569 6.5325
102 2.2354 5.5543 6.5289
102 2.2346 5.5541 6.5276
102 2.2338 5.5561 6.5292
102 2.2329 5.5535 6.5257
102 2.2321 5.5532 6.5243
103 2.2312 5.5507 6.5208
103 2.2304 5.5503 6.5194
103 2.2320 5.5565 6.5245
103 2.2311 5.5560 6.5230
103 2.2303 5.5556 6.5215
103 2.2295 5.5617 6.5266
103 2.2300 5.5614 6.5282
103 2.2291 5.5589 6.5247
103 2.2283 5.5584 6.5232
103 2.2313 5.5581 6.5262
103 2.2305 5.5575 6.5245
104 2.2301 5.5573 6.5245
104 2.2298 5.5572 6.5248
104 2.2294 5.5575 6.5248
104 2.2291 5.5571 6.5243
104 2.2282 5.5588 6.5250
104 2.2274 5.5563 6.5215
104 2.2279 5.5623 6.5265
104 2.2294 5.5626 6.5278
104 2.2324 5.5686 6.5328
104 2.2339 5.5686 6.5378
104 2.2355 5.5691 6.5428
104 2.2369 5.5685 6.5457
104 2.2384 5.5678 6.5478
104 2.2376 5.5738 6.5528
105 2.2368 5.5713 6.5493
105 2.2359 5.5692 6.5462
105 2.2370 5.5696 6.5512
105 2.2382 5.5756 6.5562
105 2.2392 5.5749 6.5578
105 2.2384 5.5742 6.5627
105 2.2376 5.5718 6.5592
105 2.2381 5.5719 6.5599
105 2.2378 5.5758 6.5649
105 2.2374 5.5817 6.5698
105 2.2371 5.5840 6.5714
105 2.2367 5.5866 6.5730
105 2.2378 5.5905 6.5758
105 2.2370 5.5880 6.5723
105 2.2362 5.5875 6.5708
106 2.2372 5.5934 6.5758
106 2.2387 5.5947 6.5778
106 2.2398 5.6006 6.5827
106 2.2389 5.5981 6.5792
106 2.2381 5.5960 6.5762
106 2.2392 5.6019 6.5811
106 2.2383 5.6077 6.5859
107 2.2388 5.6073 6.5859
107 2.2393 5.6111 6.5908
107 2.2398 5.6113 6.5920
107 2.2403 5.6113 6.5932
107 2.2395 5.6088 6.5897
107 2.2387 5.6126 6.5945
107 2.2391 5.6138 6.5961
107 2.2388 5.6156 6.5973
107 2.2385 5.6215 6.6021
107 2.2382 5.6236 6.6033
107 2.2378 5.6262 6.6049
107 2.2370 5.6300 6.6097
107 2.2362 5.6275 6.6062
107 2.2354 5.6268 6.6046
107 2.2365 5.6274 6.6094
107 2.2375 5.6272 6.6122
107 2.2385 5.6298 6.6150
107 2.2395 5.6328 6.6198
107 2.2405 5.6358 6.6226
107 2.2419 5.6369 6.6237
108 2.2429 5.6394 6.6258
108 2.2421 5.6369 6.6223
108 2.2413 5.6349 6.6193
108 2.2422 5.6379 6.6221
108 2.2414 5.6354 6.6186
108 2.2406 5.6349 6.6171
108 2.2416 5.6374 6.6192
108 2.2421 5.6383 6.6212
108 2.2418 5.6413 6.6259
108 2.2414 5.6427 6.6264
108 2.2411 5.6465 6.6291
108 2.2408 5.6502 6.6319
108 2.2400 5.6532 6.6366
108 2.2392 5.6507 6.6332
109 2.2407 5.6564 6.6379
109 2.2399 5.6620 6.6426
109 2.2413 5.6617 6.6424
109 2.2405 5.6654 6.6471
109 2.2397 5.6629 6.6437
109 2.2389 5.6609 6.6407
109 2.2417 5.6665 6.6454
109 2.2445 5.6702 6.6500
110 2.2437 5.6739 6.6547
110 2.2451 5.6760 6.6574
110 2.2455 5.6772 6.6589
110 2.2460 5.6770 6.6590
110 2.2465 5.6794 6.6605
110 2.2469 5.6792 6.6606
110 2.2461 5.6847 6.6653
110 2.2488 5.6884 6.6699
110 2.2480 5.6859 6.6665
110 2.2490 5.6855 6.6680
110 2.2487 5.6873 6.6688
110 2.2484 5.6889 6.6695
110 2.2481 5.6910 6.6706
110 2.2478 5.6922 6.6709
110 2.2470 5.6951 6.6735
110 2.2462 5.6926 6.6702
110 2.2472 5.6982 6.6748
110 2.2481 5.7037 6.6793
110 2.2490 5.7042 6.6839
110 2.2499 5.7045 6.6866
110 2.2507 5.7038 6.6892
110 2.2516 5.7031 6.6904
110 2.2525 5.7067 6.6930
111 2.2517 5.7091 6.6949
111 2.2509 5.7067 6.6916
111 2.2518 5.7067 6.6961
111 2.2526 5.7091 6.6980
111 2.2518 5.7067 6.6947
111 2.2511 5.7047 6.6918
111 2.2519 5.7068 6.6932
111 2.2532 5.7103 6.6977
111 2.2525 5.7124 6.7004
111 2.2533 5.7178 6.7049
111 2.2530 5.7207 6.7075
111 2.2527 5.7242 6.7101
111 2.2524 5.7260 6.7113
111 2.2521 5.7277 6.7121
111 2.2530 5.7331 6.7166
112 2.2522 5.7307 6.7132
112 2.2514 5.7301 6.7117
112 2.2522 5.7355 6.7162
112 2.2515 5.7409 6.7207
112 2.2507 5.7463 6.7252
112 2.2521 5.7471 6.7278
112 2.2513 5.7446 6.7244
112 2.2505 5.7426 6.7215
113 2.2519 5.7422 6.7241
113 2.2532 5.7423 6.7267
113 2.2545 5.7427 6.7311
113 2.2557 5.7429 6.7337
113 2.2570 5.7483 6.7382
113 2.2562 5.7458 6.7348
113 2.2570 5.7465 6.7392
113 2.2567 5.7480 6.7401
113 2.2565 5.7497 6.7409
113 2.2562 5.7517 6.7420
113 2.2559 5.7545 6.7438
113 2.2551 5.7521 6.7405
113 2.2556 5.7574 6.7449
114 2.2569 5.7576 6.7457
114 2.2573 5.7572 6.7455
114 2.2578 5.7569 6.7455
114 2.2583 5.7589 6.7466
114 2.2587 5.7597 6.7477
114 2.2592 5.7612 6.7502
114 2.2596 5.7625 6.7546
114 2.2600 5.7659 6.7590
114 2.2604 5.7679 6.7633
114 2.2597 5.7655 6.7600
114 2.2590 5.7635 6.7572
114 2.2597 5.7670 6.7597
114 2.2610 5.7685 6.7608
115 2.2602 5.7661 6.7575
115 2.2595 5.7655 6.7560
115 2.2599 5.7672 6.7568
115 2.2603 5.7669 6.7568
115 2.2607 5.7664 6.7565
115 2.2611 5.7661 6.7563
115 2.2615 5.7688 6.7589
115 2.2619 5.7698 6.7632
115 2.2623 5.7711 6.7650
115 2.2626 5.7723 6.7676
115 2.2634 5.7775 6.7719
115 2.2627 5.7751 6.7686
115 2.2620 5.7785 6.7729
115 2.2613 5.7819 6.7754
115 2.2625 5.7815 6.7751
115 2.2617 5.7791 6.7719
115 2.2621 5.7784 6.7723
115 2.2625 5.7778 6.7727
115 2.2628 5.7783 6.7735
115 2.2632 5.7779 6.7733
115 2.2635 5.7792 6.7758
115 2.2638 5.7807 6.7801
115 2.2642 5.7822 6.7844
115 2.2645 5.7830 6.7868
115 2.2653 5.7847 6.7882
116 2.2645 5.7824 6.7850
116 2.2638 5.7805 6.7822
116 2.2650 5.7805 6.7830
116 2.2662 5.7856 6.7872
116 2.2655 5.7832 6.7840
116 2.2648 5.7827 6.7825
116 2.2651 5.7826 6.7833
116 2.2654 5.7845 6.7847
116 2.2657 5.7839 6.7849
116 2.2660 5.7832 6.7852
116 2.2663 5.7844 6.7876
116 2.2666 5.7878 6.7919
116 2.2669 5.7889 6.7937
116 2.2672 5.7902 6.7961
116 2.2665 5.7879 6.7929
116 2.2672 5.7893 6.7939
117 2.2680 5.7920 6.7964
117 2.2673 5.7914 6.7949
117 2.2666 5.7947 6.7991
117 2.2677 5.7943 6.8009
117 2.2689 5.7947 6.8051
117 2.2700 5.7951 6.8075
117 2.2712 5.7952 6.8093
117 2.2723 5.7957 6.8111
117 2.2716 5.7970 6.8129
117 2.2709 5.7947 6.8097
117 2.2702 5.7928 6.8069
117 2.2709 5.7924 6.8094
117 2.2702 5.7940 6.8118
117 2.2727 5.7973 6.8160
118 2.2735 5.8024 6.8201
118 2.2728 5.8050 6.8243
118 2.2721 5.8027 6.8211
118 2.2714 5.8021 6.8195
118 2.2707 5.8040 6.8220
118 2.2710 5.8056 6.8244
118 2.2708 5.8067 6.8248
118 2.2706 5.8089 6.8272
118 2.2704 5.8112 6.8289
118 2.2701 5.8134 6.8303
118 2.2695 5.8111 6.8271
118 2.2702 5.8137 6.8312
118 2.2695 5.8169 6.8336
118 2.2719 5.8188 6.8360
118 2.2743 5.8214 6.8401
119 2.2754 5.8224 6.8425
119 2.2747 5.8240 6.8438
119 2.2741 5.8217 6.8406
119 2.2734 5.8199 6.8379
119 2.2741 5.8232 6.8403
119 2.2752 5.8239 6.8411
119 2.2755 5.8242 6.8435
119 2.2757 5.8260 6.8475
119 2.2760 5.8256 6.8485
119 2.2763 5.8259 6.8495
119 2.2770 5.8309 6.8536
119 2.2763 5.8286 6.8504
119 2.2756 5.8279 6.8489
119 2.2750 5.8305 6.8530
119 2.2757 5.8313 6.8547
119 2.2755 5.8330 6.8555
119 2.2753 5.8355 6.8572
119 2.2751 5.8365 6.8574
119 2.2749 5.8384 6.8591
119 2.2772 5.8416 6.8615
120 2.2766 5.8393 6.8583
120 2.2773 5.8407 6.8624
120 2.2780 5.8409 6.8647
120 2.2786 5.8410 6.8664
120 2.2793 5.8403 6.8681
120 2.2800 5.8396 6.8689
120 2.2793 5.8422 6.8729
120 2.2804 5.8422 6.8734
120 2.2797 5.8399 6.8703
120 2.2790 5.8381 6.8677
121 2.2784 5.8376 6.8663
121 2.2786 5.8401 6.8703
121 2.2784 5.8420 6.8716
121 2.2783 5.8438 6.8726
121 2.2781 5.8448 6.8731
121 2.2779 5.8459 6.8737
121 2.2772 5.8436 6.8706
121 2.2775 5.8448 6.8745
122 2.2768 5.8442 6.8730
122 2.2771 5.8446 6.8740
122 2.2764 5.8424 6.8709
122 2.2757 5.8406 6.8683
122 2.2760 5.8438 6.8706
122 2.2763 5.8431 6.8707
122 2.2765 5.8432 6.8715
122 2.2768 5.8434 6.8732
122 2.2770 5.8434 6.8771
122 2.2764 5.8427 6.8756
122 2.2766 5.8431 6.8764
122 2.2764 5.8440 6.8768
122 2.2763 5.8449 6.8771
122 2.2761 5.8463 6.8777
122 2.2759 5.8479 6.8787
122 2.2757 5.8495 6.8794
123 2.2750 5.8505 6.8804
123 2.2744 5.8483 6.8774
123 2.2737 5.8478 6.8760
123 2.2731 5.8503 6.8777
123 2.2737 5.8496 6.8790
123 2.2744 5.8508 6.8797
123 2.2751 5.8504 6.8810
123 2.2757 5.8518 6.8849
123 2.2764 5.8524 6.8866
123 2.2757 5.8545 6.8879
123 2.2751 5.8523 6.8848
123 2.2761 5.8525 6.8854
123 2.2755 5.8536 6.8867
123 2.2748 5.8550 6.8883
123 2.2742 5.8528 6.8853
123 2.2735 5.8511 6.8827
124 2.2742 5.8520 6.8835
124 2.2744 5.8529 6.8845
124 2.2743 5.8539 6.8852
124 2.2741 5.8548 6.8854
124 2.2739 5.8557 6.8858
124 2.2737 5.8573 6.8867
124 2.2744 5.8585 6.8877
124 2.2737 5.8563 6.8847
124 2.2743 5.8574 6.8853
124 2.2750 5.8569 6.8863
124 2.2756 5.8581 6.8885
124 2.2762 5.8587 6.8898
124 2.2768 5.8605 6.8937
125 2.2778 5.8607 6.8941
125 2.2784 5.8622 6.8953
125 2.2778 5.8600 6.8923
125 2.2772 5.8583 6.8898
125 2.2778 5.8594 6.8906
125 2.2771 5.8602 6.8915
125 2.2794 5.8618 6.8954
126 2.2787 5.8596 6.8924
126 2.2790 5.8598 6.8940
126 2.2788 5.8616 6.8953
126 2.2786 5.8623 6.8953
126 2.2785 5.8644 6.8976
126 2.2783 5.8658 6.8983
126 2.2776 5.8678 6.9006
126 2.2798 5.8692 6.9028
126 2.2792 5.8670 6.8998
126 2.2786 5.8665 6.8985
126 2.2792 5.8690 6.9002
126 2.2797 5.8699 6.9024
126 2.2803 5.8697 6.9037
126 2.2809 5.8698 6.9059
126 2.2814 5.8695 6.9075
126 2.2820 5.8701 6.9098
126 2.2813 5.8695 6.9083
126 2.2819 5.8692 6.9093
127 2.2822 5.8710 6.9131
127 2.2815 5.8688 6.9101
127 2.2809 5.8672 6.9076
127 2.2803 5.8665 6.9062
127 2.2796 5.8672 6.9069
127 2.2807 5.8673 6.9072
127 2.2829 5.8679 6.9110
127 2.2850 5.8704 6.9147
127 2.2844 5.8682 6.9118
127 2.2837 5.8679 6.9107
127 2.2831 5.8674 6.9094
127 2.2836 5.8704 6.9116
127 2.2835 5.8718 6.9121
127 2.2833 5.8726 6.9124
127 2.2831 5.8737 6.9130
127 2.2830 5.8744 6.9131
127 2.2823 5.8769 6.9168
127 2.2817 5.8747 6.9139
128 2.2811 5.8772 6.9161
128 2.2816 5.8780 6.9178
128 2.2822 5.8777 6.9187
128 2.2827 5.8778 6.9203
128 2.2832 5.8775 6.9216
128 2.2826 5.8768 6.9201
128 2.2820 5.8793 6.9223
128 2.2840 5.8813 6.9245
128 2.2851 5.8810 6.9243
128 2.2844 5.8803 6.9228
128 2.2865 5.8823 6.9250
128 2.2885 5.8841 6.9266
128 2.2879 5.8861 6.9282
128 2.2873 5.8877 6.9289
128 2.2867 5.8855 6.9260
128 2.2860 5.8839 6.9236
128 2.2880 5.8849 6.9252
128 2.2900 5.8866 6.9274
129 2.2894 5.8874 6.9282
129 2.2913 5.8895 6.9319
129 2.2907 5.8908 6.9324
129 2.2910 5.8905 6.9334
129 2.2908 5.8917 6.9338
129 2.2907 5.8924 6.9339
129 2.2905 5.8936 6.9343
129 2.2903 5.8942 6.9344
129 2.2923 5.8949 6.9356
129 2.2916 5.8967 6.9378
129 2.2910 5.8978 6.9382
129 2.2904 5.8957 6.9353
129 2.2909 5.9002 6.9390
129 2.2919 5.9002 6.9394
129 2.2913 5.9017 6.9410
130 2.2923 5.9017 6.9431
130 2.2933 5.9017 6.9443
130 2.2943 5.9011 6.9459
130 2.2953 5.9006 6.9472
130 2.2958 5.9012 6.9493
130 2.2952 5.8991 6.9465
130 2.2945 5.8975 6.9441
130 2.2950 5.8975 6.9453
130 2.2955 5.8969 6.9459
130 2.2960 5.9013 6.9495
130 2.2954 5.9007 6.9516
130 2.2948 5.8986 6.9488
130 2.2942 5.8980 6.9473
130 2.2951 5.8979 6.9476
130 2.2950 5.8992 6.9483
130 2.2948 5.9006 6.9489
130 2.2947 5.9013 6.9491
130 2.2945 5.9021 6.9494
131 2.2939 5.9001 6.9466
131 2.2933 5.8994 6.9451
131 2.2943 5.8990 6.9472
131 2.2952 5.8986 6.9485
131 2.2961 5.8991 6.9500
131 2.2971 5.8990 6.9516
131 2.2980 5.8997 6.9528
131 2.2974 5.8977 6.9500
131 2.2968 5.8961 6.9477
131 2.2973 5.8981 6.9498
132 2.2975 5.9025 6.9534
132 2.2980 5.9024 6.9555
132 2.2974 5.9024 6.9591
132 2.2968 5.9004 6.9563
132 2.2971 5.9021 6.9584
132 2.2970 5.9030 6.9590
132 2.2968 5.9037 6.9589
132 2.2967 5.9046 6.9594
132 2.2965 5.9059 6.9599
132 2.2959 5.9039 6.9571
132 2.2964 5.9082 6.9607
132 2.2969 5.9111 6.9628
132 2.2973 5.9108 6.9637
132 2.2978 5.9102 6.9647
132 2.2983 5.9098 6.9654
133 2.2987 5.9126 6.9675
133 2.2992 5.9132 6.9691
133 2.2996 5.9175 6.9726
133 2.2990 5.9155 6.9698
133 2.2984 5.9139 6.9675
133 2.2978 5.9183 6.9711
133 2.2987 5.9183 6.9712
133 2.2992 5.9212 6.9733
133 2.2986 5.9191 6.9705
133 2.2980 5.9185 6.9691
134 2.2984 5.9208 6.9706
134 2.2983 5.9251 6.9742
134 2.2981 5.9256 6.9741
134 2.2980 5.9262 6.9743
134 2.2978 5.9268 6.9741
134 2.2983 5.9281 6.9757
134 2.2977 5.9261 6.9729
134 2.2981 5.9268 6.9741
134 2.2985 5.9265 6.9748
134 2.2990 5.9260 6.9752
134 2.2994 5.9257 6.9760
134 2.2998 5.9276 6.9795
134 2.3007 5.9273 6.9792
134 2.3001 5.9266 6.9777
134 2.3005 5.9278 6.9789
134 2.2999 5.9257 6.9762
134 2.2993 5.9242 6.9739
135 2.2997 5.9252 6.9748
135 2.2992 5.9275 6.9783
135 2.2986 5.9255 6.9756
135 2.2980 5.9248 6.9741
135 2.2998 5.9265 6.9757
135 2.3001 5.9276 6.9792
135 2.3000 5.9287 6.9794
135 2.2998 5.9293 6.9795
135 2.2997 5.9310 6.9810
135 2.2996 5.9314 6.9809
135 2.3000 5.9320 6.9825
135 2.2994 5.9300 6.9797
135 2.2998 5.9302 6.9812
135 2.3002 5.9301 6.9822
135 2.3005 5.9295 6.9829
135 2.3009 5.9290 6.9832
136 2.3018 5.9289 6.9833
136 2.3027 5.9317 6.9868
136 2.3021 5.9297 6.9841
136 2.3016 5.9282 6.9818
137 2.3024 5.9310 6.9853
137 2.3019 5.9290 6.9826
137 2.3013 5.9283 6.9811
137 2.3021 5.9282 6.9812
137 2.3020 5.9294 6.9816
137 2.3019 5.9305 6.9820
137 2.3017 5.9311 6.9821
137 2.3016 5.9318 6.9823
137 2.3010 5.9360 6.9857
137 2.3004 5.9340 6.9830
137 2.2998 5.9368 6.9864
137 2.3002 5.9362 6.9870
137 2.3006 5.9362 6.9882
137 2.3010 5.9361 6.9897
137 2.3014 5.9360 6.9904
137 2.3008 5.9383 6.9939
137 2.3012 5.9425 6.9973
137 2.3015 5.9428 6.9979
138 2.3009 5.9470 7.0013
138 2.3003 5.9450 6.9986
138 2.2998 5.9435 6.9964
138 2.3001 5.9477 6.9998
138 2.3019 5.9504 7.0032
138 2.3013 5.9527 7.0066
138 2.3008 5.9546 7.0087
138 2.3002 5.9526 7.0059
138 2.2996 5.9518 7.0045
138 2.2999 5.9521 7.0049
138 2.2998 5.9526 7.0049
138 2.2997 5.9536 7.0052
138 2.2995 5.9548 7.0057
138 2.2994 5.9558 7.0060
138 2.2988 5.9538 7.0033
138 2.2992 5.9560 7.0067
139 2.2996 5.9601 7.0101
139 2.3004 5.9602 7.0102
139 2.2999 5.9629 7.0136
139 2.3002 5.9626 7.0134
139 2.3005 5.9624 7.0133
139 2.3008 5.9618 7.0135
139 2.3011 5.9623 7.0142
139 2.3014 5.9631 7.0153
139 2.3017 5.9636 7.0168
139 2.3020 5.9650 7.0183
139 2.3023 5.9662 7.0203
139 2.3017 5.9642 7.0176
139 2.3012 5.9627 7.0155
139 2.3020 5.9655 7.0188
140 2.3029 5.9665 7.0195
140 2.3023 5.9660 7.0184
140 2.3027 5.9701 7.0218
140 2.3030 5.9695 7.0218
140 2.3033 5.9692 7.0217
140 2.3035 5.9689 7.0215
140 2.3038 5.9686 7.0213
140 2.3041 5.9699 7.0225
140 2.3043 5.9703 7.0240
140 2.3046 5.9710 7.0249
140 2.3049 5.9715 7.0260
140 2.3043 5.9695 7.0234
140 2.3047 5.9722 7.0267
140 2.3050 5.9763 7.0300
140 2.3059 5.9760 7.0297
141 2.3053 5.9753 7.0283
141 2.3056 5.9746 7.0284
141 2.3058 5.9740 7.0284
141 2.3061 5.9745 7.0289
141 2.3063 5.9741 7.0288
141 2.3066 5.9746 7.0299
141 2.3068 5.9752 7.0314
141 2.3070 5.9760 7.0329
141 2.3073 5.9763 7.0340
141 2.3076 5.9779 7.0360
141 2.3071 5.9760 7.0333
141 2.3065 5.9746 7.0312
141 2.3069 5.9764 7.0332
141 2.3072 5.9786 7.0365
141 2.3081 5.9785 7.0365
141 2.3075 5.9778 7.0350
141 2.3077 5.9777 7.0356
141 2.3080 5.9791 7.0365
141 2.3082 5.9785 7.0365
141 2.3084 5.9779 7.0364
141 2.3086 5.9788 7.0397
141 2.3088 5.9810 7.0417
141 2.3090 5.9813 7.0426
141 2.3093 5.9819 7.0437
142 2.3096 5.9840 7.0457
142 2.3091 5.9821 7.0431
142 2.3085 5.9817 7.0419
142 2.3089 5.9857 7.0452
142 2.3092 5.9875 7.0472
142 2.3095 5.9902 7.0491
142 2.3099 5.9916 7.0506
142 2.3102 5.9918 7.0525
142 2.3097 5.9899 7.0499
142 2.3091 5.9885 7.0478
142 2.3094 5.9906 7.0497
143 2.3098 5.9925 7.0517
143 2.3106 5.9937 7.0532
143 2.3108 5.9933 7.0538
143 2.3110 5.9937 7.0545
143 2.3112 5.9938 7.0557
143 2.3114 5.9938 7.0576
143 2.3109 5.9950 7.0591
143 2.3103 5.9931 7.0565
143 2.3098 5.9924 7.0551
143 2.3101 5.9930 7.0570
143 2.3100 5.9935 7.0568
143 2.3099 5.9949 7.0580
143 2.3098 5.9958 7.0584
143 2.3097 5.9967 7.0585
143 2.3115 5.9985 7.0618
143 2.3109 5.9996 7.0629
143 2.3104 5.9977 7.0603
143 2.3121 6.0004 7.0636
143 2.3116 6.0025 7.0655
144 2.3111 6.0035 7.0664
144 2.3128 6.0061 7.0696
144 2.3144 6.0070 7.0728
144 2.3152 6.0078 7.0760
144 2.3160 6.0092 7.0793
144 2.3168 6.0088 7.0801
144 2.3176 6.0091 7.0820
144 2.3184 6.0098 7.0835
144 2.3201 6.0119 7.0854
144 2.3195 6.0100 7.0828
144 2.3190 6.0086 7.0807
144 2.3185 6.0104 7.0821
144 2.3188 6.0116 7.0836
144 2.3191 6.0132 7.0850
144 2.3194 6.0135 7.0869
144 2.3189 6.0142 7.0876
144 2.3184 6.0138 7.0908
144 2.3178 6.0119 7.0882
145 2.3181 6.0128 7.0901
145 2.3180 6.0137 7.0904
145 2.3179 6.0155 7.0915
145 2.3178 6.0159 7.0913
145 2.3177 6.0171 7.0921
145 2.3180 6.0186 7.0935
145 2.3196 6.0204 7.0949
145 2.3191 6.0186 7.0924
145 2.3186 6.0201 7.0956
145 2.3189 6.0208 7.0967
145 2.3191 6.0207 7.0970
146 2.3186 6.0188 7.0945
146 2.3180 6.0174 7.0924
146 2.3182 6.0175 7.0933
146 2.3184 6.0175 7.0947
146 2.3186 6.0169 7.0946
146 2.3188 6.0163 7.0945
146 2.3183 6.0144 7.0919
146 2.3178 6.0137 7.0906
146 2.3180 6.0136 7.0908
146 2.3179 6.0144 7.0910
146 2.3178 6.0151 7.0911
146 2.3177 6.0154 7.0910
146 2.3176 6.0159 7.0911
146 2.3171 6.0141 7.0886
147 2.3166 6.0145 7.0891
147 2.3161 6.0158 7.0905
147 2.3156 6.0150 7.0892
147 2.3158 6.0152 7.0894
147 2.3152 6.0161 7.0905
147 2.3147 6.0143 7.0880
147 2.3142 6.0129 7.0860
147 2.3145 6.0135 7.0865
148 2.3147 6.0129 7.0864
148 2.3149 6.0128 7.0868
148 2.3151 6.0128 7.0873
148 2.3153 6.0127 7.0884
148 2.3148 6.0108 7.0859
148 2.3149 6.0110 7.0861
148 2.3149 6.0113 7.0860
148 2.3148 6.0120 7.0862
148 2.3147 6.0127 7.0863
148 2.3146 6.0134 7.0863
148 2.3149 6.0145 7.0882
148 2.3144 6.0127 7.0857
148 2.3139 6.0123 7.0846
148 2.3142 6.0131 7.0852
148 2.3150 6.0131 7.0852
149 2.3145 6.0113 7.0827
149 2.3140 6.0100 7.0807
149 2.3148 6.0107 7.0826
149 2.3155 6.0103 7.0832
149 2.3163 6.0098 7.0841
149 2.3171 6.0102 7.0860
149 2.3166 6.0084 7.0835
149 2.3167 6.0084 7.0846
149 2.3167 6.0098 7.0855
149 2.3166 6.0101 7.0852
149 2.3165 6.0112 7.0863
149 2.3164 6.0122 7.0869
149 2.3166 6.0133 7.0900
149 2.3161 6.0115 7.0875
150 2.3156 6.0128 7.0894
150 2.3151 6.0137 7.0905
150 2.3158 6.0134 7.0902
150 2.3153 6.0152 7.0920
150 2.3148 6.0145 7.0907
150 2.3143 6.0127 7.0882
150 2.3138 6.0114 7.0862
150 2.3141 6.0121 7.0869
151 2.3149 6.0128 7.0883
151 2.3156 6.0126 7.0897
151 2.3164 6.0129 7.0908
151 2.3171 6.0127 7.0922
151 2.3166 6.0142 7.0936
151 2.3161 6.0124 7.0911
151 2.3168 6.0121 7.0908
151 2.3171 6.0129 7.0926
151 2.3170 6.0138 7.0928
151 2.3170 6.0142 7.0929
151 2.3169 6.0149 7.0932
151 2.3168 6.0152 7.0931
151 2.3163 6.0163 7.0935
151 2.3158 6.0145 7.0910
151 2.3161 6.0145 7.0921
151 2.3164 6.0144 7.0927
151 2.3167 6.0138 7.0931
151 2.3170 6.0132 7.0933
152 2.3165 6.0142 7.0936
152 2.3172 6.0141 7.0936
152 2.3167 6.0123 7.0911
152 2.3162 6.0110 7.0892
152 2.3164 6.0127 7.0922
152 2.3159 6.0121 7.0909
152 2.3161 6.0128 7.0923
152 2.3161 6.0134 7.0923
152 2.3160 6.0140 7.0923
152 2.3159 6.0142 7.0921
152 2.3158 6.0147 7.0922
153 2.3153 6.0160 7.0929
153 2.3148 6.0143 7.0905
153 2.3151 6.0142 7.0913
153 2.3154 6.0140 7.0918
153 2.3157 6.0135 7.0921
153 2.3160 6.0129 7.0922
153 2.3167 6.0128 7.0921
153 2.3162 6.0140 7.0927
153 2.3157 6.0150 7.0931
153 2.3153 6.0133 7.0907
153 2.3148 6.0120 7.0887
154 2.3143 6.0102 7.0863
154 2.3138 6.0099 7.0853
154 2.3145 6.0097 7.0852
154 2.3148 6.0103 7.0863
154 2.3147 6.0113 7.0866
154 2.3146 6.0118 7.0865
154 2.3145 6.0121 7.0863
154 2.3145 6.0124 7.0863
154 2.3140 6.0134 7.0866
154 2.3135 6.0117 7.0842
154 2.3130 6.0113 7.0832
155 2.3137 6.0118 7.0841
155 2.3140 6.0123 7.0852
155 2.3147 6.0120 7.0865
155 2.3154 6.0117 7.0871
155 2.3161 6.0117 7.0885
155 2.3168 6.0116 7.0895
155 2.3163 6.0119 7.0900
155 2.3158 6.0102 7.0876
155 2.3153 6.0089 7.0857
155 2.3156 6.0105 7.0871
155 2.3159 6.0112 7.0876
155 2.3162 6.0110 7.0883
155 2.3157 6.0110 7.0901
156 2.3152 6.0093 7.0878
156 2.3155 6.0106 7.0891
156 2.3157 6.0119 7.0905
156 2.3156 6.0126 7.0909
156 2.3155 6.0129 7.0907
156 2.3154 6.0135 7.0909
156 2.3154 6.0144 7.0912
156 2.3149 6.0127 7.0888
156 2.3144 6.0120 7.0875
156 2.3151 6.0140 7.0905
156 2.3158 6.0144 7.0919
156 2.3164 6.0142 7.0930
156 2.3171 6.0138 7.0934
156 2.3177 6.0143 7.0939
157 2.3173 6.0126 7.0916
157 2.3168 6.0113 7.0897
157 2.3171 6.0109 7.0903
157 2.3173 6.0129 7.0932
157 2.3175 6.0154 7.0951
157 2.3171 6.0169 7.0980
157 2.3166 6.0172 7.0991
157 2.3181 6.0208 7.1021
157 2.3177 6.0191 7.0997
157 2.3172 6.0204 7.1015
157 2.3174 6.0205 7.1024
157 2.3173 6.0229 7.1042
157 2.3172 6.0238 7.1046
157 2.3172 6.0243 7.1049
157 2.3171 6.0246 7.1047
157 2.3166 6.0229 7.1023
157 2.3161 6.0225 7.1013
157 2.3156 6.0240 7.1031
158 2.3152 6.0255 7.1049
158 2.3147 6.0279 7.1078
158 2.3149 6.0277 7.1085
158 2.3144 6.0283 7.1091
158 2.3139 6.0266 7.1067
158 2.3135 6.0253 7.1049
158 2.3137 6.0248 7.1048
158 2.3139 6.0246 7.1046
158 2.3141 6.0249 7.1051
158 2.3143 6.0247 7.1050
159 2.3138 6.0230 7.1026
159 2.3133 6.0224 7.1014
159 2.3135 6.0221 7.1019
159 2.3135 6.0229 7.1021
159 2.3134 6.0233 7.1021
159 2.3133 6.0240 7.1022
159 2.3132 6.0243 7.1021
159 2.3139 6.0249 7.1039
159 2.3134 6.0232 7.1016
159 2.3137 6.0249 7.1027
159 2.3140 6.0254 7.1035
159 2.3143 6.0252 7.1041
159 2.3146 6.0252 7.1049
159 2.3148 6.0250 7.1055
159 2.3151 6.0254 7.1065
159 2.3146 6.0253 7.1058
160 2.3149 6.0251 7.1065
160 2.3164 6.0254 7.1074
160 2.3159 6.0237 7.1051
160 2.3155 6.0225 7.1033
160 2.3157 6.0238 7.1050
160 2.3164 6.0244 7.1061
160 2.3159 6.0247 7.1064
160 2.3155 6.0230 7.1041
160 2.3150 6.0224 7.1029
160 2.3153 6.0224 7.1037
160 2.3152 6.0231 7.1038
160 2.3151 6.0235 7.1038
160 2.3150 6.0240 7.1040
160 2.3150 6.0243 7.1038
160 2.3145 6.0255 7.1056
161 2.3140 6.0238 7.1033
161 2.3136 6.0234 7.1023
161 2.3138 6.0244 7.1032
161 2.3141 6.0241 7.1045
161 2.3144 6.0238 7.1049
161 2.3146 6.0240 7.1078
161 2.3149 6.0239 7.1084
161 2.3155 6.0244 7.1091
161 2.3151 6.0228 7.1068
161 2.3146 6.0216 7.1050
161 2.3152 6.0224 7.1079
162 2.3167 6.0241 7.1097
162 2.3163 6.0224 7.1074
162 2.3158 6.0223 7.1067
162 2.3160 6.0228 7.1074
162 2.3159 6.0233 7.1076
162 2.3159 6.0236 7.1073
162 2.3158 6.0242 7.1074
162 2.3157 6.0250 7.1076
162 2.3153 6.0233 7.1053
163 2.3155 6.0239 7.1082
163 2.3161 6.0243 7.1086
163 2.3176 6.0256 7.1115
163 2.3190 6.0260 7.1133
163 2.3193 6.0267 7.1137
163 2.3188 6.0251 7.1114
163 2.3184 6.0239 7.1097
163 2.3179 6.0255 7.1114
163 2.3181 6.0251 7.1113
163 2.3183 6.0254 7.1119
163 2.3185 6.0252 7.1117
163 2.3187 6.0248 7.1123
163 2.3183 6.0256 7.1133
163 2.3178 6.0269 7.1140
163 2.3173 6.0252 7.1118
163 2.3180 6.0256 7.1121
163 2.3182 6.0256 7.1128
163 2.3182 6.0261 7.1129
163 2.3181 6.0269 7.1132
163 2.3180 6.0274 7.1134
163 2.3180 6.0276 7.1131
164 2.3194 6.0286 7.1141
164 2.3189 6.0270 7.1119
164 2.3192 6.0285 7.1148
164 2.3198 6.0282 7.1145
164 2.3204 6.0287 7.1155
164 2.3211 6.0285 7.1166
164 2.3217 6.0288 7.1174
164 2.3223 6.0286 7.1185
164 2.3218 6.0269 7.1162
164 2.3214 6.0258 7.1145
165 2.3216 6.0256 7.1149
165 2.3219 6.0263 7.1154
165 2.3221 6.0266 7.1171
165 2.3216 6.0268 7.1179
165 2.3230 6.0302 7.1208
165 2.3226 6.0301 7.1201
165 2.3221 6.0297 7.1191
165 2.3235 6.0300 7.1198
165 2.3237 6.0297 7.1203
165 2.3237 6.0303 7.1203
165 2.3236 6.0307 7.1202
165 2.3235 6.0311 7.1203
165 2.3235 6.0314 7.1201
165 2.3230 6.0325 7.1214
165 2.3226 6.0309 7.1192
165 2.3221 6.0311 7.1194
166 2.3217 6.0323 7.1207
166 2.3212 6.0306 7.1185
166 2.3208 6.0301 7.1173
166 2.3214 6.0305 7.1182
166 2.3220 6.0303 7.1190
166 2.3226 6.0303 7.1201
166 2.3232 6.0300 7.1209
166 2.3234 6.0298 7.1213
166 2.3229 6.0281 7.1191
166 2.3225 6.0270 7.1173
166 2.3227 6.0268 7.1177
166 2.3230 6.0274 7.1180
166 2.3232 6.0285 7.1198
167 2.3227 6.0286 7.1204
167 2.3223 6.0280 7.1193
167 2.3225 6.0277 7.1195
167 2.3224 6.0280 7.1193
167 2.3223 6.0282 7.1192
167 2.3223 6.0287 7.1192
167 2.3222 6.0289 7.1190
167 2.3218 6.0308 7.1218
167 2.3213 6.0342 7.1246
167 2.3209 6.0326 7.1224
167 2.3204 6.0322 7.1215
167 2.3207 6.0345 7.1232
167 2.3213 6.0347 7.1242
167 2.3226 6.0364 7.1259
167 2.3228 6.0380 7.1276
167 2.3230 6.0383 7.1282
167 2.3232 6.0384 7.1289
167 2.3234 6.0382 7.1287
167 2.3236 6.0405 7.1304
167 2.3238 6.0415 7.1317
167 2.3240 6.0421 7.1334
167 2.3242 6.0425 7.1341
167 2.3255 6.0434 7.1358
168 2.3251 6.0419 7.1336
168 2.3246 6.0407 7.1319
168 2.3252 6.0412 7.1328
168 2.3258 6.0417 7.1355
168 2.3254 6.0401 7.1334
168 2.3255 6.0402 7.1339
168 2.3257 6.0398 7.1338
168 2.3259 6.0412 7.1351
168 2.3261 6.0414 7.1355
168 2.3262 6.0426 7.1372
168 2.3264 6.0428 7.1379
168 2.3266 6.0446 7.1392
168 2.3267 6.0456 7.1402
168 2.3263 6.0440 7.1381
169 2.3265 6.0449 7.1393
169 2.3271 6.0460 7.1421
169 2.3274 6.0494 7.1449
169 2.3276 6.0495 7.1457
169 2.3272 6.0480 7.1435
169 2.3267 6.0468 7.1418
169 2.3270 6.0475 7.1423
169 2.3266 6.0486 7.1433
169 2.3271 6.0499 7.1460
169 2.3277 6.0498 7.1469
169 2.3283 6.0503 7.1481
169 2.3288 6.0499 7.1492
170 2.3284 6.0504 7.1500
170 2.3280 6.0489 7.1478
170 2.3281 6.0493 7.1484
170 2.3281 6.0509 7.1511
170 2.3280 6.0516 7.1512
170 2.3280 6.0526 7.1519
170 2.3279 6.0527 7.1517
170 2.3275 6.0529 7.1519
170 2.3270 6.0513 7.1497
170 2.3266 6.0510 7.1488
170 2.3269 6.0522 7.1515
170 2.3274 6.0522 7.1516
171 2.3270 6.0507 7.1494
171 2.3266 6.0496 7.1478
171 2.3271 6.0504 7.1505
171 2.3267 6.0505 7.1506
171 2.3280 6.0516 7.1519
171 2.3282 6.0522 7.1535
171 2.3283 6.0518 7.1540
171 2.3285 6.0514 7.1539
171 2.3287 6.0517 7.1543
171 2.3282 6.0518 7.1544
171 2.3278 6.0524 7.1550
171 2.3274 6.0508 7.1529
171 2.3275 6.0508 7.1536
171 2.3275 6.0517 7.1541
171 2.3274 6.0519 7.1538
171 2.3274 6.0523 7.1538
171 2.3273 6.0530 7.1541
172 2.3269 6.0514 7.1519
172 2.3275 6.0511 7.1517
172 2.3270 6.0506 7.1505
172 2.3272 6.0507 7.1518
172 2.3268 6.0491 7.1497
172 2.3263 6.0480 7.1480
173 2.3276 6.0480 7.1486
173 2.3278 6.0485 7.1494
173 2.3280 6.0483 7.1493
173 2.3281 6.0484 7.1497
173 2.3283 6.0482 7.1496
173 2.3278 6.0492 7.1506
173 2.3274 6.0477 7.1485
173 2.3270 6.0473 7.1475
173 2.3266 6.0474 7.1475
173 2.3267 6.0471 7.1477
173 2.3267 6.0476 7.1478
173 2.3266 6.0479 7.1476
173 2.3266 6.0483 7.1476
173 2.3265 6.0485 7.1473
173 2.3261 6.0469 7.1452
173 2.3257 6.0466 7.1443
173 2.3259 6.0473 7.1450
173 2.3255 6.0487 7.1463
174 2.3261 6.0486 7.1462
174 2.3256 6.0471 7.1441
174 2.3262 6.0470 7.1449
174 2.3267 6.0482 7.1466
174 2.3273 6.0477 7.1474
174 2.3278 6.0473 7.1481
174 2.3274 6.0458 7.1460
174 2.3269 6.0447 7.1443
174 2.3272 6.0457 7.1470
174 2.3275 6.0453 7.1471
174 2.3276 6.0467 7.1498
174 2.3272 6.0462 7.1511
175 2.3277 6.0461 7.1509
175 2.3277 6.0465 7.1509
175 2.3276 6.0481 7.1525
175 2.3276 6.0482 7.1523
175 2.3275 6.0486 7.1523
175 2.3271 6.0470 7.1502
175 2.3274 6.0475 7.1505
175 2.3276 6.0475 7.1512
175 2.3281 6.0480 7.1519
175 2.3287 6.0485 7.1529
175 2.3292 6.0495 7.1545
175 2.3297 6.0490 7.1551
175 2.3310 6.0495 7.1567
175 2.3306 6.0506 7.1573
175 2.3301 6.0491 7.1552
175 2.3297 6.0480 7.1536
176 2.3300 6.0478 7.1540
176 2.3296 6.0486 7.1553
176 2.3291 6.0492 7.1561
176 2.3294 6.0488 7.1562
176 2.3290 6.0483 7.1572
176 2.3292 6.0490 7.1582
176 2.3288 6.0500 7.1586
176 2.3284 6.0485 7.1566
176 2.3289 6.0489 7.1571
176 2.3291 6.0493 7.1584
176 2.3291 6.0495 7.1581
176 2.3290 6.0509 7.1589
176 2.3290 6.0512 7.1589
176 2.3292 6.0524 7.1605
176 2.3288 6.0509 7.1584
176 2.3284 6.0504 7.1573
176 2.3286 6.0522 7.1586
176 2.3289 6.0526 7.1589
176 2.3291 6.0523 7.1592
176 2.3294 6.0532 7.1605
176 2.3296 6.0535 7.1613
177 2.3298 6.0542 7.1617
177 2.3300 6.0552 7.1627
177 2.3303 6.0556 7.1631
177 2.3298 6.0565 7.1635
177 2.3294 6.0550 7.1614
177 2.3297 6.0550 7.1620
177 2.3292 6.0535 7.1599
177 2.3288 6.0524 7.1583
177 2.3291 6.0533 7.1596
177 2.3293 6.0549 7.1608
177 2.3298 6.0549 7.1608
177 2.3310 6.0567 7.1634
178 2.3306 6.0552 7.1614
178 2.3302 6.0546 7.1603
178 2.3304 6.0562 7.1613
178 2.3304 6.0570 7.1618
178 2.3304 6.0572 7.1615
178 2.3303 6.0581 7.1623
178 2.3303 6.0588 7.1625
178 2.3299 6.0573 7.1604
178 2.3295 6.0567 7.1594
178 2.3297 6.0571 7.1600
178 2.3299 6.0569 7.1603
178 2.3301 6.0569 7.1610
178 2.3303 6.0567 7.1613
178 2.3308 6.0564 7.1611
178 2.3313 6.0586 7.1637
178 2.3326 6.0607 7.1663
178 2.3322 6.0616 7.1666
178 2.3318 6.0601 7.1645
178 2.3330 6.0619 7.1671
179 2.3342 6.0632 7.1697
179 2.3338 6.0617 7.1677
179 2.3334 6.0607 7.1661
179 2.3336 6.0629 7.1687
179 2.3332 6.0650 7.1703
179 2.3328 6.0658 7.1705
179 2.3324 6.0643 7.1685
179 2.3326 6.0649 7.1695
179 2.3325 6.0654 7.1695
179 2.3325 6.0657 7.1693
179 2.3324 6.0660 7.1692
179 2.3324 6.0661 7.1689
179 2.3326 6.0679 7.1715
179 2.3322 6.0687 7.1718
179 2.3318 6.0673 7.1698
179 2.3314 6.0669 7.1689
180 2.3310 6.0678 7.1699
180 2.3315 6.0677 7.1698
180 2.3311 6.0680 7.1703
180 2.3316 6.0682 7.1715
180 2.3321 6.0682 7.1724
180 2.3326 6.0677 7.1730
180 2.3331 6.0673 7.1735
180 2.3327 6.0679 7.1743
180 2.3323 6.0664 7.1723
180 2.3318 6.0654 7.1707
180 2.3321 6.0654 7.1711
180 2.3317 6.0660 7.1717
181 2.3312 6.0660 7.1717
181 2.3315 6.0655 7.1718
181 2.3310 6.0659 7.1723
181 2.3306 6.0655 7.1731
181 2.3302 6.0640 7.1711
181 2.3298 6.0635 7.1701
181 2.3294 6.0645 7.1709
181 2.3299 6.0644 7.1707
181 2.3299 6.0650 7.1708
181 2.3298 6.0655 7.1708
181 2.3298 6.0657 7.1706
181 2.3298 6.0660 7.1705
181 2.3294 6.0645 7.1685
181 2.3290 6.0640 7.1674
181 2.3292 6.0643 7.1677
182 2.3288 6.0629 7.1657
182 2.3293 6.0627 7.1665
182 2.3297 6.0624 7.1669
182 2.3302 6.0626 7.1675
182 2.3307 6.0625 7.1682
182 2.3312 6.0629 7.1688
182 2.3308 6.0638 7.1694
182 2.3304 6.0623 7.1675
182 2.3300 6.0613 7.1659
182 2.3302 6.0625 7.1669
182 2.3304 6.0628 7.1671
182 2.3306 6.0628 7.1676
182 2.3302 6.0627 7.1688
182 2.3298 6.0613 7.1668
182 2.3300 6.0622 7.1678
182 2.3299 6.0626 7.1680
182 2.3299 6.0628 7.1677
182 2.3299 6.0631 7.1675
182 2.3298 6.0636 7.1676
183 2.3294 6.0639 7.1680
183 2.3290 6.0625 7.1661
183 2.3292 6.0625 7.1666
183 2.3294 6.0628 7.1676
183 2.3290 6.0614 7.1656
183 2.3286 6.0604 7.1641
184 2.3291 6.0622 7.1666
184 2.3296 6.0620 7.1673
184 2.3300 6.0615 7.1679
184 2.3305 6.0612 7.1682
184 2.3301 6.0598 7.1662
184 2.3297 6.0593 7.1651
184 2.3299 6.0596 7.1660
184 2.3298 6.0604 7.1666
184 2.3298 6.0606 7.1664
184 2.3298 6.0607 7.1661
184 2.3297 6.0609 7.1658
184 2.3293 6.0594 7.1638
184 2.3295 6.0598 7.1644
184 2.3297 6.0596 7.1646
184 2.3299 6.0604 7.1656
184 2.3301 6.0602 7.1659
184 2.3303 6.0618 7.1675
185 2.3308 6.0615 7.1672
185 2.3304 6.0601 7.1653
185 2.3316 6.0611 7.1678
185 2.3328 6.0623 7.1703
185 2.3340 6.0641 7.1728
185 2.3336 6.0626 7.1709
185 2.3332 6.0617 7.1694
185 2.3328 6.0630 7.1709
185 2.3340 6.0633 7.1721
185 2.3351 6.0632 7.1726
185 2.3347 6.0639 7.1736
185 2.3343 6.0624 7.1716
185 2.3339 6.0619 7.1706
186 2.3351 6.0629 7.1716
186 2.3355 6.0626 7.1713
186 2.3357 6.0632 7.1725
186 2.3357 6.0637 7.1724
186 2.3357 6.0640 7.1723
186 2.3356 6.0642 7.1722
186 2.3356 6.0643 7.1719
186 2.3352 6.0646 7.1723
186 2.3348 6.0632 7.1703
186 2.3359 6.0640 7.1711
186 2.3361 6.0640 7.1716
186 2.3357 6.0626 7.1696
186 2.3354 6.0631 7.1702
186 2.3355 6.0630 7.1705
187 2.3351 6.0616 7.1686
187 2.3348 6.0606 7.1671
187 2.3344 6.0612 7.1678
187 2.3340 6.0615 7.1682
187 2.3344 6.0614 7.1688
187 2.3349 6.0614 7.1694
187 2.3353 6.0610 7.1699
187 2.3358 6.0606 7.1703
187 2.3369 6.0614 7.1715
187 2.3365 6.0622 7.1723
187 2.3361 6.0608 7.1704
187 2.3363 6.0607 7.1706
187 2.3363 6.0612 7.1707
187 2.3362 6.0617 7.1707
187 2.3362 6.0618 7.1704
187 2.3362 6.0621 7.1703
187 2.3358 6.0632 7.1719
187 2.3354 6.0618 7.1699
187 2.3365 6.0633 7.1715
188 2.3361 6.0648 7.1730
188 2.3357 6.0655 7.1737
188 2.3362 6.0657 7.1745
188 2.3358 6.0660 7.1749
188 2.3354 6.0672 7.1764
188 2.3350 6.0681 7.1768
188 2.3346 6.0667 7.1749
188 2.3342 6.0657 7.1734
188 2.3344 6.0662 7.1737
188 2.3348 6.0658 7.1741
188 2.3353 6.0658 7.1748
188 2.3357 6.0660 7.1757
188 2.3362 6.0659 7.1763
189 2.3358 6.0667 7.1766
189 2.3362 6.0670 7.1773
189 2.3364 6.0673 7.1782
189 2.3364 6.0675 7.1779
189 2.3363 6.0680 7.1780
189 2.3363 6.0685 7.1781
189 2.3363 6.0690 7.1780
189 2.3359 6.0676 7.1761
189 2.3363 6.0676 7.1762
189 2.3359 6.0662 7.1743
189 2.3355 6.0657 7.1732
190 2.3357 6.0655 7.1731
190 2.3359 6.0654 7.1731
190 2.3361 6.0650 7.1730
190 2.3363 6.0653 7.1734
190 2.3365 6.0657 7.1740
190 2.3366 6.0659 7.1748
190 2.3368 6.0667 7.1756
190 2.3370 6.0673 7.1768
190 2.3372 6.0680 7.1777
190 2.3368 6.0666 7.1758
190 2.3364 6.0657 7.1744
190 2.3369 6.0662 7.1749
190 2.3370 6.0670 7.1755
190 2.3372 6.0668 7.1755
190 2.3374 6.0666 7.1753
190 2.3376 6.0665 7.1752
190 2.3377 6.0672 7.1759
190 2.3379 6.0673 7.1767
190 2.3381 6.0677 7.1772
190 2.3382 6.0679 7.1778
190 2.3387 6.0681 7.1794
190 2.3398 6.0688 7.1803
190 2.3408 6.0701 7.1815
190 2.3405 6.0687 7.1796
190 2.3415 6.0700 7.1812
191 2.3420 6.0698 7.1809
191 2.3424 6.0709 7.1833
191 2.3435 6.0720 7.1845
191 2.3445 6.0727 7.1857
191 2.3447 6.0723 7.1856
191 2.3448 6.0719 7.1855
191 2.3450 6.0718 7.1859
191 2.3452 6.0716 7.1858
191 2.3453 6.0717 7.1864
191 2.3455 6.0719 7.1872
191 2.3456 6.0722 7.1881
191 2.3458 6.0723 7.1888
191 2.3468 6.0729 7.1896
191 2.3464 6.0737 7.1898
191 2.3461 6.0723 7.1879
191 2.3457 6.0714 7.1865
191 2.3467 6.0725 7.1875
191 2.3463 6.0730 7.1880
192 2.3460 6.0733 7.1883
192 2.3464 6.0732 7.1882
192 2.3460 6.0742 7.1893
192 2.3456 6.0749 7.1895
192 2.3458 6.0751 7.1898
192 2.3459 6.0760 7.1905
192 2.3461 6.0756 7.1904
192 2.3462 6.0752 7.1903
192 2.3463 6.0756 7.1915
192 2.3465 6.0769 7.1926
192 2.3466 6.0770 7.1931
192 2.3468 6.0772 7.1938
192 2.3478 6.0782 7.1953
192 2.3474 6.0769 7.1934
192 2.3470 6.0766 7.1926
192 2.3467 6.0771 7.1931
192 2.3463 6.0777 7.1939
193 2.3467 6.0779 7.1944
193 2.3463 6.0787 7.1954
193 2.3465 6.0800 7.1978
193 2.3462 6.0799 7.1978
193 2.3472 6.0808 7.1987
193 2.3468 6.0795 7.1969
193 2.3464 6.0785 7.1955
193 2.3466 6.0788 7.1957
193 2.3463 6.0796 7.1962
193 2.3464 6.0793 7.1966
193 2.3465 6.0796 7.1970
193 2.3467 6.0795 7.1974
193 2.3468 6.0795 7.1982
193 2.3464 6.0807 7.1994
193 2.3461 6.0793 7.1975
193 2.3457 6.0789 7.1966
193 2.3458 6.0798 7.1977
193 2.3458 6.0800 7.1974
193 2.3458 6.0807 7.1980
193 2.3458 6.0811 7.1980
193 2.3458 6.0815 7.1979
194 2.3454 6.0825 7.1991
194 2.3450 6.0811 7.1972
194 2.3454 6.0815 7.1977
194 2.3450 6.0802 7.1959
194 2.3455 6.0803 7.1966
194 2.3459 6.0812 7.1978
194 2.3463 6.0810 7.1981
194 2.3467 6.0812 7.1992
194 2.3471 6.0823 7.2007
194 2.3467 6.0809 7.1989
194 2.3463 6.0800 7.1975
195 2.3465 6.0808 7.1984
195 2.3467 6.0820 7.1994
195 2.3464 6.0829 7.2005
195 2.3466 6.0831 7.2017
195 2.3462 6.0829 7.2032
195 2.3458 6.0816 7.2013
195 2.3455 6.0813 7.2006
195 2.3451 6.0818 7.2011
195 2.3452 6.0822 7.2018
195 2.3452 6.0827 7.2019
195 2.3452 6.0839 7.2025
195 2.3452 6.0840 7.2022
195 2.3452 6.0847 7.2027
195 2.3462 6.0857 7.2041
195 2.3458 6.0862 7.2045
195 2.3454 6.0849 7.2027
195 2.3451 6.0846 7.2019
195 2.3461 6.0858 7.2034
196 2.3465 6.0857 7.2033
196 2.3461 6.0843 7.2014
196 2.3457 6.0834 7.2001
196 2.3459 6.0839 7.2024
196 2.3460 6.0840 7.2029
196 2.3461 6.0840 7.2035
196 2.3463 6.0836 7.2034
196 2.3464 6.0832 7.2033
197 2.3460 6.0819 7.2015
197 2.3464 6.0818 7.2013
197 2.3464 6.0822 7.2013
197 2.3464 6.0825 7.2012
197 2.3464 6.0826 7.2009
197 2.3464 6.0828 7.2008
197 2.3460 6.0837 7.2017
197 2.3470 6.0846 7.2029
197 2.3466 6.0833 7.2011
197 2.3468 6.0844 7.2022
197 2.3465 6.0855 7.2037
197 2.3461 6.0841 7.2019
197 2.3457 6.0837 7.2010
197 2.3461 6.0838 7.2014
198 2.3458 6.0825 7.1996
198 2.3454 6.0816 7.1982
198 2.3458 6.0818 7.2006
198 2.3462 6.0838 7.2021
198 2.3463 6.0837 7.2020
198 2.3465 6.0833 7.2018
198 2.3466 6.0832 7.2021
198 2.3467 6.0832 7.2025
198 2.3468 6.0831 7.2031
198 2.3465 6.0818 7.2013
198 2.3461 6.0816 7.2005
198 2.3463 6.0817 7.2017
198 2.3463 6.0819 7.2016
198 2.3463 6.0820 7.2013
198 2.3463 6.0825 7.2014
198 2.3463 6.0830 7.2014
198 2.3463 6.0833 7.2013
198 2.3459 6.0820 7.1995
198 2.3461 6.0828 7.2004
199 2.3457 6.0829 7.2007
199 2.3459 6.0837 7.2022
199 2.3463 6.0833 7.2025
199 2.3467 6.0838 7.2033
199 2.3471 6.0835 7.2035
199 2.3475 6.0831 7.2038
199 2.3479 6.0834 7.2048
199 2.3483 6.0834 7.2048
199 2.3479 6.0839 7.2052
199 2.3475 6.0826 7.2034
199 2.3472 6.0817 7.2020
199 2.3468 6.0825 7.2028
199 2.3470 6.0822 7.2031
199 2.3472 6.0824 7.2033
200 2.3474 6.0840 7.2044
200 2.3471 6.0847 7.2067
200 2.3473 6.0848 7.2068
200 2.3469 6.0835 7.2050
200 2.3465 6.0830 7.2041
200 2.3467 6.0830 7.2047
200 2.3467 6.0834 7.2048
200 2.3467 6.0835 7.2045
200 2.3466 6.0837 7.2043
200 2.3466 6.0842 7.2045
200 2.3463 6.0849 7.2050
200 2.3459 6.0836 7.2032
200 2.3469 6.0842 7.2040
200 2.3465 6.0842 7.2040
200 2.3475 6.0849 7.2046
200 2.3479 6.0847 7.2044
201 2.3475 6.0834 7.2026
201 2.3472 6.0825 7.2013
201 2.3475 6.0825 7.2036
201 2.3485 6.0829 7.2050
201 2.3486 6.0832 7.2057
201 2.3488 6.0831 7.2056
201 2.3489 6.0831 7.2058
201 2.3490 6.0829 7.2057
201 2.3500 6.0839 7.2080
201 2.3496 6.0826 7.2063
201 2.3493 6.0822 7.2053
201 2.3494 6.0827 7.2061
201 2.3494 6.0827 7.2059
201 2.3494 6.0829 7.2057
201 2.3494 6.0834 7.2058
201 2.3493 6.0835 7.2055
201 2.3495 6.0844 7.2067
202 2.3492 6.0851 7.2069
202 2.3488 6.0838 7.2052
202 2.3485 6.0830 7.2039
202 2.3481 6.0827 7.2031
202 2.3478 6.0818 7.2018
202 2.3474 6.0806 7.2000
202 2.3478 6.0807 7.2007
202 2.3481 6.0806 7.2012
202 2.3485 6.0803 7.2014
202 2.3489 6.0799 7.2017
202 2.3493 6.0798 7.2015
202 2.3489 6.0785 7.1997
202 2.3485 6.0777 7.1984
202 2.3487 6.0776 7.1987
203 2.3484 6.0768 7.1974
203 2.3488 6.0776 7.1989
203 2.3490 6.0772 7.1989
203 2.3486 6.0768 7.1996
203 2.3483 6.0755 7.1978
203 2.3485 6.0754 7.1993
203 2.3484 6.0758 7.1993
203 2.3484 6.0761 7.1992
203 2.3484 6.0762 7.1989
203 2.3484 6.0763 7.1987
203 2.3485 6.0771 7.2002
203 2.3482 6.0758 7.1984
203 2.3478 6.0750 7.1971
203 2.3475 6.0741 7.1958
204 2.3471 6.0742 7.1954
204 2.3468 6.0739 7.1947
204 2.3471 6.0737 7.1944
204 2.3468 6.0725 7.1927
204 2.3464 6.0716 7.1913
204 2.3461 6.0712 7.1904
204 2.3457 6.0707 7.1895
204 2.3458 6.0710 7.1901
204 2.3460 6.0709 7.1899
204 2.3461 6.0709 7.1902
204 2.3462 6.0707 7.1901
204 2.3459 6.0703 7.1892
204 2.3460 6.0707 7.1898
204 2.3460 6.0712 7.1898
204 2.3460 6.0714 7.1897
204 2.3460 6.0716 7.1896
204 2.3460 6.0717 7.1894
205 2.3456 6.0724 7.1896
205 2.3453 6.0712 7.1879
205 2.3449 6.0709 7.1871
205 2.3450 6.0715 7.1881
205 2.3447 6.0706 7.1868
206 2.3449 6.0707 7.1873
206 2.3450 6.0706 7.1875
206 2.3450 6.0706 7.1876
206 2.3450 6.0702 7.1875
206 2.3450 6.0702 7.1876
206 2.3450 6.0698 7.1874
206 2.3452 6.0702 7.1880
206 2.3448 6.0689 7.1863
206 2.3450 6.0692 7.1868
207 2.3454 6.0696 7.1875
207 2.3451 6.0687 7.1862
207 2.3452 6.0690 7.1867
207 2.3448 6.0701 7.1875
207 2.3458 6.0704 7.1897
208 2.3460 6.0709 7.1904
208 2.3460 6.0708 7.1904
208 2.3460 6.0706 7.1903
208 2.3459 6.0706 7.1906
208 2.3459 6.0705 7.1906
208 2.3456 6.0692 7.1889
209 2.3452 6.0684 7.1876
209 2.3454 6.0685 7.1882
209 2.3455 6.0689 7.1888
209 2.3457 6.0696 7.1895
209 2.3457 6.0695 7.1897
209 2.3457 6.0693 7.1895
209 2.3456 6.0695 7.1899
209 2.3456 6.0691 7.1897
209 2.3458 6.0692 7.1902
209 2.3455 6.0680 7.1885
209 2.3451 6.0687 7.1894
210 2.3453 6.0689 7.1898
210 2.3450 6.0681 7.1885
210 2.3451 6.0679 7.1887
210 2.3453 6.0683 7.1896
211 2.3450 6.0692 7.1919
211 2.3450 6.0695 7.1930
211 2.3450 6.0694 7.1933
211 2.3449 6.0700 7.1956
211 2.3449 6.0698 7.1958
211 2.3450 6.0704 7.1963
211 2.3447 6.0692 7.1946
212 2.3456 6.0693 7.1953
212 2.3453 6.0684 7.1940
212 2.3454 6.0683 7.1942
212 2.3463 6.0687 7.1949
212 2.3473 6.0686 7.1963
212 2.3469 6.0688 7.1967
212 2.3469 6.0687 7.1968
212 2.3469 6.0684 7.1967
212 2.3469 6.0683 7.1967
212 2.3468 6.0679 7.1965
213 2.3470 6.0689 7.1973
213 2.3467 6.0677 7.1956
213 2.3464 6.0669 7.1943
213 2.3465 6.0671 7.1946
214 2.3466 6.0684 7.1957
214 2.3468 6.0687 7.1964
214 2.3465 6.0685 7.1979
214 2.3465 6.0685 7.1980
214 2.3464 6.0684 7.1981
214 2.3464 6.0682 7.1979
214 2.3464 6.0683 7.1981
214 2.3466 6.0684 7.1985
214 2.3462 6.0672 7.1968
214 2.3459 6.0672 7.1964
214 2.3456 6.0670 7.1957
214 2.3459 6.0670 7.1957
215 2.3461 6.0673 7.1961
215 2.3462 6.0672 7.1959
215 2.3463 6.0668 7.1958
215 2.3464 6.0667 7.1958
215 2.3466 6.0674 7.1969
215 2.3462 6.0666 7.1956
215 2.3466 6.0670 7.1961
215 2.3462 6.0661 7.1948
216 2.3464 6.0675 7.1970
216 2.3465 6.0673 7.1969
216 2.3466 6.0672 7.1968
216 2.3467 6.0671 7.1966
216 2.3464 6.0659 7.1950
216 2.3461 6.0650 7.1937
216 2.3464 6.0648 7.1934
216 2.3465 6.0647 7.1933
216 2.3467 6.0643 7.1932
216 2.3468 6.0643 7.1933
216 2.3469 6.0639 7.1932
216 2.3469 6.0645 7.1944
216 2.3465 6.0636 7.1931
217 2.3469 6.0635 7.1929
217 2.3466 6.0627 7.1916
217 2.3469 6.0640 7.1925
217 2.3470 6.0648 7.1931
217 2.3471 6.0645 7.1929
217 2.3472 6.0644 7.1933
217 2.3474 6.0640 7.1931
217 2.3470 6.0628 7.1915
217 2.3467 6.0620 7.1902
217 2.3464 6.0618 7.1895
218 2.3465 6.0623 7.1900
218 2.3461 6.0614 7.1887
218 2.3470 6.0622 7.1901
219 2.3467 6.0634 7.1911
219 2.3464 6.0626 7.1898
219 2.3464 6.0628 7.1904
219 2.3463 6.0630 7.1907
219 2.3463 6.0629 7.1907
219 2.3463 6.0627 7.1905
219 2.3463 6.0628 7.1907
219 2.3459 6.0616 7.1890
219 2.3456 6.0608 7.1878
219 2.3458 6.0621 7.1887
219 2.3460 6.0635 7.1898
220 2.3457 6.0626 7.1885
220 2.3454 6.0628 7.1888
220 2.3456 6.0635 7.1898
220 2.3452 6.0627 7.1885
220 2.3452 6.0631 7.1896
220 2.3452 6.0633 7.1898
220 2.3452 6.0629 7.1896
220 2.3452 6.0627 7.1894
220 2.3451 6.0631 7.1908
220 2.3448 6.0619 7.1892
221 2.3445 6.0611 7.1879
222 2.3444 6.0612 7.1887
222 2.3444 6.0611 7.1892
222 2.3444 6.0611 7.1893
222 2.3444 6.0607 7.1891
222 2.3443 6.0607 7.1891
222 2.3443 6.0603 7.1889
222 2.3440 6.0591 7.1873
223 2.3437 6.0583 7.1860
223 2.3433 6.0587 7.1867
223 2.3435 6.0589 7.1869
223 2.3431 6.0600 7.1880
223 2.3440 6.0601 7.1886
223 2.3449 6.0602 7.1900
223 2.3446 6.0603 7.1896
223 2.3443 6.0600 7.1889
223 2.3439 6.0604 7.1897
223 2.3439 6.0603 7.1898
223 2.3439 6.0602 7.1898
223 2.3438 6.0600 7.1896
223 2.3438 6.0601 7.1897
224 2.3435 6.0589 7.1881
224 2.3432 6.0587 7.1874
224 2.3428 6.0579 7.1861
225 2.3429 6.0582 7.1868
225 2.3426 6.0585 7.1875
225 2.3426 6.0586 7.1886
225 2.3426 6.0588 7.1893
225 2.3425 6.0586 7.1891
225 2.3425 6.0583 7.1890
225 2.3425 6.0581 7.1889
225 2.3427 6.0585 7.1898
225 2.3424 6.0573 7.1882
226 2.3425 6.0576 7.1893
226 2.3422 6.0568 7.1880
226 2.3425 6.0568 7.1887
226 2.3422 6.0569 7.1883
227 2.3422 6.0569 7.1892
227 2.3421 6.0573 7.1903
227 2.3421 6.0571 7.1901
227 2.3421 6.0567 7.1899
227 2.3420 6.0570 7.1906
227 2.3423 6.0574 7.1911
227 2.3419 6.0580 7.1913
227 2.3416 6.0569 7.1897
227 2.3413 6.0566 7.1890
227 2.3410 6.0576 7.1898
227 2.3412 6.0584 7.1904
227 2.3408 6.0580 7.1896
228 2.3405 6.0568 7.1880
228 2.3402 6.0560 7.1867
228 2.3403 6.0558 7.1869
228 2.3405 6.0558 7.1874
228 2.3402 6.0570 7.1895
228 2.3399 6.0559 7.1879
228 2.3395 6.0555 7.1871
228 2.3395 6.0554 7.1873
228 2.3395 6.0552 7.1876
228 2.3395 6.0552 7.1877
228 2.3394 6.0548 7.1875
228 2.3391 6.0537 7.1859
228 2.3388 6.0533 7.1851
229 2.3385 6.0521 7.1835
229 2.3381 6.0519 7.1828
229 2.3378 6.0525 7.1830
229 2.3375 6.0517 7.1817
230 2.3372 6.0523 7.1819
230 2.3371 6.0521 7.1827
230 2.3371 6.0520 7.1828
230 2.3371 6.0518 7.1830
230 2.3370 6.0518 7.1831
230 2.3370 6.0514 7.1829
230 2.3367 6.0520 7.1830
230 2.3364 6.0509 7.1815
230 2.3366 6.0524 7.1825
230 2.3368 6.0536 7.1833
230 2.3367 6.0540 7.1847
230 2.3371 6.0539 7.1852
230 2.3375 6.0539 7.1856
230 2.3378 6.0535 7.1858
230 2.3382 6.0532 7.1861
231 2.3384 6.0531 7.1872
231 2.3381 6.0519 7.1856
231 2.3378 6.0511 7.1844
231 2.3380 6.0511 7.1847
231 2.3383 6.0511 7.1852
231 2.3387 6.0515 7.1856
231 2.3389 6.0512 7.1857
231 2.3391 6.0514 7.1862
231 2.3388 6.0511 7.1868
231 2.3385 6.0499 7.1852
231 2.3387 6.0499 7.1856
231 2.3386 6.0503 7.1856
231 2.3386 6.0506 7.1855
231 2.3386 6.0507 7.1853
231 2.3385 6.0509 7.1852
231 2.3388 6.0511 7.1856
231 2.3384 6.0499 7.1840
231 2.3381 6.0496 7.1832
232 2.3385 6.0498 7.1837
232 2.3382 6.0487 7.1821
232 2.3378 6.0479 7.1809
232 2.3380 6.0482 7.1814
233 2.3383 6.0482 7.1818
233 2.3387 6.0492 7.1839
233 2.3390 6.0491 7.1845
233 2.3394 6.0490 7.1849
233 2.3391 6.0500 7.1856
233 2.3387 6.0488 7.1840
233 2.3389 6.0496 7.1848
233 2.3388 6.0499 7.1849
233 2.3388 6.0514 7.1860
233 2.3388 6.0519 7.1861
233 2.3387 6.0524 7.1862
233 2.3389 6.0528 7.1866
233 2.3386 6.0516 7.1851
233 2.3383 6.0514 7.1844
233 2.3387 6.0517 7.1848
234 2.3390 6.0519 7.1857
234 2.3393 6.0518 7.1862
234 2.3397 6.0514 7.1864
234 2.3400 6.0523 7.1878
234 2.3397 6.0512 7.1863
234 2.3394 6.0504 7.1850
234 2.3396 6.0502 7.1853
234 2.3397 6.0502 7.1858
234 2.3399 6.0506 7.1861
234 2.3396 6.0513 7.1869
234 2.3393 6.0525 7.1890
234 2.3390 6.0513 7.1874
234 2.3393 6.0516 7.1877
234 2.3393 6.0523 7.1882
234 2.3393 6.0524 7.1880
234 2.3392 6.0534 7.1885
234 2.3392 6.0547 7.1894
235 2.3394 6.0548 7.1898
235 2.3391 6.0536 7.1883
235 2.3388 6.0543 7.1890
235 2.3390 6.0544 7.1893
235 2.3387 6.0540 7.1885
235 2.3390 6.0539 7.1883
235 2.3387 6.0528 7.1868
235 2.3384 6.0520 7.1855
236 2.3387 6.0523 7.1862
236 2.3390 6.0521 7.1868
236 2.3394 6.0527 7.1889
236 2.3397 6.0526 7.1894
236 2.3400 6.0534 7.1903
236 2.3397 6.0522 7.1888
236 2.3399 6.0527 7.1892
236 2.3401 6.0525 7.1898
236 2.3400 6.0530 7.1898
236 2.3400 6.0532 7.1897
236 2.3400 6.0539 7.1903
236 2.3399 6.0540 7.1901
236 2.3396 6.0529 7.1886
236 2.3393 6.0526 7.1880
236 2.3395 6.0528 7.1888
236 2.3397 6.0527 7.1891
236 2.3399 6.0523 7.1895
236 2.3401 6.0520 7.1895
237 2.3402 6.0519 7.1897
237 2.3399 6.0508 7.1882
237 2.3396 6.0500 7.1870
237 2.3405 6.0500 7.1874
237 2.3413 6.0503 7.1881
238 2.3410 6.0492 7.1866
238 2.3407 6.0489 7.1858
238 2.3409 6.0488 7.1859
238 2.3408 6.0492 7.1859
238 2.3408 6.0495 7.1858
238 2.3408 6.0496 7.1856
238 2.3407 6.0498 7.1855
238 2.3416 6.0499 7.1866
238 2.3413 6.0488 7.1851
238 2.3415 6.0497 7.1857
238 2.3412 6.0486 7.1842
238 2.3415 6.0488 7.1846
238 2.3417 6.0499 7.1860
239 2.3414 6.0488 7.1844
239 2.3411 6.0480 7.1832
239 2.3414 6.0495 7.1843
239 2.3415 6.0492 7.1842
239 2.3417 6.0491 7.1844
239 2.3418 6.0491 7.1847
239 2.3419 6.0490 7.1852
239 2.3416 6.0479 7.1837
239 2.3418 6.0480 7.1846
239 2.3418 6.0481 7.1843
239 2.3417 6.0485 7.1844
239 2.3417 6.0489 7.1844
239 2.3417 6.0492 7.1843
239 2.3420 6.0492 7.1848
239 2.3417 6.0481 7.1833
240 2.3420 6.0481 7.1833
240 2.3421 6.0480 7.1832
240 2.3423 6.0479 7.1831
240 2.3424 6.0485 7.1836
240 2.3425 6.0487 7.1839
240 2.3426 6.0490 7.1843
240 2.3428 6.0492 7.1849
240 2.3429 6.0494 7.1855
240 2.3430 6.0499 7.1864
240 2.3431 6.0505 7.1872
240 2.3428 6.0494 7.1857
240 2.3425 6.0486 7.1845
241 2.3428 6.0490 7.1850
241 2.3425 6.0488 7.1843
241 2.3426 6.0493 7.1847
241 2.3428 6.0492 7.1847
241 2.3429 6.0491 7.1846
241 2.3430 6.0489 7.1844
241 2.3431 6.0491 7.1849
241 2.3432 6.0492 7.1855
241 2.3433 6.0495 7.1858
241 2.3434 6.0497 7.1863
241 2.3431 6.0486 7.1848
241 2.3435 6.0484 7.1846
241 2.3432 6.0480 7.1838
242 2.3433 6.0477 7.1837
242 2.3434 6.0474 7.1836
242 2.3435 6.0476 7.1839
242 2.3436 6.0475 7.1838
242 2.3437 6.0475 7.1843
242 2.3438 6.0477 7.1847
242 2.3439 6.0480 7.1854
242 2.3440 6.0481 7.1859
242 2.3440 6.0485 7.1868
242 2.3437 6.0474 7.1853
242 2.3434 6.0467 7.1841
242 2.3442 6.0469 7.1847
242 2.3445 6.0468 7.1846
242 2.3442 6.0465 7.1838
242 2.3446 6.0476 7.1845
242 2.3447 6.0479 7.1848
242 2.3448 6.0486 7.1853
242 2.3449 6.0482 7.1852
242 2.3450 6.0479 7.1850
242 2.3451 6.0482 7.1857
242 2.3452 6.0492 7.1866
242 2.3452 6.0493 7.1869
242 2.3453 6.0494 7.1873
243 2.3450 6.0483 7.1858
243 2.3452 6.0481 7.1861
243 2.3454 6.0483 7.1869
243 2.3456 6.0485 7.1877
243 2.3458 6.0484 7.1879
243 2.3455 6.0473 7.1864
243 2.3459 6.0474 7.1868
243 2.3462 6.0479 7.1881
243 2.3459 6.0468 7.1866
243 2.3456 6.0460 7.1855
243 2.3453 6.0467 7.1864
244 2.3456 6.0480 7.1884
244 2.3453 6.0490 7.1891
244 2.3455 6.0491 7.1899
244 2.3455 6.0493 7.1897
244 2.3454 6.0499 7.1901
244 2.3454 6.0502 7.1900
244 2.3454 6.0505 7.1899
244 2.3451 6.0495 7.1884
244 2.3448 6.0491 7.1877
244 2.3450 6.0503 7.1884
245 2.3453 6.0506 7.1888
245 2.3455 6.0518 7.1897
245 2.3452 6.0519 7.1900
245 2.3449 6.0508 7.1885
245 2.3446 6.0501 7.1874
245 2.3448 6.0507 7.1881
245 2.3449 6.0505 7.1880
245 2.3450 6.0513 7.1893
245 2.3451 6.0511 7.1897
245 2.3452 6.0512 7.1900
245 2.3449 6.0502 7.1886
245 2.3452 6.0505 7.1889
245 2.3454 6.0509 7.1896
245 2.3454 6.0512 7.1896
245 2.3454 6.0521 7.1901
245 2.3453 6.0522 7.1899
245 2.3453 6.0528 7.1902
246 2.3450 6.0517 7.1887
246 2.3447 6.0515 7.1881
246 2.3450 6.0514 7.1879
246 2.3447 6.0515 7.1876
246 2.3451 6.0516 7.1882
246 2.3454 6.0515 7.1885
246 2.3457 6.0512 7.1887
246 2.3460 6.0509 7.1889
246 2.3457 6.0498 7.1874
246 2.3454 6.0491 7.1863
247 2.3456 6.0490 7.1865
247 2.3458 6.0487 7.1865
247 2.3455 6.0483 7.1870
247 2.3452 6.0473 7.1856
247 2.3449 6.0469 7.1848
247 2.3452 6.0468 7.1847
247 2.3452 6.0472 7.1847
247 2.3452 6.0475 7.1845
247 2.3451 6.0475 7.1843
247 2.3451 6.0477 7.1842
247 2.3448 6.0466 7.1828
247 2.3445 6.0464 7.1822
247 2.3447 6.0460 7.1825
247 2.3449 6.0460 7.1830
247 2.3451 6.0461 7.1837
247 2.3453 6.0460 7.1838
248 2.3453 6.0461 7.1845
248 2.3456 6.0462 7.1848
248 2.3453 6.0459 7.1840
248 2.3455 6.0468 7.1853
248 2.3452 6.0474 7.1855
248 2.3449 6.0463 7.1840
248 2.3446 6.0456 7.1829
248 2.3443 6.0454 7.1823
248 2.3440 6.0462 7.1829
248 2.3437 6.0466 7.1834
249 2.3445 6.0466 7.1838
249 2.3442 6.0463 7.1831
249 2.3445 6.0463 7.1834
249 2.3445 6.0464 7.1831
249 2.3445 6.0468 7.1832
249 2.3445 6.0471 7.1832
249 2.3445 6.0473 7.1830
249 2.3453 6.0476 7.1840
249 2.3450 6.0466 7.1826
249 2.3453 6.0466 7.1826
249 2.3450 6.0456 7.1812
249 2.3453 6.0459 7.1818
249 2.3456 6.0457 7.1821
249 2.3459 6.0454 7.1823
249 2.3462 6.0457 7.1830
250 2.3465 6.0459 7.1836
250 2.3462 6.0449 7.1822
250 2.3459 6.0442 7.1811
250 2.3461 6.0439 7.1813
250 2.3463 6.0452 7.1822
250 2.3460 6.0457 7.1835
250 2.3463 6.0460 7.1841
250 2.3464 6.0460 7.1846
250 2.3464 6.0467 7.1850
250 2.3463 6.0469 7.1848
250 2.3463 6.0475 7.1854
250 2.3463 6.0480 7.1856
250 2.3460 6.0469 7.1842
251 2.3463 6.0468 7.1840
251 2.3460 6.0457 7.1826
251 2.3457 6.0463 7.1827
251 2.3454 6.0453 7.1813
251 2.3452 6.0445 7.1802
251 2.3453 6.0446 7.1806
251 2.3461 6.0454 7.1816
251 2.3464 6.0457 7.1822
251 2.3467 6.0456 7.1827
251 2.3469 6.0456 7.1832
251 2.3472 6.0455 7.1837
252 2.3469 6.0461 7.1843
252 2.3478 6.0469 7.1852
252 2.3475 6.0474 7.1853
252 2.3472 6.0464 7.1839
252 2.3473 6.0467 7.1844
252 2.3473 6.0472 7.1845
252 2.3472 6.0473 7.1844
252 2.3472 6.0476 7.1844
252 2.3472 6.0477 7.1842
252 2.3474 6.0483 7.1847
252 2.3471 6.0491 7.1851
252 2.3468 6.0480 7.1837
253 2.3465 6.0487 7.1840
253 2.3468 6.0486 7.1838
253 2.3465 6.0476 7.1824
253 2.3462 6.0469 7.1813
253 2.3465 6.0475 7.1823
253 2.3466 6.0476 7.1828
253 2.3467 6.0476 7.1832
253 2.3468 6.0472 7.1831
253 2.3469 6.0469 7.1830
253 2.3466 6.0466 7.1822
253 2.3468 6.0465 7.1831
253 2.3468 6.0467 7.1830
253 2.3468 6.0470 7.1829
253 2.3468 6.0470 7.1827
253 2.3467 6.0471 7.1825
254 2.3467 6.0471 7.1838
254 2.3464 6.0478 7.1841
254 2.3461 6.0468 7.1827
254 2.3463 6.0468 7.1832
254 2.3465 6.0468 7.1834
254 2.3467 6.0464 7.1837
254 2.3469 6.0461 7.1837
254 2.3472 6.0460 7.1835
254 2.3469 6.0466 7.1838
254 2.3466 6.0470 7.1843
254 2.3463 6.0476 7.1845
254 2.3460 6.0465 7.1830
254 2.3457 6.0458 7.1819
254 2.3455 6.0458 7.1826
255 2.3452 6.0448 7.1812
255 2.3449 6.0446 7.1806
255 2.3452 6.0445 7.1804
255 2.3452 6.0449 7.1804
255 2.3451 6.0451 7.1803
255 2.3451 6.0451 7.1800
255 2.3451 6.0452 7.1799
255 2.3454 6.0455 7.1805
255 2.3451 6.0460 7.1806
255 2.3448 6.0450 7.1792
255 2.3445 6.0448 7.1786
256 2.3448 6.0451 7.1790
256 2.3445 6.0441 7.1776
256 2.3442 6.0433 7.1765
256 2.3443 6.0436 7.1770
256 2.3444 6.0435 7.1769
256 2.3446 6.0443 7.1782
256 2.3447 6.0443 7.1784
256 2.3448 6.0443 7.1787
256 2.3445 6.0433 7.1773
256 2.3447 6.0435 7.1777
257 2.3448 6.0441 7.1783
257 2.3447 6.0443 7.1782
257 2.3447 6.0455 7.1789
257 2.3447 6.0459 7.1790
257 2.3447 6.0462 7.1790
257 2.3449 6.0465 7.1797
257 2.3446 6.0455 7.1783
257 2.3443 6.0451 7.1776
257 2.3446 6.0454 7.1779
257 2.3449 6.0453 7.1783
257 2.3451 6.0456 7.1790
257 2.3454 6.0455 7.1796
257 2.3457 6.0463 7.1806
257 2.3460 6.0465 7.1811
257 2.3457 6.0455 7.1797
257 2.3454 6.0448 7.1787
258 2.3456 6.0446 7.1789
258 2.3458 6.0457 7.1796
258 2.3455 6.0459 7.1802
258 2.3452 6.0449 7.1788
258 2.3453 6.0449 7.1792
258 2.3453 6.0451 7.1791
258 2.3453 6.0456 7.1793
258 2.3452 6.0459 7.1795
258 2.3452 6.0469 7.1801
258 2.3455 6.0469 7.1806
258 2.3452 6.0459 7.1792
258 2.3449 6.0466 7.1798
258 2.3451 6.0469 7.1803
258 2.3453 6.0468 7.1806
258 2.3455 6.0470 7.1818
258 2.3457 6.0469 7.1822
259 2.3458 6.0474 7.1826
259 2.3460 6.0473 7.1828
259 2.3457 6.0463 7.1814
259 2.3454 6.0456 7.1803
260 2.3451 6.0457 7.1801
260 2.3448 6.0455 7.1795
260 2.3449 6.0453 7.1796
260 2.3449 6.0454 7.1794
260 2.3449 6.0455 7.1793
260 2.3449 6.0458 7.1793
260 2.3449 6.0459 7.1792
260 2.3446 6.0449 7.1778
260 2.3447 6.0452 7.1785
260 2.3450 6.0451 7.1783
260 2.3451 6.0458 7.1796
260 2.3449 6.0448 7.1782
260 2.3446 6.0445 7.1775
260 2.3449 6.0448 7.1780
260 2.3451 6.0447 7.1784
260 2.3454 6.0446 7.1789
260 2.3457 6.0445 7.1792
261 2.3458 6.0448 7.1797
261 2.3456 6.0438 7.1783
261 2.3453 6.0431 7.1772
261 2.3455 6.0430 7.1775
261 2.3456 6.0430 7.1778
261 2.3458 6.0433 7.1781
261 2.3455 6.0435 7.1786
261 2.3453 6.0432 7.1779
261 2.3454 6.0434 7.1782
261 2.3456 6.0433 7.1784
261 2.3455 6.0437 7.1784
261 2.3455 6.0438 7.1783
261 2.3455 6.0441 7.1783
261 2.3455 6.0442 7.1781
261 2.3452 6.0432 7.1768
261 2.3449 6.0430 7.1762
262 2.3452 6.0432 7.1766
262 2.3449 6.0433 7.1763
262 2.3452 6.0432 7.1768
262 2.3454 6.0431 7.1770
262 2.3457 6.0430 7.1774
262 2.3460 6.0430 7.1778
262 2.3457 6.0420 7.1764
262 2.3454 6.0413 7.1754
262 2.3456 6.0420 7.1761
262 2.3457 6.0423 7.1765
262 2.3454 6.0427 7.1775
263 2.3452 6.0429 7.1786
263 2.3453 6.0429 7.1790
263 2.3451 6.0428 7.1798
263 2.3448 6.0418 7.1785
263 2.3445 6.0415 7.1778
263 2.3448 6.0418 7.1781
263 2.3450 6.0423 7.1788
263 2.3449 6.0426 7.1790
263 2.3449 6.0428 7.1788
263 2.3449 6.0430 7.1788
263 2.3449 6.0434 7.1787
263 2.3450 6.0436 7.1791
263 2.3448 6.0438 7.1799
263 2.3445 6.0428 7.1786
263 2.3442 6.0426 7.1780
263 2.3445 6.0429 7.1782
264 2.3442 6.0425 7.1775
264 2.3445 6.0427 7.1780
264 2.3442 6.0432 7.1781
264 2.3439 6.0422 7.1767
264 2.3437 6.0416 7.1757
264 2.3434 6.0413 7.1751
264 2.3435 6.0415 7.1753
264 2.3436 6.0418 7.1756
264 2.3437 6.0417 7.1756
264 2.3438 6.0415 7.1759
264 2.3441 6.0415 7.1763
264 2.3438 6.0412 7.1756
264 2.3435 6.0419 7.1761
264 2.3436 6.0419 7.1765
264 2.3436 6.0421 7.1765
264 2.3436 6.0425 7.1766
264 2.3436 6.0428 7.1768
264 2.3435 6.0430 7.1766
265 2.3433 6.0420 7.1752
265 2.3435 6.0425 7.1756
265 2.3437 6.0424 7.1754
265 2.3434 6.0414 7.1741
265 2.3437 6.0416 7.1745
265 2.3440 6.0415 7.1749
265 2.3442 6.0417 7.1754
265 2.3445 6.0416 7.1758
265 2.3442 6.0406 7.1744
265 2.3439 6.0399 7.1734
265 2.3441 6.0398 7.1736
266 2.3443 6.0401 7.1738
266 2.3440 6.0403 7.1743
266 2.3441 6.0403 7.1746
266 2.3441 6.0407 7.1746
266 2.3441 6.0408 7.1745
266 2.3441 6.0410 7.1745
266 2.3440 6.0411 7.1743
266 2.3438 6.0402 7.1729
266 2.3439 6.0404 7.1734
266 2.3441 6.0403 7.1736
266 2.3443 6.0404 7.1746
266 2.3445 6.0403 7.1749
267 2.3444 6.0404 7.1754
267 2.3447 6.0403 7.1752
267 2.3444 6.0393 7.1739
267 2.3442 6.0387 7.1729
267 2.3449 6.0388 7.1737
267 2.3447 6.0394 7.1744
267 2.3444 6.0384 7.1731
268 2.3445 6.0396 7.1743
268 2.3445 6.0396 7.1741
268 2.3445 6.0398 7.1740
268 2.3444 6.0399 7.1739
268 2.3444 6.0400 7.1737
268 2.3442 6.0402 7.1740
268 2.3449 6.0407 7.1748
268 2.3447 6.0397 7.1734
268 2.3444 6.0395 7.1728
268 2.3441 6.0396 7.1731
268 2.3444 6.0397 7.1734
268 2.3441 6.0398 7.1731
268 2.3442 6.0396 7.1734
268 2.3443 6.0399 7.1737
268 2.3444 6.0400 7.1741
268 2.3445 6.0399 7.1745
268 2.3446 6.0400 7.1757
268 2.3447 6.0406 7.1764
268 2.3449 6.0408 7.1773
268 2.3450 6.0410 7.1791
269 2.3447 6.0401 7.1778
269 2.3444 6.0394 7.1768
269 2.3447 6.0397 7.1771
269 2.3448 6.0403 7.1781
269 2.3445 6.0393 7.1768
269 2.3442 6.0390 7.1761
269 2.3443 6.0389 7.1760
269 2.3444 6.0395 7.1770
269 2.3445 6.0393 7.1773
269 2.3446 6.0395 7.1775
269 2.3447 6.0398 7.1783
269 2.3448 6.0406 7.1801
269 2.3449 6.0407 7.1811
269 2.3450 6.0412 7.1818
269 2.3448 6.0420 7.1830
269 2.3445 6.0410 7.1817
269 2.3442 6.0408 7.1811
270 2.3445 6.0414 7.1819
270 2.3442 6.0410 7.1813
270 2.3444 6.0426 7.1825
270 2.3441 6.0431 7.1826
270 2.3439 6.0421 7.1813
270 2.3436 6.0415 7.1802
270 2.3433 6.0413 7.1797
270 2.3434 6.0411 7.1799
270 2.3435 6.0411 7.1801
270 2.3436 6.0414 7.1811
270 2.3437 6.0420 7.1820
271 2.3434 6.0417 7.1813
271 2.3435 6.0419 7.1817
271 2.3435 6.0420 7.1815
271 2.3435 6.0424 7.1815
271 2.3435 6.0425 7.1813
271 2.3435 6.0432 7.1817
271 2.3436 6.0433 7.1827
271 2.3433 6.0424 7.1814
271 2.3430 6.0421 7.1808
271 2.3432 6.0432 7.1817
271 2.3429 6.0436 7.1825
271 2.3431 6.0441 7.1831
272 2.3433 6.0441 7.1835
272 2.3430 6.0432 7.1822
272 2.3428 6.0425 7.1812
272 2.3429 6.0429 7.1822
272 2.3432 6.0429 7.1822
272 2.3433 6.0428 7.1822
272 2.3434 6.0427 7.1824
272 2.3435 6.0431 7.1827
272 2.3436 6.0433 7.1830
272 2.3433 6.0424 7.1817
272 2.3435 6.0434 7.1824
272 2.3434 6.0440 7.1828
272 2.3434 6.0441 7.1826
272 2.3434 6.0447 7.1831
272 2.3434 6.0451 7.1832
272 2.3437 6.0453 7.1838
272 2.3434 6.0444 7.1825
273 2.3436 6.0442 7.1823
273 2.3437 6.0444 7.1831
273 2.3435 6.0435 7.1818
273 2.3432 6.0428 7.1808
274 2.3435 6.0431 7.1812
274 2.3437 6.0429 7.1815
274 2.3440 6.0431 7.1820
274 2.3442 6.0430 7.1823
274 2.3440 6.0434 7.1824
274 2.3437 6.0425 7.1811
274 2.3438 6.0428 7.1816
274 2.3438 6.0432 7.1816
274 2.3437 6.0433 7.1815
274 2.3437 6.0435 7.1814
274 2.3437 6.0436 7.1812
274 2.3440 6.0437 7.1824
274 2.3437 6.0427 7.1811
274 2.3434 6.0425 7.1806
274 2.3437 6.0424 7.1804
275 2.3439 6.0426 7.1809
275 2.3442 6.0432 7.1818
275 2.3444 6.0429 7.1820
275 2.3447 6.0427 7.1822
275 2.3444 6.0418 7.1809
275 2.3441 6.0411 7.1799
275 2.3443 6.0417 7.1811
275 2.3445 6.0415 7.1812
275 2.3446 6.0424 7.1824
275 2.3443 6.0421 7.1828
275 2.3441 6.0412 7.1816
275 2.3438 6.0408 7.1809
275 2.3439 6.0415 7.1817
275 2.3439 6.0417 7.1816
275 2.3439 6.0426 7.1826
275 2.3439 6.0426 7.1824
275 2.3438 6.0428 7.1823
276 2.3436 6.0418 7.1810
276 2.3437 6.0422 7.1818
276 2.3439 6.0437 7.1830
276 2.3441 6.0440 7.1833
276 2.3443 6.0446 7.1840
276 2.3444 6.0444 7.1840
276 2.3446 6.0445 7.1846
276 2.3448 6.0452 7.1858
276 2.3446 6.0453 7.1856
276 2.3447 6.0456 7.1863
276 2.3445 6.0447 7.1850
276 2.3442 6.0440 7.1840
277 2.3444 6.0447 7.1846
277 2.3446 6.0449 7.1849
277 2.3444 6.0440 7.1836
277 2.3441 6.0437 7.1829
277 2.3443 6.0436 7.1834
277 2.3443 6.0436 7.1832
277 2.3443 6.0443 7.1836
277 2.3442 6.0444 7.1835
277 2.3445 6.0446 7.1839
277 2.3442 6.0452 7.1842
277 2.3440 6.0443 7.1830
278 2.3442 6.0443 7.1830
278 2.3440 6.0449 7.1833
278 2.3442 6.0452 7.1838
278 2.3444 6.0450 7.1840
278 2.3447 6.0455 7.1852
278 2.3449 6.0457 7.1858
278 2.3446 6.0447 7.1845
278 2.3444 6.0441 7.1835
278 2.3446 6.0439 7.1837
278 2.3447 6.0444 7.1845
278 2.3448 6.0454 7.1851
278 2.3456 6.0470 7.1863
278 2.3453 6.0474 7.1873
279 2.3451 6.0471 7.1866
279 2.3452 6.0471 7.1869
279 2.3451 6.0477 7.1873
279 2.3451 6.0478 7.1871
279 2.3451 6.0479 7.1869
279 2.3451 6.0483 7.1871
279 2.3459 6.0484 7.1879
279 2.3456 6.0490 7.1881
279 2.3454 6.0480 7.1868
279 2.3455 6.0490 7.1874
279 2.3453 6.0495 7.1881
279 2.3454 6.0498 7.1888
279 2.3456 6.0499 7.1891
279 2.3463 6.0504 7.1897
279 2.3461 6.0509 7.1898
279 2.3463 6.0508 7.1903
280 2.3460 6.0512 7.1904
280 2.3457 6.0503 7.1891
280 2.3455 6.0497 7.1882
280 2.3457 6.0500 7.1885
280 2.3458 6.0502 7.1890
280 2.3459 6.0501 7.1890
280 2.3460 6.0503 7.1892
280 2.3461 6.0501 7.1891
280 2.3458 6.0492 7.1879
280 2.3456 6.0490 7.1873
280 2.3458 6.0497 7.1883
280 2.3457 6.0497 7.1881
280 2.3457 6.0498 7.1879
280 2.3457 6.0500 7.1878
280 2.3457 6.0500 7.1876
280 2.3458 6.0501 7.1884
280 2.3455 6.0505 7.1885
280 2.3453 6.0496 7.1873
280 2.3450 6.0494 7.1867
281 2.3451 6.0493 7.1869
281 2.3449 6.0484 7.1856
281 2.3446 6.0478 7.1846
281 2.3447 6.0481 7.1853
281 2.3448 6.0482 7.1856
281 2.3449 6.0481 7.1859
281 2.3450 6.0479 7.1859
281 2.3451 6.0476 7.1858
282 2.3448 6.0477 7.1863
282 2.3446 6.0467 7.1851
282 2.3443 6.0464 7.1844
282 2.3444 6.0463 7.1846
282 2.3444 6.0466 7.1845
282 2.3444 6.0468 7.1844
282 2.3444 6.0468 7.1842
282 2.3443 6.0469 7.1841
282 2.3445 6.0471 7.1844
282 2.3443 6.0462 7.1831
282 2.3440 6.0458 7.1825
282 2.3442 6.0459 7.1827
282 2.3444 6.0461 7.1830
282 2.3442 6.0458 7.1823
283 2.3444 6.0460 7.1827
283 2.3441 6.0451 7.1815
283 2.3439 6.0445 7.1805
283 2.3440 6.0444 7.1808
283 2.3441 6.0451 7.1818
283 2.3442 6.0451 7.1820
283 2.3442 6.0451 7.1822
283 2.3450 6.0457 7.1834
283 2.3447 6.0448 7.1821
283 2.3450 6.0450 7.1824
283 2.3450 6.0452 7.1822
283 2.3449 6.0461 7.1828
283 2.3449 6.0465 7.1828
283 2.3449 6.0468 7.1828
283 2.3451 6.0471 7.1832
284 2.3448 6.0462 7.1820
284 2.3450 6.0464 7.1827
284 2.3451 6.0463 7.1829
284 2.3453 6.0460 7.1832
284 2.3455 6.0466 7.1838
284 2.3457 6.0469 7.1840
284 2.3455 6.0460 7.1828
284 2.3452 6.0454 7.1818
285 2.3453 6.0454 7.1822
285 2.3450 6.0445 7.1810
285 2.3448 6.0442 7.1803
285 2.3445 6.0447 7.1809
285 2.3446 6.0447 7.1811
285 2.3446 6.0451 7.1814
285 2.3446 6.0452 7.1812
285 2.3446 6.0458 7.1816
285 2.3446 6.0466 7.1821
285 2.3443 6.0467 7.1825
285 2.3441 6.0458 7.1813
285 2.3448 6.0462 7.1818
285 2.3450 6.0463 7.1821
286 2.3447 6.0460 7.1814
286 2.3450 6.0462 7.1818
286 2.3452 6.0461 7.1821
286 2.3454 6.0465 7.1830
286 2.3457 6.0463 7.1833
286 2.3459 6.0462 7.1831
286 2.3456 6.0453 7.1819
286 2.3454 6.0447 7.1809
286 2.3456 6.0446 7.1811
286 2.3458 6.0452 7.1818
286 2.3459 6.0455 7.1820
286 2.3457 6.0458 7.1828
286 2.3455 6.0449 7.1816
286 2.3456 6.0448 7.1819
286 2.3456 6.0451 7.1820
286 2.3456 6.0453 7.1818
286 2.3456 6.0458 7.1823
286 2.3456 6.0458 7.1821
287 2.3456 6.0462 7.1824
287 2.3454 6.0453 7.1812
287 2.3452 6.0451 7.1807
287 2.3454 6.0450 7.1805
287 2.3461 6.0450 7.1809
287 2.3459 6.0441 7.1797
287 2.3456 6.0435 7.1787
288 2.3464 6.0437 7.1792
288 2.3466 6.0438 7.1797
288 2.3468 6.0437 7.1800
288 2.3470 6.0435 7.1802
288 2.3473 6.0432 7.1804
288 2.3470 6.0433 7.1806
288 2.3468 6.0424 7.1794
288 2.3465 6.0421 7.1787
288 2.3467 6.0420 7.1786
288 2.3469 6.0430 7.1797
288 2.3469 6.0434 7.1797
288 2.3469 6.0435 7.1796
288 2.3469 6.0436 7.1794
288 2.3468 6.0437 7.1793
288 2.3470 6.0443 7.1797
288 2.3468 6.0434 7.1785
289 2.3465 6.0435 7.1783
289 2.3467 6.0436 7.1785
289 2.3465 6.0427 7.1773
289 2.3462 6.0421 7.1763
289 2.3463 6.0431 7.1771
289 2.3466 6.0442 7.1780
289 2.3466 6.0440 7.1779
289 2.3467 6.0439 7.1780
289 2.3468 6.0440 7.1783
289 2.3469 6.0440 7.1786
290 2.3467 6.0431 7.1774
290 2.3464 6.0428 7.1767
290 2.3466 6.0429 7.1773
290 2.3466 6.0430 7.1771
290 2.3466 6.0430 7.1769
290 2.3465 6.0434 7.1770
290 2.3465 6.0437 7.1770
290 2.3465 6.0438 7.1768
290 2.3467 6.0438 7.1771
290 2.3464 6.0430 7.1759
290 2.3462 6.0428 7.1754
290 2.3464 6.0428 7.1754
290 2.3465 6.0427 7.1753
290 2.3466 6.0426 7.1753
290 2.3467 6.0430 7.1756
290 2.3468 6.0432 7.1759
290 2.3468 6.0434 7.1762
290 2.3469 6.0435 7.1767
290 2.3470 6.0441 7.1772
290 2.3471 6.0444 7.1779
290 2.3473 6.0449 7.1791
291 2.3471 6.0440 7.1779
291 2.3468 6.0434 7.1769
291 2.3470 6.0437 7.1773
291 2.3468 6.0428 7.1761
291 2.3469 6.0431 7.1764
291 2.3470 6.0430 7.1763
291 2.3471 6.0430 7.1762
291 2.3471 6.0429 7.1762
291 2.3472 6.0444 7.1779
291 2.3473 6.0444 7.1784
291 2.3474 6.0447 7.1787
291 2.3474 6.0448 7.1790
291 2.3472 6.0439 7.1778
292 2.3473 6.0442 7.1782
292 2.3475 6.0441 7.1780
292 2.3482 6.0445 7.1785
292 2.3483 6.0442 7.1784
292 2.3484 6.0440 7.1784
292 2.3485 6.0441 7.1786
292 2.3485 6.0440 7.1785
292 2.3486 6.0440 7.1788
292 2.3487 6.0441 7.1792
292 2.3488 6.0443 7.1797
292 2.3488 6.0443 7.1801
292 2.3486 6.0444 7.1803
292 2.3483 6.0435 7.1791
292 2.3481 6.0429 7.1782
293 2.3483 6.0428 7.1780
293 2.3481 6.0419 7.1768
293 2.3483 6.0429 7.1774
293 2.3484 6.0430 7.1776
293 2.3485 6.0436 7.1781
293 2.3485 6.0433 7.1780
293 2.3486 6.0431 7.1779
293 2.3487 6.0434 7.1796
293 2.3487 6.0442 7.1803
293 2.3488 6.0442 7.1806
293 2.3489 6.0443 7.1809
293 2.3486 6.0434 7.1797
293 2.3488 6.0449 7.1809
293 2.3490 6.0447 7.1811
293 2.3491 6.0449 7.1817
293 2.3493 6.0450 7.1822
293 2.3494 6.0450 7.1823
293 2.3496 6.0461 7.1831
294 2.3497 6.0462 7.1836
294 2.3495 6.0453 7.1824
294 2.3493 6.0447 7.1815
294 2.3493 6.0450 7.1818
294 2.3491 6.0455 7.1824
294 2.3493 6.0461 7.1830
294 2.3491 6.0469 7.1836
294 2.3488 6.0460 7.1824
294 2.3486 6.0457 7.1818
294 2.3488 6.0459 7.1824
294 2.3487 6.0460 7.1822
294 2.3487 6.0465 7.1825
294 2.3487 6.0467 7.1825
294 2.3487 6.0469 7.1823
295 2.3485 6.0460 7.1811
295 2.3486 6.0473 7.1821
295 2.3488 6.0482 7.1827
295 2.3489 6.0483 7.1831
295 2.3487 6.0474 7.1819
295 2.3485 6.0471 7.1813
295 2.3486 6.0474 7.1819
295 2.3488 6.0484 7.1831
295 2.3486 6.0475 7.1819
295 2.3484 6.0469 7.1810
295 2.3481 6.0470 7.1811
296 2.3484 6.0473 7.1814
296 2.3484 6.0473 7.1817
296 2.3485 6.0479 7.1824
296 2.3486 6.0477 7.1826
296 2.3486 6.0479 7.1829
296 2.3488 6.0484 7.1835
296 2.3486 6.0475 7.1823
296 2.3487 6.0480 7.1831
296 2.3487 6.0482 7.1830
296 2.3487 6.0488 7.1834
296 2.3487 6.0489 7.1832
296 2.3487 6.0494 7.1834
296 2.3484 6.0485 7.1822
296 2.3487 6.0484 7.1821
297 2.3484 6.0475 7.1809
297 2.3482 6.0470 7.1800
297 2.3484 6.0470 7.1804
297 2.3486 6.0470 7.1807
297 2.3488 6.0467 7.1808
297 2.3490 6.0465 7.1810
297 2.3488 6.0457 7.1798
297 2.3486 6.0454 7.1792
298 2.3487 6.0463 7.1801
298 2.3486 6.0465 7.1801
298 2.3486 6.0467 7.1799
298 2.3486 6.0467 7.1797
298 2.3486 6.0467 7.1796
298 2.3486 6.0468 7.1801
298 2.3484 6.0459 7.1789
298 2.3486 6.0460 7.1791
298 2.3484 6.0463 7.1795
298 2.3481 6.0463 7.1800
298 2.3479 6.0454 7.1788
298 2.3477 6.0449 7.1779
299 2.3474 6.0449 7.1783
299 2.3475 6.0447 7.1784
299 2.3476 6.0447 7.1786
299 2.3476 6.0448 7.1788
299 2.3477 6.0447 7.1790
299 2.3475 6.0449 7.1796
299 2.3472 6.0440 7.1784
299 2.3470 6.0437 7.1778
299 2.3471 6.0438 7.1781
299 2.3471 6.0439 7.1779
299 2.3471 6.0443 7.1779
299 2.3470 6.0445 7.1779
299 2.3470 6.0447 7.1777
299 2.3468 6.0448 7.1782
299 2.3466 6.0452 7.1783
299 2.3463 6.0444 7.1771
299 2.3461 6.0438 7.1762
299 2.3459 6.0436 7.1757
299 2.3460 6.0436 7.1765
299 2.3462 6.0434 7.1767
299 2.3463 6.0432 7.1767
299 2.3465 6.0434 7.1773
300 2.3463 6.0429 7.1765
300 2.3460 6.0420 7.1753
300 2.3461 6.0420 7.1755
300 2.3459 6.0412 7.1743
300 2.3456 6.0406 7.1735
300 2.3457 6.0408 7.1738
300 2.3455 6.0402 7.1730
301 2.3452 6.0393 7.1718
301 2.3453 6.0393 7.1720
301 2.3453 6.0414 7.1737
301 2.3453 6.0419 7.1740
301 2.3453 6.0420 7.1738
301 2.3453 6.0425 7.1742
301 2.3453 6.0429 7.1743
301 2.3455 6.0430 7.1747
301 2.3453 6.0421 7.1736
301 2.3450 6.0416 7.1727
301 2.3448 6.0410 7.1718
301 2.3450 6.0409 7.1716
301 2.3448 6.0410 7.1714
301 2.3445 6.0408 7.1709
302 2.3443 6.0400 7.1697
302 2.3441 6.0394 7.1689
302 2.3439 6.0391 7.1682
302 2.3439 6.0391 7.1686
302 2.3437 6.0388 7.1680
302 2.3438 6.0390 7.1684
302 2.3438 6.0389 7.1684
302 2.3439 6.0390 7.1685
302 2.3440 6.0389 7.1684
302 2.3437 6.0396 7.1689
302 2.3435 6.0400 7.1694
302 2.3433 6.0397 7.1688
302 2.3433 6.0400 7.1692
302 2.3433 6.0403 7.1693
302 2.3433 6.0404 7.1691
302 2.3433 6.0406 7.1691
302 2.3433 6.0406 7.1689
302 2.3431 6.0409 7.1693
302 2.3429 6.0413 7.1694
302 2.3426 6.0405 7.1682
302 2.3424 6.0399 7.1673
302 2.3422 6.0397 7.1668
303 2.3424 6.0396 7.1667
303 2.3422 6.0393 7.1661
303 2.3423 6.0403 7.1668
303 2.3421 6.0395 7.1656
303 2.3419 6.0389 7.1647
304 2.3416 6.0386 7.1641
304 2.3417 6.0397 7.1658
304 2.3418 6.0397 7.1661
304 2.3415 6.0389 7.1649
304 2.3413 6.0383 7.1641
304 2.3411 6.0389 7.1645
305 2.3408 6.0386 7.1639
305 2.3411 6.0401 7.1651
305 2.3411 6.0411 7.1667
305 2.3409 6.0402 7.1656
305 2.3407 6.0403 7.1654
305 2.3404 6.0397 7.1645
305 2.3402 6.0412 7.1656
305 2.3400 6.0409 7.1650
305 2.3397 6.0406 7.1644
305 2.3398 6.0415 7.1661
306 2.3396 6.0406 7.1649
306 2.3394 6.0403 7.1643
306 2.3391 6.0401 7.1638
306 2.3393 6.0402 7.1642
306 2.3394 6.0408 7.1648
306 2.3396 6.0407 7.1649
306 2.3398 6.0406 7.1654
306 2.3400 6.0404 7.1656
306 2.3398 6.0396 7.1644
306 2.3396 6.0392 7.1638
306 2.3393 6.0391 7.1633
306 2.3394 6.0399 7.1650
306 2.3392 6.0398 7.1667
306 2.3389 6.0390 7.1655
306 2.3387 6.0384 7.1646
306 2.3385 6.0381 7.1640
306 2.3383 6.0379 7.1635
306 2.3380 6.0384 7.1652
306 2.3378 6.0394 7.1663
306 2.3380 6.0391 7.1666
306 2.3381 6.0391 7.1672
307 2.3381 6.0405 7.1689
307 2.3383 6.0406 7.1691
307 2.3381 6.0410 7.1692
307 2.3379 6.0401 7.1680
307 2.3376 6.0402 7.1678
307 2.3374 6.0397 7.1669
307 2.3372 6.0393 7.1663
307 2.3369 6.0391 7.1658
307 2.3372 6.0396 7.1665
308 2.3372 6.0397 7.1672
308 2.3373 6.0417 7.1689
308 2.3403 6.0419 7.1705
308 2.3427 6.0420 7.1722
308 2.3450 6.0420 7.1739
308 2.3471 6.0421 7.1755
308 2.3473 6.0420 7.1754
309 2.3473 6.0419 7.1757
309 2.3473 6.0425 7.1768
309 2.3473 6.0424 7.1769
309 2.3473 6.0425 7.1771
309 2.3473 6.0422 7.1770
