0 0.0000 2.7255 2.7255
0 0.0000 2.8424 2.8424
1 0.0000 3.2928 3.2928
1 0.0000 3.4464 3.4464
1 0.0000 3.5227 3.5227
1 0.0000 3.6431 3.6431
1 0.0000 3.6340 3.6340
1 0.0000 3.5906 3.5906
2 0.0000 3.5750 3.5750
2 0.0000 3.5559 3.5559
2 0.0000 3.5656 3.5656
2 0.0000 3.5708 3.5708
2 0.0000 3.5382 3.5382
2 0.0000 3.5404 3.5404
2 0.0000 3.5332 3.5332
2 0.0000 3.5043 3.5043
3 0.0000 3.4995 3.4995
3 0.0000 3.5365 3.5365
3 0.0000 3.5672 3.5672
3 0.0000 3.5657 3.5657
3 0.0000 3.5648 3.5648
3 0.0000 3.5806 3.5806
3 0.0000 3.5963 3.5963
3 0.0000 3.5830 3.5830
3 0.0000 3.5706 3.5706
3 0.1274 3.5784 3.6354
3 0.2164 3.5865 3.6984
3 0.2900 3.6029 3.7596
3 0.3534 3.6193 3.8193
3 0.4091 3.6806 3.8773
3 0.4587 3.7404 3.9339
3 0.4537 3.7413 3.9375
3 0.4489 3.7425 3.9414
4 0.4441 3.7396 3.9355
4 0.4395 3.7372 3.9300
4 0.4350 3.7257 3.9157
4 0.4306 3.7149 3.9021
4 0.4262 3.7233 3.9149
4 0.4220 3.7318 3.9276
4 0.4179 3.7199 3.9130
4 0.4138 3.7087 3.8991
4 0.4099 3.7056 3.8934
4 0.4060 3.7028 3.8881
4 0.4022 3.7123 3.8951
4 0.3985 3.7219 3.9023
4 0.3948 3.7107 3.8888
4 0.3912 3.7002 3.8759
4 0.3877 3.6962 3.8698
4 0.3843 3.6926 3.8640
5 0.3809 3.6918 3.8611
5 0.3776 3.6913 3.8585
5 0.3744 3.6940 3.8626
5 0.3712 3.6967 3.8668
5 0.3681 3.6943 3.8625
5 0.3651 3.6922 3.8584
5 0.3621 3.6883 3.8525
5 0.3591 3.6846 3.8470
5 0.3562 3.7096 3.8702
5 0.3534 3.7342 3.8930
5 0.3506 3.7408 3.8979
5 0.3478 3.7474 3.9028
5 0.3451 3.7424 3.8961
5 0.3425 3.7377 3.8898
5 0.3399 3.7304 3.8808
5 0.3373 3.7233 3.8722
6 0.3348 3.7211 3.8684
6 0.3323 3.7190 3.8649
6 0.3298 3.7116 3.8559
6 0.3274 3.7044 3.8473
6 0.3251 3.7000 3.8415
6 0.3228 3.6958 3.8359
6 0.3205 3.7009 3.8396
6 0.3182 3.7060 3.8435
6 0.3160 3.6989 3.8350
6 0.3138 3.6920 3.8268
6 0.3117 3.6875 3.8210
6 0.3095 3.6832 3.8155
6 0.3075 3.6867 3.8178
6 0.3054 3.6902 3.8201
6 0.3034 3.6853 3.8140
6 0.3014 3.6806 3.8082
7 0.2994 3.6796 3.8060
7 0.2975 3.6787 3.8040
7 0.2956 3.6827 3.8091
7 0.2937 3.6868 3.8141
7 0.2918 3.6849 3.8112
7 0.2900 3.6832 3.8084
7 0.2882 3.6786 3.8028
7 0.2864 3.6742 3.7973
7 0.2846 3.6718 3.7939
7 0.2829 3.6696 3.7907
8 0.3487 3.6648 3.8280
8 0.3975 3.6602 3.8648
8 0.3950 3.6549 3.8587
8 0.3927 3.6641 3.8691
8 0.3903 3.6731 3.8794
8 0.3880 3.7104 3.9150
8 0.3857 3.7046 3.9084
8 0.3834 3.7411 3.9434
8 0.3812 3.7368 3.9375
8 0.3790 3.7398 3.9405
8 0.3768 3.7428 3.9420
8 0.3747 3.7492 3.9491
8 0.3726 3.7433 3.9423
8 0.3705 3.7637 3.9613
8 0.3684 3.7592 3.9553
8 0.3664 3.7610 3.9571
9 0.3643 3.7589 3.9536
9 0.3624 3.7933 3.9865
9 0.3604 3.7964 3.9897
9 0.3584 3.8301 4.0221
9 0.3565 3.8271 4.0177
9 0.3546 3.8464 4.0357
9 0.3527 3.8415 4.0295
9 0.3509 3.8421 4.0299
9 0.3490 3.8560 4.0425
9 0.3472 3.8540 4.0393
9 0.3454 3.8558 4.0399
9 0.3437 3.8603 4.0447
9 0.3419 3.8553 4.0385
9 0.3402 3.8553 4.0382
9 0.3385 3.8500 4.0322
9 0.3368 3.8636 4.0447
10 0.3351 3.8607 4.0406
10 0.3334 3.8742 4.0530
10 0.3318 3.8687 4.0468
10 0.3302 3.8790 4.0560
10 0.3286 3.8851 4.0628
10 0.3270 3.9031 4.0796
10 0.3254 3.8973 4.0732
10 0.3238 3.9051 4.0800
10 0.3223 3.9004 4.0742
10 0.3208 3.9000 4.0735
10 0.3193 3.9013 4.0737
10 0.3178 3.9047 4.0773
10 0.3163 3.8990 4.0710
10 0.3148 3.9051 4.0761
10 0.3134 3.9004 4.0704
10 0.3119 3.8996 4.0693
11 0.3105 3.8970 4.0657
11 0.3091 3.9070 4.0748
11 0.3077 3.9096 4.0774
11 0.3064 3.9266 4.0935
11 0.3050 3.9236 4.0895
11 0.3036 3.9314 4.0964
11 0.3023 3.9330 4.0979
11 0.3010 3.9455 4.1095
11 0.2997 3.9402 4.1036
11 0.2984 3.9449 4.1074
11 0.3232 3.9458 4.1231
11 0.3467 3.9518 4.1496
11 0.3690 3.9565 4.1649
11 0.3902 3.9601 4.1910
11 0.4105 3.9764 4.2060
11 0.4298 3.9753 4.2209
11 0.4281 3.9755 4.2213
11 0.4264 3.9802 4.2259
12 0.4248 3.9773 4.2217
12 0.4231 3.9759 4.2201
12 0.4215 3.9709 4.2142
12 0.4199 3.9736 4.2166
12 0.4182 3.9773 4.2213
12 0.4166 3.9892 4.2320
12 0.4151 3.9840 4.2259
12 0.4135 3.9868 4.2283
12 0.4119 3.9831 4.2234
12 0.4104 3.9815 4.2217
12 0.4089 3.9828 4.2218
12 0.4073 3.9849 4.2234
12 0.4058 3.9799 4.2175
12 0.4043 3.9820 4.2192
12 0.4029 3.9783 4.2144
12 0.4014 3.9766 4.2124
13 0.3999 3.9741 4.2088
13 0.3985 3.9780 4.2125
13 0.3970 3.9783 4.2129
13 0.3956 3.9875 4.2210
13 0.3942 3.9848 4.2172
13 0.3928 3.9878 4.2200
13 0.3914 3.9842 4.2153
13 0.3900 3.9824 4.2132
13 0.3887 3.9915 4.2212
13 0.3873 3.9915 4.2201
13 0.3860 3.9926 4.2201
13 0.3846 3.9943 4.2214
13 0.3833 3.9906 4.2168
13 0.3820 3.9886 4.2145
13 0.3807 3.9843 4.2094
13 0.3794 3.9861 4.2108
14 0.3781 3.9836 4.2073
14 0.3768 3.9861 4.2095
14 0.3755 3.9818 4.2044
14 0.3743 3.9831 4.2054
14 0.3730 3.9796 4.2009
14 0.3718 3.9776 4.1986
14 0.3705 3.9785 4.1985
14 0.3693 3.9800 4.1996
14 0.3681 3.9757 4.1946
14 0.3669 3.9767 4.1951
14 0.3657 3.9732 4.1907
14 0.3645 3.9712 4.1884
14 0.3633 3.9717 4.1880
14 0.3622 3.9728 4.1887
14 0.3610 3.9693 4.1842
14 0.3598 3.9671 4.1817
15 0.3587 3.9650 4.1787
15 0.3576 3.9672 4.1806
15 0.3564 3.9680 4.1815
15 0.3553 3.9753 4.1879
15 0.3542 3.9730 4.1847
15 0.3531 3.9748 4.1861
15 0.3520 3.9713 4.1818
15 0.3509 3.9691 4.1793
15 0.3498 3.9667 4.1761
15 0.3487 3.9681 4.1770
15 0.3477 3.9769 4.1850
15 0.3466 3.9777 4.1855
15 0.3455 3.9754 4.1829
16 0.3708 3.9719 4.1958
16 0.3696 3.9724 4.1954
16 0.3685 3.9687 4.1912
16 0.3674 3.9690 4.1910
16 0.3663 3.9657 4.1869
16 0.3652 3.9664 4.1867
16 0.3641 3.9671 4.1865
16 0.3631 3.9715 4.1900
16 0.3620 3.9678 4.1859
16 0.3609 3.9678 4.1854
16 0.3599 3.9646 4.1814
16 0.3588 3.9650 4.1810
16 0.3578 3.9655 4.1806
16 0.3567 3.9692 4.1835
16 0.3557 3.9660 4.1794
16 0.3547 3.9661 4.1788
17 0.3537 3.9641 4.1760
17 0.3526 3.9646 4.1757
17 0.3516 3.9655 4.1766
17 0.3506 3.9636 4.1744
17 0.3497 3.9616 4.1715
17 0.3487 3.9618 4.1710
17 0.3477 3.9587 4.1671
17 0.3467 3.9587 4.1664
17 0.3457 3.9659 4.1728
17 0.3448 3.9762 4.1823
17 0.3438 3.9765 4.1819
17 0.3429 3.9797 4.1843
17 0.3419 3.9765 4.1804
17 0.3410 3.9763 4.1795
17 0.3401 3.9731 4.1759
17 0.3391 3.9732 4.1756
18 0.3382 3.9712 4.1729
18 0.3373 3.9714 4.1723
18 0.3364 3.9683 4.1688
18 0.3355 3.9682 4.1683
18 0.3346 3.9651 4.1645
18 0.3337 3.9648 4.1635
18 0.3328 3.9651 4.1631
18 0.3319 3.9679 4.1652
18 0.3310 3.9648 4.1618
18 0.3301 3.9645 4.1611
18 0.3293 3.9615 4.1574
18 0.3284 3.9611 4.1563
18 0.3275 3.9612 4.1557
18 0.3267 3.9636 4.1575
18 0.3258 3.9605 4.1538
18 0.3250 3.9600 4.1525
19 0.3242 3.9582 4.1501
19 0.3233 3.9584 4.1497
19 0.3225 3.9554 4.1464
19 0.3217 3.9552 4.1457
19 0.3208 3.9612 4.1511
19 0.3200 3.9694 4.1587
19 0.3192 3.9664 4.1553
19 0.3184 3.9659 4.1544
19 0.3176 3.9846 4.1726
19 0.3168 4.0033 4.1906
19 0.3308 4.0083 4.2085
19 0.3443 4.0151 4.2263
19 0.3575 4.0150 4.2440
19 0.3702 4.0170 4.2616
19 0.3826 4.0141 4.2791
19 0.3947 4.0134 4.2965
19 0.3937 4.0131 4.2956
19 0.3928 4.0148 4.2968
20 0.3919 4.0131 4.2941
20 0.3910 4.0131 4.2933
20 0.3900 4.0102 4.2897
20 0.3891 4.0096 4.2885
20 0.3882 4.0067 4.2848
20 0.3873 4.0060 4.2834
20 0.3864 4.0056 4.2825
20 0.3855 4.0071 4.2834
20 0.3846 4.0042 4.2799
20 0.3837 4.0035 4.2786
20 0.3828 4.0007 4.2750
20 0.3820 3.9999 4.2735
20 0.3811 3.9995 4.2725
20 0.3802 4.0007 4.2732
20 0.3794 3.9979 4.2696
20 0.3785 3.9970 4.2681
21 0.3777 3.9954 4.2657
21 0.3768 3.9955 4.2650
21 0.3760 3.9968 4.2661
21 0.3751 3.9960 4.2648
21 0.3743 3.9944 4.2624
21 0.3734 3.9943 4.2615
21 0.3726 3.9915 4.2580
21 0.3718 3.9906 4.2565
21 0.3710 3.9950 4.2608
21 0.3701 4.0008 4.2666
21 0.3693 4.0004 4.2656
21 0.3685 4.0015 4.2662
21 0.3677 3.9987 4.2627
21 0.3669 3.9977 4.2611
21 0.3661 3.9952 4.2580
21 0.3653 3.9947 4.2570
22 0.3645 3.9931 4.2547
22 0.3637 3.9930 4.2538
22 0.3629 3.9905 4.2507
22 0.3622 3.9899 4.2496
22 0.3614 3.9872 4.2463
22 0.3606 3.9862 4.2447
22 0.3598 3.9858 4.2437
22 0.3591 3.9868 4.2442
22 0.3583 3.9843 4.2412
22 0.3576 3.9837 4.2400
22 0.3568 3.9810 4.2367
22 0.3561 3.9800 4.2351
22 0.3553 3.9795 4.2341
22 0.3546 3.9804 4.2345
22 0.3538 3.9777 4.2312
22 0.3531 3.9766 4.2295
23 0.3524 3.9752 4.2275
23 0.3516 3.9752 4.2267
23 0.3509 3.9765 4.2279
23 0.3502 3.9760 4.2270
23 0.3494 3.9746 4.2249
23 0.3487 3.9744 4.2241
23 0.3480 3.9719 4.2209
23 0.3473 3.9708 4.2192
23 0.3466 3.9693 4.2171
23 0.3459 3.9690 4.2162
24 0.3630 3.9668 4.2242
24 0.3790 3.9663 4.2343
24 0.3783 3.9640 4.2316
24 0.3775 3.9659 4.2331
24 0.3768 3.9634 4.2300
24 0.3760 3.9630 4.2291
24 0.3753 3.9626 4.2282
24 0.3745 3.9649 4.2300
24 0.3738 3.9626 4.2273
24 0.3730 3.9643 4.2286
24 0.3723 3.9619 4.2255
24 0.3715 3.9613 4.2246
24 0.3708 3.9609 4.2236
24 0.3701 3.9629 4.2252
24 0.3694 3.9605 4.2222
24 0.3686 3.9598 4.2211
25 0.3679 3.9585 4.2192
25 0.3672 3.9608 4.2211
25 0.3665 3.9622 4.2222
25 0.3658 3.9678 4.2271
25 0.3651 3.9664 4.2251
25 0.3644 3.9684 4.2267
25 0.3637 3.9660 4.2237
25 0.3630 3.9653 4.2226
25 0.3623 3.9693 4.2264
25 0.3616 3.9691 4.2256
25 0.3609 3.9687 4.2247
25 0.3602 3.9705 4.2261
25 0.3595 3.9681 4.2231
25 0.3588 3.9674 4.2220
25 0.3581 3.9653 4.2196
25 0.3575 3.9670 4.2208
26 0.3568 3.9656 4.2188
26 0.3561 3.9675 4.2203
26 0.3555 3.9654 4.2179
26 0.3548 3.9668 4.2189
26 0.3541 3.9645 4.2159
26 0.3535 3.9637 4.2148
26 0.3528 3.9633 4.2139
26 0.3522 3.9650 4.2152
26 0.3515 3.9629 4.2128
26 0.3509 3.9642 4.2136
26 0.3502 3.9618 4.2107
26 0.3496 3.9611 4.2096
26 0.3489 3.9606 4.2086
26 0.3483 3.9621 4.2097
26 0.3477 3.9597 4.2068
26 0.3470 3.9589 4.2056
27 0.3464 3.9577 4.2038
27 0.3458 3.9594 4.2052
27 0.3451 3.9574 4.2029
27 0.3445 3.9636 4.2084
27 0.3439 3.9671 4.2118
27 0.3433 3.9686 4.2129
27 0.3427 3.9666 4.2105
27 0.3420 3.9720 4.2154
27 0.3414 3.9819 4.2246
27 0.3408 3.9830 4.2254
27 0.3506 3.9862 4.2345
27 0.3601 3.9875 4.2437
27 0.3694 3.9870 4.2528
27 0.3785 3.9918 4.2665
27 0.3874 3.9895 4.2756
27 0.3962 3.9942 4.2891
27 0.3955 3.9937 4.2881
27 0.3949 3.9980 4.2922
28 0.3942 3.9968 4.2903
28 0.3935 3.9979 4.2912
28 0.3928 3.9959 4.2887
28 0.3922 3.9969 4.2892
28 0.3915 3.9947 4.2864
28 0.3908 3.9939 4.2852
28 0.3902 3.9933 4.2841
28 0.3895 3.9947 4.2850
28 0.3889 3.9927 4.2826
28 0.3882 3.9936 4.2830
28 0.3876 3.9913 4.2802
28 0.3869 3.9905 4.2790
28 0.3863 3.9899 4.2779
28 0.3856 3.9911 4.2786
28 0.3850 3.9889 4.2759
28 0.3844 3.9880 4.2746
29 0.3837 3.9870 4.2728
29 0.3831 3.9880 4.2736
29 0.3825 3.9894 4.2748
29 0.3818 3.9937 4.2788
29 0.3812 3.9925 4.2771
29 0.3806 3.9934 4.2777
29 0.3800 3.9913 4.2750
29 0.3794 3.9904 4.2737
29 0.3787 3.9933 4.2765
29 0.3781 3.9935 4.2761
29 0.3775 3.9929 4.2751
29 0.3769 3.9940 4.2757
29 0.3763 3.9918 4.2731
29 0.3757 3.9909 4.2717
29 0.3751 3.9891 4.2695
29 0.3745 3.9900 4.2699
30 0.3739 3.9889 4.2682
30 0.3733 3.9897 4.2688
30 0.3727 3.9879 4.2666
30 0.3721 3.9887 4.2669
30 0.3715 3.9865 4.2642
30 0.3709 3.9856 4.2629
30 0.3703 3.9851 4.2619
30 0.3697 3.9861 4.2625
30 0.3692 3.9843 4.2603
30 0.3686 3.9850 4.2605
30 0.3680 3.9828 4.2580
30 0.3674 3.9819 4.2566
30 0.3669 3.9813 4.2556
30 0.3663 3.9822 4.2561
30 0.3657 3.9801 4.2535
30 0.3651 3.9792 4.2522
31 0.3646 3.9782 4.2506
31 0.3640 3.9790 4.2511
31 0.3634 3.9804 4.2522
31 0.3629 3.9842 4.2559
31 0.3623 3.9831 4.2543
31 0.3618 3.9838 4.2547
31 0.3612 3.9817 4.2521
31 0.3607 3.9808 4.2508
31 0.3601 3.9797 4.2491
31 0.3596 3.9803 4.2494
32 0.3719 3.9787 4.2553
32 0.3837 3.9825 4.2676
