1 0.8113 2.0000 2.0000
2 1.7925 2.5850 2.5850
3 1.8424 2.8074 2.8074
3 1.8113 3.0000 3.0000
3 1.7527 3.1699 3.1699
4 1.6855 3.3219 3.3219
4 1.7899 3.4594 3.4594
4 1.7296 3.4183 3.5850
4 1.7759 3.5466 3.7004
6 1.7885 3.6645 3.8074
6 1.8062 3.6402 3.9069
6 2.0306 3.7500 4.0000
6 2.0216 3.8522 4.0875
6 2.0022 3.9477 4.1699
6 2.1943 4.0374 4.2479
7 2.2710 4.0219 4.3219
7 2.3438 4.0114 4.3923
7 2.3788 3.9706 4.4594
7 2.4136 3.9690 4.5236
8 2.4277 4.0535 4.5850
8 2.4072 4.0537 4.6439
8 2.4110 4.0560 4.6235
9 2.4165 4.1343 4.6808
9 2.4132 4.2090 4.7359
9 2.4345 4.2802 4.7890
10 2.4261 4.3484 4.8402
10 2.4199 4.4137 4.8897
11 2.4090 4.4764 4.9375
11 2.3946 4.5367 4.9838
11 2.4095 4.5947 5.0286
12 2.4036 4.5579 5.0721
12 2.3941 4.5588 5.0588
12 2.3911 4.5608 5.1013
12 2.4011 4.6163 5.1427
12 2.3914 4.6187 5.1828
12 2.3794 4.6219 5.2219
12 2.3656 4.6258 5.2112
13 2.3638 4.6780 5.2495
14 2.3719 4.7286 5.2867
15 2.3679 4.7322 5.3231
16 2.4690 4.7195 5.3585
16 2.5229 4.7081 5.3931
16 2.6178 4.7140 5.4269
16 2.6188 4.7618 5.4600
16 2.6528 4.7347 5.4923
18 2.6506 4.7415 5.5239
18 2.6459 4.7337 5.5008
18 2.6571 4.7268 5.5321
18 2.6508 4.7349 5.5250
18 2.6428 4.7803 5.5557
18 2.6334 4.7744 5.5357
18 2.6293 4.8184 5.5661
18 2.6234 4.8262 5.5959
18 2.6325 4.8211 5.6251
19 2.6256 4.8166 5.6537
19 2.6175 4.8127 5.6817
19 2.6119 4.8217 5.7093
19 2.6034 4.8308 5.7363
19 2.5972 4.8717 5.7628
19 2.5899 4.8805 5.7889
19 2.5847 4.8777 5.7838
20 2.5785 4.9171 5.8094
20 2.5714 4.9072 5.8346
20 2.5648 4.9162 5.8594
20 2.5690 4.9143 5.8837
20 2.5619 4.9127 5.9077
21 2.5553 4.9503 5.9313
21 2.5505 4.9421 5.9545
21 2.5436 4.9788 5.9774
21 2.5384 4.9878 5.9999
21 2.5800 4.9802 6.0220
21 2.5739 4.9894 6.0439
21 2.5670 4.9825 6.0654
22 2.5606 4.9759 6.0609
22 2.5536 4.9856 6.0821
22 2.5643 4.9952 6.1031
22 2.5579 4.9955 6.0990
22 2.5510 5.0052 6.1196
22 2.5445 4.9999 6.1400
23 2.5375 5.0097 6.1601
23 2.5308 5.0049 6.1799
23 2.5238 5.0060 6.1762
23 2.5537 5.0017 6.1957
23 2.5775 4.9936 6.2150
23 2.5865 5.0264 6.2341
24 2.5792 5.0185 6.2529
24 2.5716 5.0286 6.2494
24 2.5696 5.0212 6.2680
24 2.5639 5.0234 6.2864
24 2.5615 5.0549 6.3045
25 2.5694 5.0480 6.3224
25 2.5886 5.0383 6.3192
25 2.5949 5.0320 6.3369
25 2.5999 5.0205 6.3544
25 2.6037 5.0311 6.3515
25 2.6195 5.0291 6.3688
26 2.6222 5.0237 6.3858
26 2.6354 5.0221 6.4027
26 2.6372 5.0328 6.4194
26 2.6483 5.0362 6.4359
26 2.6575 5.0658 6.4522
26 2.6586 5.0610 6.4684
26 2.6589 5.0537 6.4844
27 2.6585 5.0572 6.5002
27 2.6568 5.0677 6.5158
27 2.6560 5.0713 6.5131
27 2.6546 5.0750 6.5286
27 2.6527 5.0743 6.5260
27 2.6608 5.0781 6.5413
27 2.6676 5.0885 6.5565
27 2.6643 5.0824 6.5715
27 2.6711 5.0744 6.5863
28 2.6670 5.0743 6.6011
28 2.6626 5.0687 6.5987
28 2.6580 5.0596 6.5964
28 2.6564 5.0544 6.5943
28 2.6535 5.0652 6.5923
28 2.6502 5.0697 6.5905
28 2.6496 5.0629 6.5888
28 2.6486 5.0532 6.5771
28 2.6472 5.0511 6.5917
29 2.6458 5.0450 6.5843
29 2.6441 5.0373 6.5988
29 2.6425 5.0273 6.5850
29 2.6406 5.0236 6.5839
29 2.6387 5.0165 6.5734
29 2.6366 5.0083 6.5726
29 2.6341 4.9980 6.5719
29 2.6322 4.9931 6.5657
29 2.6295 4.9855 6.5532
29 2.6266 4.9769 6.5473
29 2.6246 4.9711 6.5380
29 2.6216 4.9608 6.5325
29 2.6184 4.9528 6.5188
30 2.6163 4.9440 6.5136
30 2.6140 4.9375 6.5025
30 2.6107 4.9290 6.4878
30 2.6083 4.9198 6.4798
30 2.6056 4.9127 6.4673
30 2.6027 4.9031 6.4551
30 2.5996 4.8944 6.4400
30 2.5963 4.8869 6.4361
30 2.5928 4.8778 6.4290
30 2.5901 4.8682 6.4160
30 2.5865 4.8595 6.4007
31 2.5829 4.8502 6.3917
31 2.5790 4.8404 6.3854
31 2.5751 4.8331 6.3791
31 2.5710 4.8243 6.3636
31 2.5668 4.8151 6.3535
31 2.5624 4.8074 6.3454
31 2.5580 4.7986 6.3297
31 2.5535 4.7893 6.3186
31 2.5514 4.7814 6.3078
31 2.5492 4.7724 6.2958
31 2.5469 4.7636 6.2987
31 2.5443 4.7544 6.2916
31 2.5416 4.7454 6.2790
31 2.5388 4.7376 6.2677
32 2.5358 4.7289 6.2663
32 2.5318 4.7199 6.2553
32 2.5278 4.7110 6.2490
32 2.5237 4.7033 6.2411
32 2.5209 4.6947 6.2372
32 2.5179 4.6857 6.2295
32 2.5148 4.6770 6.2173
32 2.5117 4.6684 6.2116
32 2.5084 4.6609 6.2007
32 2.5050 4.6521 6.1922
32 2.5015 4.6435 6.1799
33 2.4979 4.6350 6.1731
33 2.4943 4.6276 6.1619
33 2.4906 4.6190 6.1529
33 2.4867 4.6105 6.1405
33 2.4829 4.6022 6.1329
33 2.5076 4.6082 6.1484
33 2.5036 4.5997 6.1388
33 2.4995 4.5914 6.1263
33 2.4954 4.5843 6.1153
34 2.4912 4.5762 6.1072
34 2.4929 4.5851 6.1118
35 2.4887 4.5980 6.1272
35 2.4844 4.6214 6.1425
35 2.4802 4.6300 6.1577
35 2.4758 4.6360 6.1622
35 2.4715 4.6419 6.1666
36 2.4729 4.6478 6.1671
37 2.4811 4.6537 6.1820
39 2.4828 4.6621 6.1864
40 2.4840 4.6680 6.1869
41 2.4855 4.6802 6.2016
45 2.5050 4.6923 6.2161
45 2.5382 4.6843 6.2305
45 2.5611 4.6765 6.2449
45 2.5800 4.6688 6.2591
45 2.5963 4.6622 6.2732
50 2.5971 4.6544 6.2773
50 2.5978 4.6585 6.2912
50 2.5982 4.6626 6.2953
50 2.5984 4.6653 6.3091
50 2.5985 4.6871 6.3228
50 2.5943 4.6897 6.3267
50 2.5951 4.6937 6.3245
51 2.5957 4.6942 6.3248
51 2.6027 4.7155 6.3383
51 2.6092 4.7271 6.3517
52 2.6096 4.7194 6.3520
52 2.6155 4.7121 6.3653
52 2.6157 4.7201 6.3785
53 2.6212 4.7124 6.3822
54 2.6262 4.7239 6.3953
54 2.6263 4.7446 6.4082
54 2.6309 4.7485 6.4211
55 2.6352 4.7524 6.4247
55 2.6353 4.7602 6.4374
55 2.6353 4.7713 6.4501
56 2.6353 4.7790 6.4626
57 2.6504 4.7867 6.4751
59 2.6542 4.7892 6.4786
60 2.6541 4.7815 6.4764
61 2.6539 4.7841 6.4799
63 2.6672 4.7866 6.4922
65 2.6653 4.7921 6.4956
66 2.6689 4.7918 6.5078
68 2.6686 4.7973 6.5199
70 2.6804 4.8048 6.5319
71 2.6934 4.8063 6.5438
71 2.7051 4.8101 6.5557
71 2.7156 4.8155 6.5675
71 2.7252 4.8347 6.5792
73 2.7249 4.8399 6.5824
73 2.7244 4.8589 6.5940
73 2.7238 4.8525 6.5971
73 2.7231 4.8539 6.6086
75 2.7227 4.8545 6.6116
75 2.7222 4.8582 6.6147
75 2.7215 4.8606 6.6178
75 2.7208 4.8709 6.6291
75 2.7311 4.8724 6.6403
