0 1.3516 3.1699 3.1699
0 1.5301 3.5069 3.7736
0 1.5810 3.4714 3.8924
1 1.5653 3.4473 4.0018
1 1.7172 3.3976 3.9941
1 1.8766 3.6209 4.1558
1 1.9056 3.5695 4.1792
1 1.8923 3.5869 4.1973
1 1.8607 3.5475 4.1241
1 1.8622 3.6057 4.2571
1 1.8334 3.5719 4.2219
2 1.8027 3.5741 4.2791
2 1.7710 3.5389 4.2118
2 1.7891 3.6266 4.2703
2 1.8076 3.6919 4.3423
2 1.7985 3.6927 4.3571
2 1.8011 3.6963 4.3717
2 1.8332 3.7880 4.4754
2 1.8501 3.8410 4.5039
2 1.8392 3.8416 4.5161
2 1.8192 3.8578 4.5764
2 1.7984 3.8282 4.5421
3 1.8218 3.8413 4.5876
3 1.8415 3.8327 4.6320
3 1.8313 3.8246 4.6117
3 1.8209 3.8029 4.5781
3 1.8225 3.8096 4.5732
3 1.8397 3.8348 4.5871
3 1.8543 3.8285 4.6010
3 1.8448 3.8075 4.5690
3 1.8460 3.8150 4.5833
3 1.8464 3.8225 4.6252
3 1.8461 3.8150 4.6218
3 1.8591 3.8295 4.6356
3 1.8509 3.8226 4.6180
3 1.8425 3.8037 4.5885
3 1.8424 3.8185 4.6290
3 1.8343 3.8127 4.6270
3 1.8261 3.7941 4.5980
4 1.8178 3.7870 4.5809
4 1.8094 3.7685 4.5526
4 1.8218 3.8175 4.5921
4 1.8341 3.8111 4.5976
4 1.8260 3.7925 4.5697
4 1.8270 3.8167 4.6082
4 1.8380 3.8317 4.6228
4 1.8303 3.8552 4.6602
4 1.8226 3.8600 4.6970
4 1.8148 3.8547 4.7106
4 1.8069 3.8478 4.6942
4 1.7990 3.8307 4.6678
4 1.8008 3.8403 4.6818
4 1.8021 3.8551 4.6957
4 1.8679 3.8698 4.7308
4 1.8600 3.8639 4.7272
4 1.8521 3.8476 4.7019
5 1.8442 3.8907 4.7362
5 1.8363 3.8838 4.7207
5 1.8283 3.8675 4.6959
5 1.8297 3.8735 4.7022
5 1.8220 3.9153 4.7358
5 1.8338 3.9564 4.7688
5 1.8444 3.9499 4.7746
5 1.8369 3.9337 4.7505
5 1.8382 3.9548 4.7829
5 1.8309 3.9477 4.7680
5 1.8236 3.9318 4.7444
5 1.8249 3.9527 4.7763
5 1.8358 3.9917 4.8077
5 1.8287 3.9850 4.8033
5 1.8217 3.9692 4.7801
6 1.8317 4.0073 4.8110
6 1.8247 3.9999 4.7965
6 1.8178 3.9843 4.7738
6 1.8108 4.0216 4.8043
6 1.8202 4.0585 4.8344
6 1.8287 4.0513 4.8364
6 1.8220 4.0356 4.8141
6 1.8239 4.0549 4.8436
6 1.8341 4.0636 4.8561
6 1.8276 4.0562 4.8421
6 1.8210 4.0409 4.8204
6 1.8229 4.0599 4.8493
6 1.8310 4.0949 4.8779
6 1.8246 4.0877 4.8730
6 1.8183 4.0727 4.8517
6 1.8202 4.0912 4.8798
6 1.8217 4.0947 4.8823
6 1.8230 4.1284 4.9099
6 1.8239 4.1464 4.9372
6 1.8247 4.1641 4.9642
7 1.8190 4.1567 4.9507
7 1.8133 4.1421 4.9301
7 1.8229 4.1351 4.9326
7 1.8173 4.1207 4.9122
7 1.8181 4.1383 4.9241
7 1.8187 4.1704 4.9505
7 1.8191 4.1721 4.9504
7 1.8193 4.1838 4.9619
7 1.8194 4.1955 4.9734
7 1.8272 4.2265 4.9989
7 1.8222 4.2193 4.9862
7 1.8171 4.2053 4.9669
7 1.8120 4.1984 4.9620
7 1.8070 4.1846 4.9429
8 1.8019 4.1775 4.9306
8 1.7968 4.1638 4.9118
8 1.7973 4.1624 4.9127
8 1.8065 4.1664 4.9244
8 1.8151 4.1748 4.9360
8 1.8226 4.1831 4.9607
8 1.8296 4.1946 4.9853
8 1.8361 4.1881 4.9859
8 1.8313 4.1752 4.9678
8 1.8317 4.1778 4.9742
8 1.8379 4.1893 4.9982
8 1.8382 4.1874 4.9972
8 1.8336 4.1934 5.0209
8 1.8290 4.1870 5.0093
8 1.8245 4.1746 4.9918
8 1.8248 4.1830 5.0028
8 1.8251 4.1891 5.0091
8 1.8331 4.1952 5.0154
8 1.8332 4.2034 5.0263
8 1.8289 4.1976 5.0217
8 1.8246 4.1856 5.0048
8 1.8247 4.1874 5.0083
9 1.8204 4.1986 5.0191
9 1.8162 4.2030 5.0299
9 1.8119 4.1971 5.0191
9 1.8076 4.1855 5.0027
9 1.8079 4.1967 5.0136
9 1.8156 4.1950 5.0200
9 1.8218 4.1996 5.0307
9 1.8275 4.2057 5.0413
9 1.8330 4.2003 5.0410
9 1.8289 4.1892 5.0252
9 1.8292 4.1925 5.0315
9 1.8293 4.1936 5.0331
9 1.8293 4.1982 5.0437
9 1.8345 4.2244 5.0652
9 1.8306 4.2189 5.0550
9 1.8268 4.2081 5.0397
9 1.8268 4.2127 5.0460
9 1.8268 4.2161 5.0497
9 1.8266 4.2309 5.0708
9 1.8229 4.2257 5.0667
9 1.8193 4.2152 5.0517
9 1.8266 4.2175 5.0580
9 1.8229 4.2122 5.0483
9 1.8192 4.2018 5.0335
10 1.8192 4.2005 5.0327
10 1.8243 4.2012 5.0431
10 1.8313 4.2048 5.0534
10 1.8378 4.2073 5.0636
10 1.8440 4.2024 5.0655
10 1.8405 4.1925 5.0512
10 1.8405 4.1927 5.0518
10 1.8403 4.1964 5.0582
10 1.8401 4.1949 5.0566
10 1.8398 4.1967 5.0605
10 1.8447 4.2031 5.0706
10 1.8414 4.1983 5.0615
10 1.8381 4.1888 5.0478
10 1.8378 4.1908 5.0500
10 1.8374 4.1958 5.0565
10 1.8342 4.1957 5.0665
10 1.8310 4.1969 5.0728
10 1.8278 4.1925 5.0692
10 1.8246 4.1833 5.0558
10 1.8306 4.1818 5.0599
10 1.8274 4.1773 5.0513
10 1.8242 4.1683 5.0382
11 1.8240 4.1691 5.0407
11 1.8238 4.1674 5.0389
11 1.8287 4.1756 5.0581
11 1.8284 4.1838 5.0645
11 1.8330 4.1942 5.0744
11 1.8374 4.1900 5.0743
11 1.8344 4.1813 5.0616
11 1.8341 4.1817 5.0628
11 1.8383 4.1833 5.0692
11 1.8423 4.1865 5.0755
11 1.8394 4.1906 5.0942
11 1.8364 4.1864 5.0860
11 1.8334 4.1780 5.0736
11 1.8332 4.1805 5.0777
11 1.8391 4.1837 5.0819
11 1.8446 4.1820 5.0845
11 1.8417 4.1781 5.0811
11 1.8388 4.1699 5.0690
11 1.8386 4.1701 5.0694
11 1.8357 4.1661 5.0616
11 1.8328 4.1580 5.0496
12 1.8299 4.1799 5.0678
12 1.8339 4.1761 5.0674
12 1.8311 4.1680 5.0555
12 1.8310 4.1678 5.0552
12 1.8309 4.1811 5.0731
12 1.8347 4.2026 5.0910
12 1.8384 4.2240 5.1086
12 1.8356 4.2265 5.1179
12 1.8328 4.2225 5.1102
12 1.8300 4.2145 5.0986
12 1.8300 4.2274 5.1161
12 1.8299 4.2402 5.1334
12 1.8271 4.2363 5.1300
12 1.8244 4.2283 5.1185
12 1.8243 4.2278 5.1175
12 1.8216 4.2341 5.1236
12 1.8189 4.2301 5.1161
12 1.8162 4.2223 5.1048
13 1.8161 4.2286 5.1090
13 1.8216 4.2382 5.1260
13 1.8253 4.2478 5.1351
13 1.8288 4.2603 5.1441
13 1.8322 4.2564 5.1432
13 1.8296 4.2487 5.1321
13 1.8295 4.2480 5.1306
13 1.8294 4.2500 5.1348
13 1.8268 4.2462 5.1276
13 1.8243 4.2386 5.1166
13 1.8242 4.2462 5.1256
13 1.8240 4.2556 5.1421
13 1.8215 4.2519 5.1389
13 1.8190 4.2444 5.1281
13 1.8243 4.2459 5.1342
13 1.8276 4.2493 5.1430
13 1.8251 4.2456 5.1359
13 1.8226 4.2382 5.1252
14 1.8225 4.2394 5.1271
14 1.8224 4.2469 5.1359
14 1.8223 4.2497 5.1377
14 1.8255 4.2690 5.1538
14 1.8287 4.2881 5.1697
14 1.8317 4.2845 5.1686
14 1.8293 4.2772 5.1581
14 1.8292 4.2832 5.1641
14 1.8290 4.2853 5.1650
14 1.8287 4.2869 5.1678
14 1.8284 4.2876 5.1688
14 1.8262 4.2840 5.1620
14 1.8239 4.2769 5.1518
14 1.8236 4.2885 5.1674
14 1.8233 4.3001 5.1829
14 1.8211 4.2965 5.1798
14 1.8189 4.2895 5.1697
14 1.8239 4.2899 5.1738
14 1.8288 4.2916 5.1823
14 1.8336 4.2965 5.1907
14 1.8381 4.3014 5.1991
14 1.8359 4.2979 5.1924
14 1.8337 4.2909 5.1824
14 1.8335 4.2950 5.1866
14 1.8332 4.2952 5.1869
14 1.8329 4.3001 5.1898
15 1.8373 4.3089 5.2049
15 1.8416 4.3054 5.2067
15 1.8394 4.2987 5.1969
15 1.8391 4.3021 5.1998
15 1.8387 4.3020 5.1996
15 1.8384 4.3034 5.2015
15 1.8414 4.3092 5.2072
15 1.8410 4.3106 5.2077
15 1.8390 4.3192 5.2224
15 1.8369 4.3158 5.2160
15 1.8349 4.3092 5.2065
15 1.8390 4.3178 5.2211
15 1.8370 4.3144 5.2182
15 1.8350 4.3079 5.2087
15 1.8346 4.3090 5.2099
15 1.8326 4.3085 5.2156
15 1.8306 4.3051 5.2093
15 1.8285 4.2987 5.2000
15 1.8282 4.2995 5.2006
15 1.8279 4.3053 5.2063
15 1.8275 4.3046 5.2058
16 1.8306 4.3115 5.2114
16 1.8336 4.3083 5.2105
16 1.8316 4.3020 5.2014
16 1.8312 4.3012 5.2006
16 1.8308 4.3017 5.2007
16 1.8304 4.3066 5.2048
16 1.8333 4.3135 5.2104
16 1.8314 4.3103 5.2045
16 1.8295 4.3041 5.1955
16 1.8291 4.3098 5.2035
16 1.8332 4.3156 5.2175
16 1.8328 4.3213 5.2253
16 1.8309 4.3182 5.2226
16 1.8291 4.3121 5.2138
16 1.8287 4.3124 5.2135
16 1.8282 4.3165 5.2165
16 1.8264 4.3156 5.2206
16 1.8246 4.3321 5.2343
16 1.8227 4.3289 5.2285
16 1.8209 4.3229 5.2198
16 1.8205 4.3264 5.2219
16 1.8201 4.3426 5.2356
17 1.8230 4.3474 5.2396
17 1.8258 4.3443 5.2386
17 1.8240 4.3383 5.2300
17 1.8236 4.3373 5.2290
17 1.8232 4.3421 5.2367
17 1.8227 4.3422 5.2361
17 1.8255 4.3456 5.2415
17 1.8237 4.3425 5.2359
17 1.8220 4.3367 5.2275
17 1.8215 4.3407 5.2329
17 1.8211 4.3436 5.2370
17 1.8194 4.3407 5.2344
17 1.8176 4.3349 5.2260
17 1.8217 4.3338 5.2282
17 1.8199 4.3338 5.2337
17 1.8182 4.3309 5.2282
17 1.8165 4.3252 5.2199
17 1.8161 4.3250 5.2192
17 1.8157 4.3280 5.2208
18 1.8184 4.3315 5.2238
18 1.8211 4.3286 5.2228
18 1.8194 4.3230 5.2147
18 1.8190 4.3219 5.2137
18 1.8185 4.3260 5.2191
18 1.8211 4.3307 5.2232
18 1.8195 4.3279 5.2179
18 1.8178 4.3223 5.2099
18 1.8174 4.3253 5.2140
18 1.8170 4.3294 5.2194
18 1.8154 4.3266 5.2169
18 1.8137 4.3211 5.2090
18 1.8177 4.3209 5.2122
18 1.8215 4.3198 5.2138
18 1.8240 4.3296 5.2266
18 1.8224 4.3268 5.2214
18 1.8208 4.3214 5.2136
18 1.8204 4.3202 5.2125
18 1.8200 4.3300 5.2199
18 1.8225 4.3326 5.2325
18 1.8262 4.3352 5.2399
19 1.8286 4.3378 5.2422
19 1.8310 4.3351 5.2410
19 1.8294 4.3297 5.2333
19 1.8290 4.3320 5.2345
19 1.8286 4.3346 5.2376
19 1.8282 4.3334 5.2362
19 1.8277 4.3331 5.2355
19 1.8262 4.3366 5.2395
19 1.8247 4.3339 5.2345
19 1.8231 4.3287 5.2270
19 1.8227 4.3351 5.2342
19 1.8263 4.3414 5.2414
19 1.8248 4.3387 5.2391
19 1.8233 4.3336 5.2316
19 1.8218 4.3309 5.2267
19 1.8202 4.3257 5.2192
19 1.8199 4.3277 5.2201
19 1.8234 4.3371 5.2323
19 1.8268 4.3345 5.2340
19 1.8253 4.3294 5.2267
20 1.8249 4.3369 5.2338
20 1.8273 4.3512 5.2459
20 1.8269 4.3529 5.2463
20 1.8292 4.3671 5.2583
20 1.8277 4.3644 5.2534
20 1.8263 4.3593 5.2461
20 1.8259 4.3685 5.2581
20 1.8292 4.3715 5.2651
20 1.8288 4.3807 5.2770
20 1.8274 4.3780 5.2747
20 1.8259 4.3730 5.2674
20 1.8255 4.3743 5.2674
20 1.8241 4.3716 5.2650
20 1.8226 4.3789 5.2719
20 1.8212 4.3850 5.2837
20 1.8197 4.3823 5.2789
20 1.8183 4.3773 5.2717
20 1.8179 4.3845 5.2768
20 1.8175 4.3857 5.2765
20 1.8199 4.3890 5.2796
20 1.8184 4.3841 5.2725
21 1.8181 4.3866 5.2764
21 1.8203 4.3938 5.2832
21 1.8200 4.3947 5.2827
21 1.8196 4.3998 5.2877
21 1.8182 4.3972 5.2830
21 1.8168 4.3922 5.2760
21 1.8164 4.3945 5.2791
21 1.8160 4.4080 5.2905
21 1.8156 4.4109 5.2944
21 1.8351 4.4134 5.3057
21 1.8337 4.4109 5.3033
21 1.8323 4.4060 5.2964
21 1.8345 4.4104 5.3077
21 1.8331 4.4078 5.3030
21 1.8317 4.4029 5.2961
21 1.8338 4.4088 5.3011
21 1.8359 4.4062 5.3002
21 1.8345 4.4014 5.2933
22 1.8342 4.4052 5.2971
22 1.8362 4.4139 5.3083
22 1.8348 4.4158 5.3113
22 1.8334 4.4132 5.3067
22 1.8321 4.4084 5.2999
22 1.8317 4.4154 5.3065
22 1.8337 4.4284 5.3176
22 1.8323 4.4259 5.3152
22 1.8310 4.4211 5.3084
22 1.8330 4.4219 5.3150
22 1.8362 4.4252 5.3215
22 1.8394 4.4309 5.3325
22 1.8381 4.4358 5.3434
22 1.8367 4.4333 5.3388
22 1.8353 4.4285 5.3321
22 1.8350 4.4291 5.3315
22 1.8346 4.4348 5.3352
22 1.8343 4.4405 5.3400
22 1.8363 4.4427 5.3423
22 1.8382 4.4402 5.3413
22 1.8369 4.4355 5.3346
23 1.8365 4.4384 5.3376
23 1.8362 4.4388 5.3368
23 1.8358 4.4405 5.3391
23 1.8345 4.4427 5.3498
23 1.8364 4.4510 5.3562
23 1.8351 4.4485 5.3517
23 1.8337 4.4439 5.3452
23 1.8334 4.4456 5.3461
23 1.8365 4.4522 5.3567
23 1.8352 4.4498 5.3544
23 1.8339 4.4452 5.3479
23 1.8326 4.4427 5.3435
23 1.8313 4.4382 5.3370
23 1.8332 4.4357 5.3359
23 1.8319 4.4312 5.3295
24 1.8337 4.4329 5.3400
24 1.8355 4.4377 5.3447
24 1.8373 4.4433 5.3510
24 1.8360 4.4447 5.3533
24 1.8347 4.4441 5.3562
24 1.8334 4.4416 5.3518
24 1.8321 4.4372 5.3455
24 1.8318 4.4386 5.3473
24 1.8349 4.4434 5.3535
24 1.8346 4.4482 5.3597
24 1.8364 4.4518 5.3659
24 1.8351 4.4495 5.3636
24 1.8338 4.4450 5.3573
24 1.8335 4.4483 5.3676
24 1.8322 4.4459 5.3633
24 1.8310 4.4415 5.3570
24 1.8327 4.4535 5.3672
24 1.8357 4.4583 5.3718
24 1.8386 4.4624 5.3820
24 1.8415 4.4617 5.3833
24 1.8443 4.4593 5.3847
24 1.8431 4.4549 5.3784
24 1.8428 4.4559 5.3788
24 1.8426 4.4571 5.3802
25 1.8413 4.4548 5.3759
25 1.8401 4.4504 5.3698
25 1.8428 4.4559 5.3758
25 1.8416 4.4535 5.3736
25 1.8403 4.4492 5.3674
25 1.8430 4.4485 5.3685
25 1.8447 4.4521 5.3785
25 1.8435 4.4498 5.3743
25 1.8422 4.4455 5.3682
25 1.8420 4.4447 5.3675
25 1.8437 4.4424 5.3665
25 1.8424 4.4382 5.3605
25 1.8422 4.4384 5.3602
25 1.8439 4.4448 5.3701
25 1.8455 4.4565 5.3800
25 1.8471 4.4681 5.3899
26 1.8458 4.4658 5.3858
26 1.8446 4.4615 5.3797
26 1.8444 4.4669 5.3857
26 1.8442 4.4660 5.3849
26 1.8440 4.4737 5.3947
26 1.8428 4.4714 5.3925
26 1.8415 4.4672 5.3865
26 1.8413 4.4718 5.3909
26 1.8401 4.4833 5.4006
26 1.8389 4.4809 5.3966
26 1.8377 4.4767 5.3906
26 1.8375 4.4882 5.4003
26 1.8402 4.4921 5.4099
26 1.8418 4.4997 5.4158
26 1.8433 4.4974 5.4147
26 1.8421 4.4932 5.4087
26 1.8419 4.5007 5.4183
26 1.8417 4.5047 5.4218
27 1.8405 4.5023 5.4177
27 1.8394 4.4982 5.4118
27 1.8420 4.5042 5.4213
27 1.8408 4.5019 5.4191
27 1.8396 4.4978 5.4133
27 1.8384 4.5005 5.4190
27 1.8372 4.5033 5.4224
27 1.8361 4.5072 5.4268
27 1.8349 4.5049 5.4228
27 1.8337 4.5008 5.4170
27 1.8363 4.5068 5.4264
27 1.8388 4.5142 5.4357
27 1.8413 4.5119 5.4368
27 1.8401 4.5078 5.4310
27 1.8417 4.5138 5.4366
28 1.8405 4.5162 5.4409
28 1.8393 4.5139 5.4369
28 1.8381 4.5098 5.4312
28 1.8380 4.5149 5.4368
28 1.8404 4.5173 5.4411
28 1.8420 4.5207 5.4467
28 1.8408 4.5185 5.4445
28 1.8396 4.5144 5.4388
28 1.8395 4.5166 5.4410
28 1.8394 4.5196 5.4502
28 1.8382 4.5174 5.4463
28 1.8370 4.5133 5.4406
28 1.8394 4.5177 5.4461
28 1.8410 4.5207 5.4517
28 1.8425 4.5257 5.4559
28 1.8439 4.5235 5.4549
28 1.8428 4.5195 5.4492
28 1.8427 4.5214 5.4510
28 1.8441 4.5273 5.4565
29 1.8430 4.5250 5.4526
29 1.8418 4.5210 5.4470
29 1.8417 4.5260 5.4560
29 1.8406 4.5238 5.4539
29 1.8394 4.5198 5.4483
29 1.8418 4.5248 5.4573
29 1.8441 4.5250 5.4594
29 1.8455 4.5356 5.4684
29 1.8444 4.5334 5.4646
29 1.8433 4.5294 5.4590
29 1.8432 4.5296 5.4587
29 1.8431 4.5323 5.4642
29 1.8430 4.5366 5.4683
29 1.8452 4.5408 5.4772
29 1.8475 4.5446 5.4805
29 1.8497 4.5424 5.4813
29 1.8486 4.5385 5.4758
29 1.8485 4.5455 5.4846
29 1.8473 4.5433 5.4808
29 1.8462 4.5394 5.4753
30 1.8461 4.5436 5.4785
30 1.8460 4.5469 5.4839
30 1.8459 4.5480 5.4847
30 1.8448 4.5458 5.4826
30 1.8437 4.5419 5.4771
30 1.8436 4.5443 5.4812
30 1.8434 4.5449 5.4808
30 1.8423 4.5473 5.4862
30 1.8413 4.5452 5.4824
30 1.8402 4.5413 5.4770
30 1.8424 4.5470 5.4857
30 1.8445 4.5503 5.4910
30 1.8434 4.5605 5.4996
30 1.8449 4.5583 5.4986
30 1.8438 4.5545 5.4932
30 1.8437 4.5647 5.5018
30 1.8451 4.5658 5.5071
30 1.8465 4.5691 5.5103
30 1.8454 4.5669 5.5065
30 1.8443 4.5631 5.5012
31 1.8442 4.5652 5.5044
31 1.8464 4.5682 5.5070
31 1.8453 4.5660 5.5049
31 1.8442 4.5622 5.4995
31 1.8441 4.5636 5.5013
31 1.8431 4.5614 5.4976
31 1.8420 4.5577 5.4923
31 1.8434 4.5613 5.4975
31 1.8448 4.5592 5.4964
31 1.8437 4.5555 5.4912
31 1.8450 4.5602 5.4964
31 1.8440 4.5580 5.4927
31 1.8429 4.5543 5.4875
32 1.8428 4.5576 5.4915
32 1.8442 4.5630 5.4955
32 1.8463 4.5652 5.4986
32 1.8483 4.5647 5.4995
32 1.8482 4.5688 5.5047
32 1.8502 4.5697 5.5086
32 1.8492 4.5676 5.5066
32 1.8482 4.5639 5.5014
32 1.8471 4.5618 5.4978
32 1.8461 4.5581 5.4926
32 1.8474 4.5594 5.5009
32 1.8494 4.5623 5.5061
32 1.8513 4.5652 5.5100
32 1.8532 4.5631 5.5106
32 1.8522 4.5595 5.5055
32 1.8521 4.5590 5.5050
32 1.8521 4.5609 5.5101
32 1.8520 4.5638 5.5132
32 1.8519 4.5684 5.5215
32 1.8518 4.5693 5.5219
32 1.8517 4.5704 5.5233
32 1.8507 4.5683 5.5197
32 1.8497 4.5647 5.5146
33 1.8496 4.5701 5.5197
33 1.8486 4.5680 5.5177
33 1.8499 4.5716 5.5216
33 1.8489 4.5680 5.5165
33 1.8488 4.5688 5.5168
33 1.8487 4.5713 5.5193
33 1.8486 4.5754 5.5244
33 1.8485 4.5756 5.5242
33 1.8483 4.5773 5.5256
33 1.8482 4.5783 5.5267
33 1.8481 4.5800 5.5305
33 1.8479 4.5840 5.5355
33 1.8469 4.5820 5.5321
33 1.8468 4.5835 5.5332
33 1.8466 4.5844 5.5341
33 1.8465 4.5867 5.5361
33 1.8463 4.5883 5.5392
33 1.8461 4.5918 5.5430
33 1.8459 4.5924 5.5431
33 1.8457 4.5926 5.5428
33 1.8470 4.5906 5.5418
33 1.8468 4.5911 5.5418
33 1.8466 4.5932 5.5435
33 1.8464 4.5946 5.5443
33 1.8462 4.5947 5.5439
33 1.8459 4.5978 5.5470
33 1.8457 4.5986 5.5476
33 1.8455 4.6000 5.5501
33 1.8446 4.5980 5.5467
34 1.8437 4.5960 5.5448
34 1.8428 4.5979 5.5478
34 1.8419 4.5959 5.5444
34 1.8417 4.5998 5.5469
34 1.8430 4.5978 5.5459
34 1.8427 4.5985 5.5464
34 1.8419 4.5965 5.5430
34 1.8416 4.6004 5.5455
35 1.8407 4.5984 5.5435
35 1.8398 4.5951 5.5388
35 1.8390 4.5957 5.5425
35 1.8381 4.5937 5.5392
35 1.8372 4.5904 5.5344
35 1.8385 4.5884 5.5334
35 1.8376 4.5851 5.5287
35 1.8389 4.5870 5.5304
35 1.8380 4.5876 5.5335
35 1.8371 4.5857 5.5301
35 1.8362 4.5823 5.5254
35 1.8360 4.5824 5.5250
35 1.8358 4.5842 5.5275
36 1.8350 4.5822 5.5256
36 1.8341 4.5790 5.5210
36 1.8332 4.5809 5.5287
36 1.8323 4.5814 5.5312
36 1.8314 4.5849 5.5360
36 1.8305 4.5829 5.5327
36 1.8296 4.5797 5.5281
36 1.8316 4.5818 5.5318
36 1.8307 4.5818 5.5348
36 1.8320 4.5838 5.5366
36 1.8318 4.5857 5.5391
36 1.8331 4.5838 5.5380
36 1.8322 4.5805 5.5334
36 1.8321 4.5810 5.5332
36 1.8319 4.5827 5.5347
36 1.8317 4.5858 5.5377
36 1.8315 4.5874 5.5398
36 1.8306 4.5855 5.5365
36 1.8298 4.5823 5.5320
37 1.8289 4.5804 5.5301
37 1.8280 4.5772 5.5256
37 1.8278 4.5785 5.5264
37 1.8270 4.5811 5.5311
37 1.8261 4.5792 5.5279
37 1.8252 4.5760 5.5234
37 1.8272 4.5849 5.5309
37 1.8263 4.5861 5.5339
37 1.8282 4.5895 5.5414
37 1.8301 4.5911 5.5451
37 1.8292 4.5971 5.5526
37 1.8311 4.5952 5.5532
37 1.8302 4.5920 5.5487
37 1.8300 4.5943 5.5507
37 1.8313 4.6031 5.5582
37 1.8305 4.6118 5.5656
37 1.8296 4.6099 5.5624
37 1.8287 4.6067 5.5579
38 1.8279 4.6095 5.5615
38 1.8270 4.6076 5.5597
38 1.8261 4.6044 5.5552
38 1.8260 4.6131 5.5626
38 1.8273 4.6142 5.5655
38 1.8285 4.6142 5.5729
38 1.8277 4.6123 5.5697
38 1.8268 4.6092 5.5652
38 1.8267 4.6117 5.5677
38 1.8279 4.6123 5.5723
38 1.8278 4.6209 5.5796
38 1.8290 4.6191 5.5785
38 1.8282 4.6159 5.5741
38 1.8280 4.6208 5.5777
38 1.8279 4.6241 5.5801
38 1.8291 4.6283 5.5836
38 1.8290 4.6368 5.5909
38 1.8281 4.6337 5.5865
38 1.8280 4.6373 5.5910
38 1.8278 4.6458 5.5982
39 1.8270 4.6439 5.5964
39 1.8262 4.6408 5.5920
39 1.8260 4.6466 5.5965
39 1.8252 4.6447 5.5934
39 1.8243 4.6416 5.5890
39 1.8242 4.6414 5.5887
39 1.8260 4.6419 5.5916
39 1.8278 4.6431 5.5944
39 1.8291 4.6448 5.5973
39 1.8303 4.6429 5.5962
39 1.8294 4.6399 5.5919
39 1.8293 4.6396 5.5915
39 1.8291 4.6401 5.5915
39 1.8303 4.6410 5.5939
39 1.8315 4.6430 5.5968
39 1.8313 4.6441 5.5979
39 1.8305 4.6423 5.5949
39 1.8297 4.6392 5.5906
39 1.8315 4.6392 5.5923
39 1.8313 4.6408 5.5943
39 1.8305 4.6390 5.5925
39 1.8297 4.6359 5.5882
40 1.8296 4.6364 5.5881
40 1.8294 4.6373 5.5891
40 1.8293 4.6370 5.5887
40 1.8291 4.6389 5.5907
40 1.8283 4.6402 5.5930
40 1.8275 4.6384 5.5900
40 1.8267 4.6354 5.5858
40 1.8265 4.6374 5.5875
40 1.8264 4.6371 5.5870
40 1.8276 4.6453 5.5940
40 1.8287 4.6435 5.5929
40 1.8279 4.6405 5.5887
40 1.8278 4.6414 5.5895
40 1.8276 4.6414 5.5892
40 1.8274 4.6418 5.5891
40 1.8286 4.6499 5.5960
40 1.8278 4.6482 5.5931
40 1.8270 4.6452 5.5889
40 1.8268 4.6508 5.5958
40 1.8267 4.6564 5.6027
40 1.8259 4.6546 5.6010
40 1.8251 4.6516 5.5968
41 1.8263 4.6520 5.6003
41 1.8274 4.6527 5.6037
41 1.8266 4.6510 5.6007
41 1.8259 4.6480 5.5966
41 1.8257 4.6477 5.5960
41 1.8268 4.6494 5.5984
41 1.8279 4.6476 5.5973
41 1.8271 4.6447 5.5932
41 1.8270 4.6454 5.5939
41 1.8268 4.6457 5.5937
41 1.8266 4.6453 5.5931
41 1.8277 4.6462 5.5951
41 1.8288 4.6476 5.5974
41 1.8280 4.6476 5.5997
41 1.8273 4.6459 5.5968
41 1.8265 4.6430 5.5928
41 1.8264 4.6438 5.5936
41 1.8262 4.6454 5.5953
41 1.8260 4.6467 5.5970
41 1.8253 4.6473 5.5998
41 1.8245 4.6476 5.6032
41 1.8238 4.6459 5.6015
41 1.8230 4.6430 5.5974
42 1.8248 4.6426 5.5983
42 1.8266 4.6438 5.6006
42 1.8258 4.6421 5.5978
42 1.8251 4.6393 5.5937
42 1.8249 4.6389 5.5931
42 1.8248 4.6407 5.5945
42 1.8265 4.6453 5.6013
42 1.8282 4.6498 5.6080
42 1.8299 4.6481 5.6085
42 1.8291 4.6453 5.6045
42 1.8290 4.6448 5.6038
42 1.8288 4.6454 5.6043
42 1.8286 4.6456 5.6041
42 1.8285 4.6495 5.6084
42 1.8277 4.6479 5.6055
42 1.8270 4.6451 5.6016
42 1.8268 4.6490 5.6058
42 1.8285 4.6489 5.6073
42 1.8301 4.6502 5.6100
42 1.8294 4.6485 5.6084
42 1.8287 4.6457 5.6044
43 1.8280 4.6459 5.6072
43 1.8272 4.6442 5.6044
43 1.8265 4.6414 5.6004
43 1.8264 4.6425 5.6011
43 1.8274 4.6457 5.6039
43 1.8285 4.6495 5.6081
43 1.8296 4.6479 5.6071
43 1.8289 4.6451 5.6032
43 1.8281 4.6452 5.6056
43 1.8274 4.6463 5.6079
43 1.8267 4.6446 5.6051
43 1.8260 4.6419 5.6012
43 1.8258 4.6447 5.6045
43 1.8275 4.6447 5.6057
43 1.8273 4.6481 5.6099
43 1.8266 4.6465 5.6083
43 1.8259 4.6437 5.6044
44 1.8257 4.6447 5.6050
44 1.8250 4.6458 5.6070
44 1.8243 4.6442 5.6042
44 1.8236 4.6414 5.6004
44 1.8234 4.6431 5.6016
44 1.8245 4.6470 5.6081
44 1.8255 4.6454 5.6072
44 1.8248 4.6426 5.6033
44 1.8247 4.6427 5.6031
44 1.8245 4.6436 5.6035
44 1.8244 4.6436 5.6033
44 1.8254 4.6474 5.6066
44 1.8247 4.6458 5.6039
44 1.8240 4.6431 5.6001
44 1.8239 4.6465 5.6028
44 1.8237 4.6499 5.6069
44 1.8230 4.6483 5.6053
44 1.8223 4.6456 5.6016
45 1.8239 4.6472 5.6048
45 1.8232 4.6456 5.6021
45 1.8225 4.6429 5.5984
45 1.8224 4.6437 5.5987
45 1.8234 4.6467 5.6029
45 1.8244 4.6491 5.6070
45 1.8255 4.6475 5.6060
45 1.8248 4.6448 5.6023
45 1.8246 4.6463 5.6033
45 1.8245 4.6470 5.6036
45 1.8243 4.6491 5.6068
45 1.8236 4.6491 5.6088
45 1.8229 4.6475 5.6061
45 1.8222 4.6449 5.6024
45 1.8221 4.6476 5.6056
45 1.8214 4.6460 5.6041
45 1.8207 4.6434 5.6004
45 1.8223 4.6447 5.6030
45 1.8239 4.6454 5.6063
45 1.8255 4.6484 5.6104
46 1.8265 4.6495 5.6136
46 1.8258 4.6479 5.6109
46 1.8251 4.6453 5.6072
46 1.8250 4.6469 5.6083
46 1.8260 4.6453 5.6073
46 1.8253 4.6427 5.6037
46 1.8252 4.6426 5.6034
46 1.8262 4.6452 5.6057
46 1.8260 4.6458 5.6059
46 1.8259 4.6470 5.6068
46 1.8274 4.6490 5.6087
46 1.8267 4.6475 5.6061
46 1.8261 4.6449 5.6025
46 1.8259 4.6472 5.6051
46 1.8253 4.6456 5.6036
46 1.8246 4.6430 5.6000
47 1.8239 4.6428 5.6019
47 1.8232 4.6427 5.6036
47 1.8226 4.6411 5.6010
47 1.8219 4.6386 5.5974
47 1.8217 4.6392 5.5975
47 1.8233 4.6409 5.6037
47 1.8248 4.6394 5.6043
47 1.8241 4.6368 5.6006
47 1.8240 4.6367 5.6004
47 1.8239 4.6364 5.5998
47 1.8249 4.6379 5.6013
47 1.8242 4.6387 5.6030
47 1.8235 4.6372 5.6004
47 1.8228 4.6346 5.5968
47 1.8227 4.6362 5.5991
47 1.8226 4.6376 5.6008
47 1.8219 4.6361 5.5993
47 1.8213 4.6335 5.5957
47 1.8211 4.6341 5.5958
47 1.8210 4.6340 5.5955
48 1.8203 4.6337 5.5971
48 1.8197 4.6354 5.5994
48 1.8190 4.6339 5.5969
48 1.8183 4.6314 5.5933
48 1.8182 4.6341 5.5953
48 1.8192 4.6356 5.5972
48 1.8202 4.6341 5.5963
48 1.8195 4.6316 5.5928
48 1.8194 4.6313 5.5923
48 1.8193 4.6312 5.5919
48 1.8191 4.6319 5.5926
48 1.8201 4.6331 5.5945
48 1.8195 4.6316 5.5920
48 1.8188 4.6291 5.5885
48 1.8187 4.6288 5.5880
48 1.8185 4.6302 5.5894
48 1.8184 4.6321 5.5914
48 1.8183 4.6344 5.5945
48 1.8176 4.6330 5.5931
48 1.8170 4.6305 5.5896
49 1.8179 4.6303 5.5936
49 1.8173 4.6289 5.5911
49 1.8167 4.6264 5.5876
49 1.8165 4.6270 5.5877
49 1.8175 4.6256 5.5868
49 1.8168 4.6231 5.5833
49 1.8167 4.6238 5.5839
49 1.8177 4.6253 5.5854
49 1.8186 4.6266 5.5867
49 1.8180 4.6251 5.5842
49 1.8173 4.6227 5.5808
49 1.8172 4.6241 5.5827
49 1.8171 4.6253 5.5842
49 1.8164 4.6239 5.5828
49 1.8158 4.6214 5.5794
49 1.8157 4.6227 5.5807
49 1.8172 4.6224 5.5815
49 1.8187 4.6229 5.5875
49 1.8202 4.6228 5.5886
49 1.8216 4.6239 5.5909
49 1.8210 4.6225 5.5884
49 1.8204 4.6201 5.5851
50 1.8202 4.6206 5.5850
50 1.8201 4.6231 5.5867
50 1.8210 4.6246 5.5898
50 1.8209 4.6259 5.5915
50 1.8208 4.6256 5.5910
50 1.8206 4.6267 5.5922
50 1.8221 4.6253 5.5927
50 1.8215 4.6229 5.5894
50 1.8213 4.6228 5.5890
50 1.8212 4.6224 5.5884
50 1.8210 4.6236 5.5896
50 1.8204 4.6243 5.5910
50 1.8198 4.6261 5.5969
50 1.8192 4.6247 5.5945
50 1.8186 4.6224 5.5912
50 1.8184 4.6248 5.5938
50 1.8178 4.6234 5.5924
50 1.8172 4.6211 5.5891
50 1.8166 4.6229 5.5922
50 1.8160 4.6215 5.5898
50 1.8153 4.6192 5.5865
51 1.8152 4.6196 5.5864
51 1.8162 4.6225 5.5890
51 1.8171 4.6257 5.5928
51 1.8180 4.6243 5.5920
51 1.8174 4.6220 5.5887
51 1.8173 4.6226 5.5892
51 1.8171 4.6230 5.5891
51 1.8170 4.6247 5.5908
51 1.8164 4.6233 5.5884
51 1.8158 4.6210 5.5852
51 1.8156 4.6237 5.5890
51 1.8155 4.6265 5.5928
51 1.8149 4.6252 5.5914
51 1.8143 4.6229 5.5881
51 1.8142 4.6232 5.5880
51 1.8140 4.6248 5.5894
51 1.8134 4.6263 5.5914
51 1.8128 4.6249 5.5890
51 1.8122 4.6226 5.5858
52 1.8121 4.6249 5.5873
52 1.8135 4.6270 5.5911
52 1.8150 4.6282 5.5948
52 1.8164 4.6268 5.5953
52 1.8158 4.6245 5.5920
52 1.8156 4.6260 5.5933
52 1.8155 4.6279 5.5952
52 1.8164 4.6290 5.5963
52 1.8158 4.6296 5.5976
52 1.8152 4.6282 5.5953
52 1.8146 4.6259 5.5921
52 1.8145 4.6271 5.5936
52 1.8139 4.6257 5.5922
52 1.8133 4.6235 5.5890
52 1.8127 4.6221 5.5867
52 1.8121 4.6199 5.5835
53 1.8120 4.6202 5.5833
53 1.8129 4.6216 5.5871
53 1.8139 4.6234 5.5928
53 1.8148 4.6221 5.5920
53 1.8142 4.6198 5.5888
53 1.8140 4.6215 5.5905
53 1.8149 4.6254 5.5935
53 1.8144 4.6260 5.5946
53 1.8138 4.6247 5.5924
53 1.8132 4.6224 5.5892
53 1.8131 4.6235 5.5905
53 1.8129 4.6249 5.5926
53 1.8138 4.6275 5.5964
53 1.8137 4.6278 5.5961
53 1.8131 4.6265 5.5948
53 1.8125 4.6242 5.5916
53 1.8134 4.6258 5.5954
53 1.8143 4.6268 5.5964
53 1.8137 4.6255 5.5941
53 1.8131 4.6232 5.5910
54 1.8130 4.6253 5.5923
54 1.8144 4.6277 5.5979
54 1.8153 4.6264 5.5971
54 1.8147 4.6242 5.5939
54 1.8146 4.6264 5.5958
54 1.8155 4.6288 5.5980
54 1.8153 4.6293 5.5984
54 1.8167 4.6327 5.6040
54 1.8161 4.6337 5.6077
54 1.8156 4.6362 5.6133
54 1.8150 4.6349 5.6110
54 1.8144 4.6327 5.6079
54 1.8138 4.6314 5.6066
54 1.8133 4.6292 5.6035
54 1.8131 4.6316 5.6056
54 1.8126 4.6303 5.6034
54 1.8120 4.6281 5.6003
55 1.8134 4.6288 5.6024
55 1.8147 4.6275 5.6028
55 1.8142 4.6253 5.5997
55 1.8150 4.6275 5.6019
55 1.8159 4.6296 5.6048
55 1.8153 4.6293 5.6063
55 1.8147 4.6298 5.6073
55 1.8142 4.6311 5.6089
55 1.8136 4.6298 5.6067
55 1.8130 4.6276 5.6036
55 1.8129 4.6297 5.6065
55 1.8128 4.6304 5.6072
55 1.8142 4.6315 5.6091
55 1.8140 4.6334 5.6115
55 1.8135 4.6321 5.6102
55 1.8129 4.6299 5.6072
55 1.8138 4.6333 5.6108
55 1.8132 4.6320 5.6086
55 1.8126 4.6299 5.6055
55 1.8140 4.6315 5.6072
56 1.8148 4.6313 5.6108
56 1.8157 4.6322 5.6124
56 1.8165 4.6309 5.6117
56 1.8159 4.6288 5.6086
56 1.8158 4.6295 5.6092
56 1.8157 4.6314 5.6116
56 1.8152 4.6337 5.6152
56 1.8146 4.6324 5.6131
56 1.8140 4.6303 5.6100
56 1.8135 4.6300 5.6113
56 1.8129 4.6288 5.6100
56 1.8123 4.6266 5.6070
56 1.8136 4.6281 5.6124
56 1.8131 4.6268 5.6102
56 1.8125 4.6247 5.6072
56 1.8124 4.6244 5.6068
57 1.8133 4.6232 5.6060
57 1.8127 4.6210 5.6030
57 1.8126 4.6210 5.6028
57 1.8134 4.6240 5.6052
57 1.8142 4.6266 5.6088
57 1.8151 4.6291 5.6112
57 1.8145 4.6278 5.6091
57 1.8139 4.6257 5.6061
57 1.8138 4.6280 5.6082
57 1.8138 4.6304 5.6111
57 1.8132 4.6291 5.6098
57 1.8126 4.6270 5.6068
57 1.8121 4.6314 5.6104
57 1.8115 4.6302 5.6083
57 1.8109 4.6281 5.6053
57 1.8109 4.6325 5.6088
57 1.8122 4.6343 5.6113
58 1.8130 4.6370 5.6134
58 1.8138 4.6357 5.6126
58 1.8132 4.6336 5.6096
58 1.8132 4.6366 5.6132
58 1.8140 4.6387 5.6160
58 1.8134 4.6375 5.6139
58 1.8128 4.6354 5.6109
58 1.8141 4.6391 5.6162
58 1.8136 4.6379 5.6150
58 1.8130 4.6358 5.6120
58 1.8125 4.6370 5.6135
58 1.8119 4.6358 5.6114
58 1.8114 4.6337 5.6084
59 1.8122 4.6351 5.6113
59 1.8129 4.6339 5.6105
59 1.8124 4.6318 5.6075
59 1.8132 4.6339 5.6099
59 1.8139 4.6366 5.6128
59 1.8134 4.6374 5.6146
59 1.8128 4.6361 5.6125
59 1.8123 4.6341 5.6096
59 1.8122 4.6354 5.6109
59 1.8135 4.6364 5.6125
59 1.8148 4.6376 5.6153
59 1.8147 4.6401 5.6181
59 1.8142 4.6388 5.6169
59 1.8136 4.6368 5.6140
59 1.8131 4.6375 5.6156
59 1.8125 4.6362 5.6135
59 1.8120 4.6342 5.6106
59 1.8132 4.6355 5.6141
59 1.8145 4.6377 5.6176
59 1.8157 4.6390 5.6200
59 1.8170 4.6377 5.6203
59 1.8164 4.6357 5.6174
60 1.8164 4.6363 5.6178
60 1.8163 4.6376 5.6188
60 1.8171 4.6396 5.6208
60 1.8165 4.6439 5.6243
60 1.8160 4.6427 5.6222
60 1.8154 4.6406 5.6193
60 1.8154 4.6415 5.6202
60 1.8148 4.6430 5.6226
60 1.8143 4.6430 5.6240
60 1.8137 4.6418 5.6228
60 1.8132 4.6397 5.6199
60 1.8139 4.6408 5.6223
60 1.8134 4.6396 5.6203
60 1.8128 4.6376 5.6174
60 1.8128 4.6389 5.6188
60 1.8136 4.6398 5.6202
60 1.8143 4.6386 5.6195
60 1.8138 4.6366 5.6166
61 1.8137 4.6365 5.6164
61 1.8137 4.6378 5.6177
61 1.8144 4.6421 5.6229
61 1.8152 4.6447 5.6252
61 1.8146 4.6435 5.6232
61 1.8141 4.6415 5.6203
61 1.8140 4.6440 5.6231
61 1.8135 4.6428 5.6219
61 1.8129 4.6407 5.6191
61 1.8129 4.6426 5.6202
61 1.8123 4.6436 5.6215
61 1.8118 4.6458 5.6266
61 1.8113 4.6447 5.6245
61 1.8107 4.6426 5.6217
61 1.8107 4.6453 5.6245
61 1.8114 4.6461 5.6257
61 1.8122 4.6497 5.6291
61 1.8129 4.6485 5.6284
61 1.8124 4.6465 5.6256
62 1.8123 4.6482 5.6266
62 1.8123 4.6487 5.6270
62 1.8117 4.6496 5.6281
62 1.8112 4.6504 5.6332
62 1.8106 4.6492 5.6312
62 1.8101 4.6472 5.6284
62 1.8101 4.6496 5.6307
62 1.8113 4.6525 5.6341
62 1.8108 4.6513 5.6329
62 1.8102 4.6493 5.6301
62 1.8097 4.6481 5.6281
62 1.8092 4.6461 5.6253
62 1.8091 4.6487 5.6271
62 1.8103 4.6492 5.6298
62 1.8116 4.6501 5.6312
62 1.8128 4.6500 5.6320
62 1.8139 4.6504 5.6340
62 1.8147 4.6515 5.6356
62 1.8154 4.6503 5.6349
62 1.8149 4.6483 5.6321
63 1.8148 4.6487 5.6322
63 1.8148 4.6491 5.6321
63 1.8155 4.6498 5.6333
63 1.8162 4.6510 5.6348
63 1.8162 4.6508 5.6345
63 1.8157 4.6496 5.6325
63 1.8151 4.6477 5.6298
63 1.8151 4.6488 5.6308
63 1.8150 4.6498 5.6322
63 1.8145 4.6502 5.6339
63 1.8140 4.6490 5.6328
63 1.8135 4.6470 5.6300
63 1.8146 4.6468 5.6307
63 1.8154 4.6472 5.6331
63 1.8148 4.6461 5.6311
63 1.8143 4.6441 5.6283
63 1.8143 4.6465 5.6299
63 1.8150 4.6482 5.6317
63 1.8157 4.6498 5.6340
63 1.8164 4.6487 5.6333
63 1.8159 4.6467 5.6305
64 1.8158 4.6471 5.6306
64 1.8158 4.6469 5.6303
64 1.8157 4.6473 5.6307
64 1.8152 4.6462 5.6288
64 1.8147 4.6443 5.6260
64 1.8146 4.6459 5.6280
64 1.8146 4.6474 5.6300
64 1.8141 4.6462 5.6289
64 1.8136 4.6443 5.6262
64 1.8135 4.6447 5.6265
64 1.8130 4.6436 5.6246
64 1.8125 4.6417 5.6219
64 1.8124 4.6439 5.6233
64 1.8136 4.6437 5.6240
64 1.8148 4.6449 5.6260
64 1.8159 4.6449 5.6270
64 1.8171 4.6459 5.6297
64 1.8182 4.6469 5.6346
64 1.8193 4.6457 5.6349
64 1.8188 4.6438 5.6322
64 1.8188 4.6450 5.6331
64 1.8187 4.6453 5.6330
64 1.8187 4.6453 5.6329
64 1.8186 4.6451 5.6325
65 1.8181 4.6440 5.6306
65 1.8176 4.6421 5.6279
65 1.8176 4.6430 5.6291
65 1.8175 4.6440 5.6302
65 1.8170 4.6443 5.6318
65 1.8165 4.6443 5.6330
65 1.8160 4.6432 5.6319
65 1.8155 4.6413 5.6292
65 1.8166 4.6424 5.6310
65 1.8177 4.6422 5.6316
65 1.8172 4.6411 5.6297
65 1.8167 4.6392 5.6270
65 1.8167 4.6412 5.6283
65 1.8174 4.6421 5.6295
65 1.8181 4.6410 5.6288
65 1.8176 4.6391 5.6262
65 1.8175 4.6395 5.6265
65 1.8175 4.6406 5.6273
65 1.8174 4.6403 5.6269
66 1.8169 4.6392 5.6251
66 1.8164 4.6374 5.6224
66 1.8163 4.6382 5.6235
66 1.8170 4.6391 5.6244
66 1.8165 4.6380 5.6233
66 1.8160 4.6362 5.6207
66 1.8160 4.6365 5.6208
66 1.8159 4.6372 5.6216
66 1.8159 4.6370 5.6212
66 1.8158 4.6380 5.6221
66 1.8158 4.6383 5.6220
66 1.8157 4.6383 5.6219
66 1.8152 4.6373 5.6200
66 1.8147 4.6354 5.6174
66 1.8158 4.6368 5.6194
66 1.8158 4.6372 5.6197
66 1.8157 4.6388 5.6206
67 1.8152 4.6410 5.6254
67 1.8151 4.6414 5.6256
67 1.8151 4.6423 5.6273
67 1.8150 4.6463 5.6306
67 1.8149 4.6472 5.6323
67 1.8149 4.6475 5.6322
67 1.8148 4.6475 5.6320
67 1.8147 4.6487 5.6329
67 1.8146 4.6490 5.6331
67 1.8146 4.6490 5.6329
67 1.8145 4.6487 5.6325
67 1.8144 4.6497 5.6332
67 1.8143 4.6510 5.6343
67 1.8142 4.6517 5.6349
67 1.8141 4.6520 5.6350
67 1.8141 4.6517 5.6346
68 1.8140 4.6524 5.6351
68 1.8139 4.6533 5.6357
68 1.8134 4.6553 5.6389
68 1.8195 4.6543 5.6436
68 1.8194 4.6555 5.6447
68 1.8193 4.6564 5.6460
68 1.8188 4.6554 5.6442
68 1.8187 4.6593 5.6473
68 1.8194 4.6622 5.6499
68 1.8193 4.6656 5.6525
69 1.8192 4.6683 5.6556
69 1.8191 4.6722 5.6588
69 1.8198 4.6730 5.6614
69 1.8194 4.6720 5.6603
69 1.8189 4.6702 5.6578
69 1.8196 4.6708 5.6588
69 1.8203 4.6719 5.6613
69 1.8214 4.6744 5.6639
69 1.8213 4.6777 5.6665
69 1.8208 4.6766 5.6646
69 1.8203 4.6749 5.6621
69 1.8202 4.6760 5.6632
69 1.8201 4.6767 5.6639
69 1.8212 4.6791 5.6686
69 1.8211 4.6799 5.6691
69 1.8210 4.6811 5.6701
69 1.8209 4.6829 5.6723
69 1.8208 4.6862 5.6749
69 1.8219 4.6852 5.6752
69 1.8214 4.6834 5.6727
69 1.8213 4.6856 5.6752
69 1.8212 4.6885 5.6774
69 1.8208 4.6875 5.6756
69 1.8203 4.6857 5.6731
70 1.8202 4.6883 5.6756
70 1.8213 4.6904 5.6802
70 1.8211 4.6931 5.6821
70 1.8207 4.6920 5.6810
70 1.8202 4.6902 5.6785
70 1.8198 4.6905 5.6802
70 1.8194 4.6903 5.6813
70 1.8189 4.6911 5.6823
70 1.8185 4.6920 5.6838
70 1.8180 4.6934 5.6868
70 1.8176 4.6924 5.6851
70 1.8171 4.6906 5.6826
70 1.8178 4.6895 5.6819
70 1.8173 4.6878 5.6794
70 1.8172 4.6886 5.6809
70 1.8171 4.6894 5.6824
70 1.8178 4.6900 5.6833
70 1.8185 4.6909 5.6846
70 1.8184 4.6912 5.6847
70 1.8191 4.6921 5.6860
70 1.8186 4.6911 5.6842
70 1.8182 4.6893 5.6817
71 1.8181 4.6899 5.6824
71 1.8180 4.6896 5.6820
71 1.8179 4.6905 5.6831
71 1.8178 4.6914 5.6839
71 1.8173 4.6903 5.6828
71 1.8169 4.6886 5.6803
71 1.8168 4.6894 5.6817
71 1.8163 4.6883 5.6799
71 1.8159 4.6866 5.6775
71 1.8158 4.6880 5.6783
71 1.8153 4.6900 5.6813
71 1.8160 4.6905 5.6821
71 1.8167 4.6914 5.6833
71 1.8174 4.6936 5.6864
71 1.8180 4.6925 5.6857
71 1.8176 4.6908 5.6833
71 1.8175 4.6926 5.6851
71 1.8174 4.6933 5.6863
71 1.8169 4.6923 5.6846
71 1.8165 4.6906 5.6822
72 1.8164 4.6911 5.6827
72 1.8163 4.6931 5.6852
72 1.8159 4.6938 5.6861
72 1.8154 4.6955 5.6886
72 1.8150 4.6945 5.6876
72 1.8146 4.6928 5.6851
72 1.8156 4.6931 5.6881
72 1.8167 4.6982 5.6926
72 1.8162 4.6972 5.6909
72 1.8158 4.6955 5.6884
72 1.8157 4.7007 5.6929
72 1.8164 4.7011 5.6936
72 1.8170 4.7019 5.6948
72 1.8177 4.7009 5.6941
72 1.8172 4.6992 5.6917
72 1.8171 4.6999 5.6928
72 1.8178 4.7007 5.6939
72 1.8177 4.7044 5.6983
72 1.8176 4.7046 5.6982
72 1.8172 4.7036 5.6965
72 1.8167 4.7019 5.6940
73 1.8166 4.7022 5.6939
73 1.8165 4.7026 5.6944
73 1.8164 4.7034 5.6954
73 1.8160 4.7040 5.6962
73 1.8156 4.7030 5.6952
73 1.8151 4.7013 5.6928
73 1.8150 4.7017 5.6932
73 1.8157 4.7033 5.6957
73 1.8153 4.7023 5.6939
73 1.8148 4.7006 5.6915
73 1.8147 4.7008 5.6914
73 1.8158 4.7016 5.6938
73 1.8168 4.7035 5.6959
73 1.8164 4.7040 5.6966
73 1.8170 4.7030 5.6960
73 1.8166 4.7013 5.6936
73 1.8165 4.7016 5.6934
73 1.8164 4.7019 5.6938
73 1.8160 4.7009 5.6921
73 1.8156 4.6993 5.6897
74 1.8155 4.6993 5.6896
74 1.8154 4.7010 5.6912
74 1.8164 4.7018 5.6928
74 1.8160 4.7008 5.6918
74 1.8155 4.6991 5.6895
74 1.8151 4.7022 5.6919
74 1.8147 4.7022 5.6930
74 1.8143 4.7012 5.6913
74 1.8138 4.6996 5.6889
74 1.8149 4.7017 5.6914
74 1.8145 4.7000 5.6890
74 1.8144 4.7008 5.6903
74 1.8150 4.7011 5.6921
74 1.8149 4.7011 5.6920
74 1.8145 4.7047 5.6949
74 1.8151 4.7065 5.6965
74 1.8147 4.7096 5.7009
74 1.8143 4.7099 5.7017
74 1.8149 4.7089 5.7011
74 1.8145 4.7079 5.6994
74 1.8141 4.7063 5.6971
74 1.8140 4.7079 5.6989
74 1.8139 4.7082 5.6990
74 1.8138 4.7102 5.7014
75 1.8134 4.7092 5.7004
75 1.8130 4.7076 5.6980
75 1.8129 4.7106 5.7023
75 1.8128 4.7134 5.7066
75 1.8127 4.7134 5.7064
75 1.8123 4.7124 5.7048
75 1.8118 4.7107 5.7024
75 1.8117 4.7107 5.7022
75 1.8128 4.7109 5.7038
75 1.8138 4.7125 5.7081
75 1.8137 4.7152 5.7110
75 1.8147 4.7175 5.7153
75 1.8143 4.7202 5.7177
75 1.8149 4.7192 5.7170
75 1.8145 4.7176 5.7147
75 1.8144 4.7178 5.7147
75 1.8143 4.7193 5.7163
75 1.8139 4.7183 5.7146
75 1.8135 4.7167 5.7123
75 1.8134 4.7174 5.7135
75 1.8144 4.7181 5.7149
76 1.8140 4.7171 5.7139
76 1.8136 4.7155 5.7116
76 1.8146 4.7180 5.7145
76 1.8155 4.7204 5.7188
76 1.8165 4.7222 5.7230
76 1.8161 4.7212 5.7214
76 1.8157 4.7196 5.7191
76 1.8163 4.7195 5.7214
76 1.8170 4.7202 5.7257
76 1.8176 4.7192 5.7250
76 1.8172 4.7176 5.7227
76 1.8171 4.7192 5.7238
76 1.8170 4.7215 5.7266
76 1.8176 4.7218 5.7273
76 1.8182 4.7226 5.7293
76 1.8181 4.7233 5.7303
76 1.8188 4.7246 5.7327
76 1.8184 4.7236 5.7310
76 1.8179 4.7220 5.7287
76 1.8179 4.7227 5.7297
76 1.8178 4.7234 5.7302
76 1.8177 4.7240 5.7306
76 1.8176 4.7240 5.7304
76 1.8175 4.7252 5.7324
77 1.8171 4.7243 5.7314
77 1.8167 4.7226 5.7291
77 1.8176 4.7247 5.7320
77 1.8186 4.7272 5.7361
77 1.8182 4.7262 5.7352
77 1.8178 4.7252 5.7335
77 1.8174 4.7236 5.7312
77 1.8184 4.7255 5.7333
77 1.8183 4.7254 5.7330
77 1.8192 4.7260 5.7350
77 1.8202 4.7263 5.7368
77 1.8211 4.7270 5.7382
77 1.8207 4.7254 5.7359
77 1.8206 4.7267 5.7366
77 1.8205 4.7266 5.7363
77 1.8204 4.7284 5.7383
77 1.8203 4.7303 5.7406
77 1.8202 4.7325 5.7435
77 1.8198 4.7316 5.7418
77 1.8194 4.7300 5.7396
77 1.8193 4.7311 5.7405
77 1.8203 4.7322 5.7418
78 1.8199 4.7313 5.7408
78 1.8195 4.7297 5.7385
78 1.8194 4.7318 5.7409
78 1.8193 4.7332 5.7424
78 1.8192 4.7342 5.7433
78 1.8188 4.7390 5.7474
78 1.8184 4.7438 5.7515
78 1.8180 4.7428 5.7499
78 1.8176 4.7413 5.7477
78 1.8182 4.7421 5.7484
78 1.8188 4.7411 5.7478
78 1.8184 4.7395 5.7456
78 1.8183 4.7409 5.7469
78 1.8189 4.7416 5.7480
78 1.8188 4.7451 5.7521
78 1.8195 4.7453 5.7536
78 1.8194 4.7472 5.7556
78 1.8193 4.7507 5.7597
78 1.8189 4.7497 5.7581
78 1.8185 4.7481 5.7559
78 1.8184 4.7491 5.7566
78 1.8183 4.7499 5.7576
79 1.8182 4.7500 5.7576
79 1.8178 4.7491 5.7566
79 1.8174 4.7475 5.7543
79 1.8173 4.7488 5.7556
79 1.8169 4.7517 5.7584
79 1.8165 4.7508 5.7568
79 1.8161 4.7492 5.7546
79 1.8171 4.7483 5.7549
79 1.8167 4.7467 5.7526
79 1.8166 4.7479 5.7538
79 1.8165 4.7497 5.7555
79 1.8171 4.7499 5.7569
79 1.8177 4.7506 5.7578
79 1.8183 4.7515 5.7598
79 1.8182 4.7521 5.7607
79 1.8181 4.7547 5.7635
79 1.8187 4.7553 5.7645
79 1.8183 4.7544 5.7629
79 1.8179 4.7528 5.7607
79 1.8178 4.7530 5.7607
79 1.8177 4.7539 5.7614
79 1.8176 4.7551 5.7629
79 1.8172 4.7542 5.7619
79 1.8169 4.7526 5.7597
80 1.8167 4.7531 5.7606
80 1.8164 4.7534 5.7618
80 1.8160 4.7550 5.7638
80 1.8156 4.7541 5.7622
80 1.8152 4.7525 5.7600
80 1.8148 4.7537 5.7619
80 1.8154 4.7544 5.7626
80 1.8160 4.7535 5.7620
80 1.8157 4.7519 5.7598
80 1.8156 4.7530 5.7609
80 1.8155 4.7535 5.7616
80 1.8154 4.7551 5.7632
80 1.8159 4.7553 5.7644
80 1.8158 4.7555 5.7642
80 1.8164 4.7562 5.7651
80 1.8170 4.7570 5.7668
80 1.8166 4.7561 5.7652
80 1.8163 4.7545 5.7630
80 1.8162 4.7552 5.7639
80 1.8161 4.7570 5.7658
80 1.8157 4.7568 5.7668
80 1.8153 4.7570 5.7679
80 1.8149 4.7561 5.7669
80 1.8146 4.7546 5.7648
81 1.8155 4.7550 5.7667
81 1.8151 4.7561 5.7684
81 1.8147 4.7567 5.7711
81 1.8144 4.7558 5.7695
81 1.8140 4.7543 5.7674
81 1.8139 4.7545 5.7672
81 1.8135 4.7555 5.7687
81 1.8141 4.7556 5.7698
81 1.8147 4.7564 5.7713
81 1.8143 4.7569 5.7720
81 1.8149 4.7559 5.7714
81 1.8145 4.7544 5.7692
81 1.8144 4.7543 5.7689
81 1.8143 4.7545 5.7687
81 1.8149 4.7552 5.7695
81 1.8148 4.7558 5.7704
81 1.8157 4.7564 5.7730
81 1.8156 4.7563 5.7728
81 1.8153 4.7554 5.7712
81 1.8149 4.7539 5.7691
81 1.8148 4.7550 5.7708
81 1.8147 4.7556 5.7715
81 1.8143 4.7566 5.7734
81 1.8139 4.7568 5.7745
81 1.8136 4.7559 5.7735
81 1.8132 4.7544 5.7714
82 1.8128 4.7535 5.7698
82 1.8125 4.7520 5.7677
82 1.8134 4.7526 5.7692
82 1.8143 4.7517 5.7695
82 1.8139 4.7502 5.7674
82 1.8138 4.7512 5.7682
82 1.8137 4.7513 5.7680
82 1.8143 4.7531 5.7695
82 1.8149 4.7548 5.7717
82 1.8145 4.7558 5.7731
82 1.8141 4.7549 5.7716
82 1.8138 4.7534 5.7694
82 1.8137 4.7540 5.7699
82 1.8136 4.7556 5.7721
82 1.8135 4.7573 5.7743
82 1.8131 4.7564 5.7734
82 1.8128 4.7549 5.7713
83 1.8124 4.7540 5.7698
83 1.8120 4.7525 5.7676
83 1.8129 4.7524 5.7685
83 1.8135 4.7530 5.7691
83 1.8141 4.7522 5.7685
83 1.8137 4.7507 5.7664
83 1.8136 4.7521 5.7674
83 1.8135 4.7521 5.7671
83 1.8134 4.7549 5.7693
83 1.8140 4.7566 5.7715
83 1.8139 4.7580 5.7723
83 1.8145 4.7587 5.7740
83 1.8141 4.7578 5.7725
83 1.8137 4.7563 5.7704
83 1.8134 4.7554 5.7695
83 1.8130 4.7539 5.7674
84 1.8139 4.7541 5.7696
84 1.8145 4.7550 5.7718
84 1.8150 4.7559 5.7736
84 1.8147 4.7550 5.7721
84 1.8143 4.7536 5.7701
84 1.8139 4.7568 5.7739
84 1.8145 4.7584 5.7753
84 1.8150 4.7590 5.7771
84 1.8156 4.7581 5.7765
84 1.8152 4.7566 5.7745
84 1.8151 4.7594 5.7766
84 1.8157 4.7617 5.7785
84 1.8153 4.7625 5.7797
84 1.8149 4.7632 5.7819
84 1.8146 4.7623 5.7804
84 1.8142 4.7608 5.7783
84 1.8138 4.7636 5.7810
84 1.8135 4.7627 5.7800
84 1.8131 4.7613 5.7780
84 1.8140 4.7618 5.7801
85 1.8137 4.7633 5.7828
85 1.8133 4.7658 5.7866
85 1.8129 4.7666 5.7877
85 1.8126 4.7671 5.7893
85 1.8122 4.7663 5.7878
85 1.8118 4.7648 5.7858
85 1.8118 4.7663 5.7876
85 1.8114 4.7688 5.7898
85 1.8119 4.7679 5.7892
85 1.8116 4.7665 5.7871
85 1.8115 4.7670 5.7878
85 1.8124 4.7691 5.7904
85 1.8120 4.7697 5.7923
85 1.8117 4.7705 5.7933
85 1.8113 4.7727 5.7959
85 1.8109 4.7719 5.7944
85 1.8106 4.7704 5.7923
85 1.8105 4.7712 5.7932
85 1.8104 4.7734 5.7958
85 1.8103 4.7744 5.7966
85 1.8103 4.7763 5.8004
85 1.8112 4.7778 5.8025
85 1.8108 4.7769 5.8016
85 1.8104 4.7754 5.7995
85 1.8104 4.7759 5.8002
85 1.8103 4.7762 5.8005
86 1.8099 4.7761 5.8013
86 1.8096 4.7767 5.8025
86 1.8092 4.7759 5.8010
86 1.8088 4.7744 5.7989
86 1.8094 4.7750 5.8006
86 1.8099 4.7761 5.8022
86 1.8105 4.7752 5.8016
86 1.8101 4.7738 5.7996
86 1.8106 4.7751 5.8009
86 1.8103 4.7742 5.7994
86 1.8099 4.7728 5.7974
86 1.8108 4.7731 5.7992
86 1.8117 4.7738 5.8018
86 1.8125 4.7743 5.8034
86 1.8134 4.7741 5.8039
86 1.8133 4.7752 5.8052
86 1.8130 4.7743 5.8043
86 1.8126 4.7729 5.8023
86 1.8123 4.7734 5.8037
87 1.8119 4.7725 5.8023
87 1.8115 4.7711 5.8002
87 1.8124 4.7724 5.8024
87 1.8133 4.7767 5.8061
87 1.8141 4.7758 5.8063
87 1.8138 4.7744 5.8043
87 1.8146 4.7747 5.8059
87 1.8154 4.7754 5.8080
87 1.8163 4.7758 5.8095
87 1.8171 4.7757 5.8100
87 1.8170 4.7762 5.8104
87 1.8170 4.7772 5.8116
87 1.8166 4.7763 5.8101
87 1.8163 4.7749 5.8081
87 1.8159 4.7748 5.8088
87 1.8155 4.7749 5.8097
87 1.8152 4.7762 5.8134
87 1.8148 4.7754 5.8125
87 1.8145 4.7739 5.8105
88 1.8150 4.7760 5.8142
88 1.8146 4.7751 5.8128
88 1.8143 4.7737 5.8108
88 1.8148 4.7752 5.8126
88 1.8153 4.7744 5.8120
88 1.8150 4.7729 5.8100
88 1.8155 4.7748 5.8114
88 1.8160 4.7764 5.8130
88 1.8157 4.7763 5.8137
88 1.8153 4.7764 5.8145
88 1.8150 4.7756 5.8131
88 1.8146 4.7741 5.8111
88 1.8145 4.7756 5.8124
88 1.8154 4.7768 5.8149
88 1.8153 4.7783 5.8167
88 1.8158 4.7802 5.8192
88 1.8155 4.7793 5.8183
88 1.8151 4.7779 5.8163
88 1.8151 4.7778 5.8161
89 1.8147 4.7769 5.8147
89 1.8144 4.7755 5.8127
89 1.8152 4.7761 5.8137
89 1.8160 4.7771 5.8152
89 1.8165 4.7789 5.8164
89 1.8170 4.7780 5.8159
89 1.8167 4.7766 5.8139
89 1.8166 4.7765 5.8136
89 1.8166 4.7782 5.8154
89 1.8165 4.7796 5.8166
89 1.8164 4.7802 5.8174
89 1.8161 4.7793 5.8160
89 1.8157 4.7779 5.8140
89 1.8157 4.7803 5.8161
89 1.8165 4.7817 5.8181
89 1.8161 4.7809 5.8173
89 1.8158 4.7795 5.8153
89 1.8154 4.7799 5.8159
89 1.8151 4.7800 5.8166
89 1.8147 4.7806 5.8178
89 1.8144 4.7798 5.8163
89 1.8140 4.7784 5.8144
90 1.8145 4.7791 5.8157
90 1.8150 4.7783 5.8151
90 1.8147 4.7769 5.8131
90 1.8152 4.7784 5.8149
90 1.8149 4.7789 5.8160
90 1.8145 4.7790 5.8166
90 1.8141 4.7782 5.8152
90 1.8138 4.7768 5.8133
90 1.8137 4.7776 5.8139
90 1.8146 4.7779 5.8152
90 1.8151 4.7794 5.8166
90 1.8150 4.7808 5.8182
90 1.8147 4.7800 5.8173
90 1.8143 4.7786 5.8153
90 1.8143 4.7790 5.8160
90 1.8142 4.7795 5.8164
90 1.8139 4.7787 5.8150
90 1.8135 4.7773 5.8130
91 1.8143 4.7779 5.8140
91 1.8151 4.7792 5.8158
91 1.8156 4.7806 5.8170
91 1.8161 4.7813 5.8182
91 1.8166 4.7805 5.8176
91 1.8163 4.7791 5.8157
91 1.8162 4.7796 5.8160
91 1.8162 4.7799 5.8166
91 1.8161 4.7805 5.8174
91 1.8158 4.7831 5.8194
91 1.8154 4.7823 5.8180
91 1.8151 4.7809 5.8161
91 1.8150 4.7819 5.8170
91 1.8150 4.7819 5.8167
91 1.8149 4.7826 5.8173
91 1.8149 4.7839 5.8187
91 1.8148 4.7844 5.8191
91 1.8148 4.7845 5.8190
91 1.8144 4.7848 5.8195
91 1.8141 4.7840 5.8187
91 1.8137 4.7826 5.8167
91 1.8134 4.7818 5.8153
91 1.8130 4.7804 5.8134
92 1.8130 4.7811 5.8142
92 1.8138 4.7827 5.8167
92 1.8146 4.7819 5.8169
92 1.8142 4.7806 5.8150
92 1.8142 4.7817 5.8156
92 1.8141 4.7820 5.8159
92 1.8146 4.7840 5.8183
92 1.8151 4.7845 5.8197
92 1.8148 4.7848 5.8202
92 1.8144 4.7840 5.8188
92 1.8141 4.7826 5.8169
92 1.8140 4.7842 5.8187
92 1.8137 4.7848 5.8195
92 1.8134 4.7840 5.8187
92 1.8130 4.7826 5.8168
92 1.8130 4.7837 5.8174
92 1.8129 4.7840 5.8176
92 1.8126 4.7843 5.8180
92 1.8122 4.7835 5.8171
92 1.8119 4.7827 5.8158
92 1.8115 4.7814 5.8139
93 1.8115 4.7820 5.8146
93 1.8123 4.7838 5.8170
93 1.8131 4.7843 5.8183
93 1.8138 4.7856 5.8208
93 1.8135 4.7842 5.8189
93 1.8135 4.7846 5.8192
93 1.8134 4.7849 5.8194
93 1.8133 4.7867 5.8211
93 1.8130 4.7869 5.8215
93 1.8127 4.7880 5.8250
93 1.8123 4.7872 5.8237
93 1.8120 4.7858 5.8218
93 1.8119 4.7864 5.8225
93 1.8127 4.7879 5.8245
93 1.8124 4.7871 5.8236
93 1.8120 4.7857 5.8217
93 1.8117 4.7859 5.8230
93 1.8114 4.7858 5.8236
93 1.8110 4.7861 5.8244
93 1.8107 4.7866 5.8254
93 1.8103 4.7858 5.8241
93 1.8100 4.7845 5.8222
94 1.8099 4.7857 5.8229
94 1.8105 4.7862 5.8238
94 1.8110 4.7854 5.8233
94 1.8106 4.7841 5.8214
94 1.8106 4.7843 5.8214
94 1.8105 4.7844 5.8213
94 1.8110 4.7848 5.8219
94 1.8115 4.7855 5.8228
94 1.8115 4.7854 5.8225
94 1.8111 4.7846 5.8212
94 1.8108 4.7833 5.8193
94 1.8107 4.7840 5.8200
94 1.8107 4.7846 5.8208
94 1.8104 4.7847 5.8214
94 1.8100 4.7839 5.8206
94 1.8097 4.7826 5.8187
94 1.8105 4.7827 5.8199
94 1.8112 4.7826 5.8204
94 1.8109 4.7818 5.8191
94 1.8106 4.7805 5.8172
94 1.8105 4.7816 5.8179
94 1.8105 4.7818 5.8179
95 1.8110 4.7827 5.8193
95 1.8115 4.7819 5.8188
95 1.8111 4.7806 5.8169
95 1.8111 4.7808 5.8169
95 1.8110 4.7806 5.8167
95 1.8115 4.7818 5.8178
95 1.8112 4.7821 5.8185
95 1.8109 4.7813 5.8172
95 1.8105 4.7800 5.8153
95 1.8105 4.7806 5.8160
95 1.8104 4.7815 5.8170
95 1.8101 4.7808 5.8162
95 1.8098 4.7795 5.8144
95 1.8097 4.7801 5.8149
95 1.8097 4.7804 5.8150
95 1.8093 4.7804 5.8159
95 1.8090 4.7796 5.8146
95 1.8087 4.7783 5.8127
95 1.8086 4.7789 5.8132
95 1.8086 4.7789 5.8130
95 1.8085 4.7800 5.8136
95 1.8093 4.7798 5.8141
96 1.8098 4.7804 5.8148
96 1.8103 4.7810 5.8154
96 1.8108 4.7802 5.8148
96 1.8104 4.7789 5.8130
96 1.8104 4.7795 5.8134
96 1.8103 4.7794 5.8132
96 1.8103 4.7794 5.8130
96 1.8102 4.7795 5.8128
96 1.8099 4.7787 5.8115
96 1.8096 4.7774 5.8097
96 1.8095 4.7780 5.8105
96 1.8092 4.7781 5.8111
96 1.8089 4.7781 5.8119
96 1.8085 4.7773 5.8111
96 1.8082 4.7760 5.8093
96 1.8090 4.7759 5.8097
96 1.8097 4.7765 5.8108
96 1.8094 4.7757 5.8095
96 1.8091 4.7744 5.8077
96 1.8090 4.7754 5.8083
96 1.8095 4.7760 5.8088
97 1.8103 4.7765 5.8106
97 1.8110 4.7758 5.8108
97 1.8107 4.7745 5.8090
97 1.8107 4.7745 5.8088
97 1.8106 4.7743 5.8086
97 1.8105 4.7746 5.8087
97 1.8105 4.7751 5.8091
97 1.8102 4.7744 5.8078
97 1.8098 4.7731 5.8060
97 1.8098 4.7736 5.8068
97 1.8105 4.7742 5.8085
97 1.8102 4.7734 5.8077
97 1.8099 4.7721 5.8059
97 1.8098 4.7727 5.8066
97 1.8095 4.7719 5.8053
97 1.8092 4.7707 5.8035
97 1.8099 4.7711 5.8046
98 1.8104 4.7722 5.8057
98 1.8109 4.7714 5.8051
98 1.8106 4.7701 5.8033
98 1.8105 4.7700 5.8031
98 1.8105 4.7709 5.8041
98 1.8102 4.7710 5.8052
98 1.8099 4.7715 5.8062
98 1.8095 4.7708 5.8049
98 1.8092 4.7695 5.8031
98 1.8092 4.7699 5.8035
98 1.8091 4.7710 5.8048
98 1.8088 4.7702 5.8040
98 1.8085 4.7690 5.8023
98 1.8081 4.7702 5.8046
98 1.8078 4.7695 5.8033
98 1.8075 4.7682 5.8015
98 1.8075 4.7687 5.8019
99 1.8079 4.7712 5.8053
99 1.8084 4.7705 5.8047
99 1.8081 4.7692 5.8030
99 1.8081 4.7704 5.8040
99 1.8088 4.7713 5.8060
99 1.8093 4.7736 5.8083
99 1.8090 4.7728 5.8070
99 1.8086 4.7716 5.8052
99 1.8086 4.7738 5.8076
99 1.8083 4.7730 5.8068
99 1.8079 4.7718 5.8050
99 1.8087 4.7724 5.8065
99 1.8084 4.7717 5.8052
99 1.8080 4.7704 5.8035
99 1.8077 4.7714 5.8050
99 1.8085 4.7726 5.8083
99 1.8092 4.7719 5.8086
99 1.8089 4.7706 5.8068
100 1.8088 4.7713 5.8073
100 1.8096 4.7713 5.8081
100 1.8100 4.7725 5.8096
100 1.8097 4.7717 5.8083
100 1.8094 4.7705 5.8066
100 1.8094 4.7717 5.8078
100 1.8093 4.7728 5.8092
100 1.8090 4.7721 5.8084
100 1.8087 4.7709 5.8066
100 1.8086 4.7718 5.8074
100 1.8086 4.7723 5.8078
100 1.8085 4.7745 5.8095
100 1.8082 4.7764 5.8128
100 1.8079 4.7773 5.8147
100 1.8076 4.7777 5.8170
100 1.8073 4.7769 5.8157
100 1.8069 4.7757 5.8140
100 1.8074 4.7749 5.8135
100 1.8071 4.7737 5.8117
101 1.8071 4.7746 5.8125
101 1.8070 4.7755 5.8132
101 1.8070 4.7760 5.8135
101 1.8069 4.7764 5.8140
101 1.8069 4.7781 5.8155
101 1.8074 4.7799 5.8171
101 1.8073 4.7821 5.8188
101 1.8070 4.7813 5.8175
101 1.8067 4.7801 5.8158
101 1.8064 4.7793 5.8150
101 1.8061 4.7781 5.8133
101 1.8060 4.7787 5.8138
101 1.8060 4.7806 5.8151
101 1.8057 4.7798 5.8139
101 1.8053 4.7786 5.8121
101 1.8053 4.7785 5.8119
101 1.8060 4.7789 5.8129
101 1.8057 4.7791 5.8140
101 1.8064 4.7794 5.8153
101 1.8071 4.7801 5.8170
101 1.8079 4.7793 5.8172
101 1.8075 4.7781 5.8155
102 1.8075 4.7783 5.8155
102 1.8074 4.7782 5.8153
102 1.8079 4.7787 5.8161
102 1.8076 4.7791 5.8173
102 1.8073 4.7783 5.8161
102 1.8070 4.7771 5.8143
102 1.8069 4.7777 5.8149
102 1.8069 4.7781 5.8153
102 1.8076 4.7781 5.8160
102 1.8076 4.7786 5.8167
102 1.8073 4.7779 5.8159
102 1.8069 4.7767 5.8142
102 1.8069 4.7768 5.8142
102 1.8066 4.7767 5.8148
102 1.8063 4.7760 5.8136
102 1.8060 4.7748 5.8118
102 1.8059 4.7756 5.8125
102 1.8066 4.7760 5.8135
102 1.8073 4.7765 5.8144
102 1.8078 4.7781 5.8160
102 1.8083 4.7801 5.8183
102 1.8088 4.7814 5.8198
102 1.8092 4.7807 5.8193
102 1.8089 4.7795 5.8176
103 1.8089 4.7798 5.8179
103 1.8088 4.7800 5.8179
103 1.8085 4.7800 5.8187
103 1.8082 4.7792 5.8174
103 1.8079 4.7780 5.8157
103 1.8079 4.7796 5.8174
103 1.8078 4.7814 5.8190
103 1.8078 4.7827 5.8205
103 1.8075 4.7819 5.8197
103 1.8072 4.7807 5.8180
103 1.8068 4.7800 5.8168
103 1.8065 4.7788 5.8151
103 1.8065 4.7787 5.8149
103 1.8070 4.7790 5.8161
103 1.8074 4.7792 5.8170
103 1.8074 4.7792 5.8169
103 1.8079 4.7784 5.8164
103 1.8075 4.7772 5.8147
104 1.8075 4.7771 5.8144
104 1.8075 4.7774 5.8147
104 1.8079 4.7780 5.8155
104 1.8084 4.7784 5.8161
104 1.8083 4.7785 5.8161
104 1.8088 4.7790 5.8168
104 1.8085 4.7790 5.8175
104 1.8082 4.7783 5.8163
104 1.8079 4.7771 5.8146
104 1.8078 4.7774 5.8150
104 1.8078 4.7779 5.8156
104 1.8075 4.7780 5.8165
104 1.8072 4.7773 5.8158
104 1.8069 4.7761 5.8141
104 1.8076 4.7764 5.8150
104 1.8083 4.7763 5.8154
104 1.8090 4.7768 5.8162
104 1.8087 4.7761 5.8149
104 1.8084 4.7749 5.8133
104 1.8083 4.7757 5.8139
104 1.8090 4.7772 5.8162
104 1.8097 4.7784 5.8178
104 1.8104 4.7776 5.8180
104 1.8101 4.7765 5.8163
104 1.8100 4.7763 5.8161
104 1.8100 4.7766 5.8164
104 1.8099 4.7767 5.8163
105 1.8096 4.7772 5.8182
105 1.8093 4.7765 5.8170
105 1.8090 4.7753 5.8153
105 1.8090 4.7767 5.8168
105 1.8097 4.7767 5.8174
105 1.8094 4.7760 5.8167
105 1.8091 4.7748 5.8150
105 1.8088 4.7749 5.8159
105 1.8085 4.7742 5.8147
105 1.8082 4.7730 5.8130
105 1.8081 4.7736 5.8134
105 1.8086 4.7747 5.8146
105 1.8091 4.7740 5.8141
105 1.8088 4.7729 5.8125
105 1.8092 4.7742 5.8143
106 1.8089 4.7748 5.8153
106 1.8086 4.7749 5.8161
106 1.8083 4.7741 5.8149
106 1.8080 4.7730 5.8132
106 1.8080 4.7741 5.8144
106 1.8086 4.7741 5.8150
106 1.8086 4.7754 5.8165
106 1.8083 4.7747 5.8157
106 1.8080 4.7735 5.8141
106 1.8077 4.7728 5.8129
106 1.8074 4.7717 5.8112
106 1.8074 4.7725 5.8118
106 1.8080 4.7729 5.8126
106 1.8085 4.7745 5.8140
106 1.8090 4.7738 5.8135
106 1.8087 4.7727 5.8119
106 1.8086 4.7728 5.8119
106 1.8091 4.7744 5.8141
106 1.8090 4.7756 5.8154
107 1.8087 4.7756 5.8161
107 1.8084 4.7749 5.8149
107 1.8081 4.7737 5.8132
107 1.8081 4.7743 5.8138
107 1.8080 4.7758 5.8156
107 1.8078 4.7751 5.8149
107 1.8075 4.7740 5.8132
107 1.8079 4.7745 5.8146
107 1.8076 4.7738 5.8134
107 1.8073 4.7726 5.8117
107 1.8073 4.7731 5.8121
107 1.8077 4.7745 5.8137
107 1.8082 4.7738 5.8132
107 1.8079 4.7727 5.8116
107 1.8078 4.7732 5.8119
107 1.8078 4.7731 5.8118
107 1.8077 4.7736 5.8121
107 1.8077 4.7740 5.8124
107 1.8082 4.7749 5.8140
108 1.8079 4.7742 5.8128
108 1.8076 4.7731 5.8112
108 1.8075 4.7744 5.8127
108 1.8075 4.7754 5.8140
108 1.8072 4.7758 5.8148
108 1.8069 4.7751 5.8141
108 1.8066 4.7740 5.8125
108 1.8073 4.7745 5.8135
108 1.8077 4.7748 5.8140
108 1.8074 4.7741 5.8128
108 1.8071 4.7730 5.8112
108 1.8071 4.7737 5.8118
108 1.8075 4.7742 5.8134
108 1.8080 4.7753 5.8145
108 1.8084 4.7764 5.8161
108 1.8089 4.7758 5.8156
108 1.8086 4.7746 5.8140
108 1.8085 4.7751 5.8143
108 1.8085 4.7755 5.8145
108 1.8084 4.7758 5.8149
108 1.8084 4.7758 5.8147
109 1.8081 4.7751 5.8136
109 1.8078 4.7740 5.8119
109 1.8078 4.7750 5.8130
109 1.8084 4.7759 5.8140
109 1.8081 4.7752 5.8133
109 1.8079 4.7741 5.8117
109 1.8078 4.7740 5.8115
109 1.8078 4.7748 5.8122
109 1.8077 4.7748 5.8120
109 1.8074 4.7741 5.8109
109 1.8071 4.7730 5.8093
109 1.8069 4.7731 5.8098
109 1.8075 4.7737 5.8113
109 1.8082 4.7730 5.8115
109 1.8079 4.7718 5.8098
109 1.8079 4.7718 5.8097
109 1.8078 4.7717 5.8095
109 1.8078 4.7720 5.8096
109 1.8082 4.7725 5.8102
109 1.8079 4.7718 5.8090
109 1.8076 4.7707 5.8074
110 1.8076 4.7712 5.8081
110 1.8075 4.7717 5.8088
110 1.8073 4.7711 5.8080
110 1.8070 4.7699 5.8064
110 1.8069 4.7699 5.8063
110 1.8066 4.7700 5.8068
110 1.8064 4.7699 5.8074
110 1.8061 4.7703 5.8078
110 1.8058 4.7696 5.8066
110 1.8055 4.7685 5.8050
110 1.8055 4.7686 5.8050
110 1.8054 4.7696 5.8056
110 1.8058 4.7689 5.8051
110 1.8056 4.7678 5.8035
110 1.8055 4.7678 5.8033
110 1.8060 4.7683 5.8041
110 1.8059 4.7682 5.8039
110 1.8059 4.7685 5.8040
110 1.8063 4.7690 5.8047
110 1.8060 4.7683 5.8036
110 1.8057 4.7672 5.8020
111 1.8057 4.7677 5.8025
111 1.8056 4.7686 5.8032
111 1.8056 4.7690 5.8038
111 1.8053 4.7683 5.8031
111 1.8050 4.7672 5.8015
111 1.8047 4.7666 5.8003
111 1.8045 4.7654 5.7988
111 1.8044 4.7656 5.7987
111 1.8049 4.7655 5.8003
111 1.8053 4.7660 5.8010
111 1.8057 4.7654 5.8005
111 1.8054 4.7643 5.7989
111 1.8059 4.7648 5.7994
111 1.8056 4.7650 5.8001
111 1.8053 4.7644 5.7990
111 1.8050 4.7633 5.7974
112 1.8050 4.7638 5.7980
112 1.8049 4.7642 5.7987
112 1.8047 4.7642 5.7993
112 1.8044 4.7641 5.7998
112 1.8041 4.7634 5.7991
112 1.8038 4.7623 5.7975
112 1.8045 4.7624 5.7991
112 1.8042 4.7630 5.8022
112 1.8048 4.7633 5.8033
112 1.8046 4.7627 5.8021
112 1.8043 4.7616 5.8006
112 1.8042 4.7617 5.8005
112 1.8042 4.7622 5.8011
112 1.8042 4.7631 5.8017
112 1.8048 4.7635 5.8027
112 1.8052 4.7629 5.8023
112 1.8050 4.7618 5.8007
112 1.8049 4.7617 5.8005
112 1.8049 4.7623 5.8010
112 1.8046 4.7625 5.8017
112 1.8043 4.7634 5.8035
112 1.8040 4.7628 5.8023
112 1.8038 4.7617 5.8008
113 1.8037 4.7629 5.8021
113 1.8034 4.7623 5.8014
113 1.8032 4.7612 5.7998
113 1.8029 4.7620 5.8012
113 1.8026 4.7613 5.8001
113 1.8023 4.7602 5.7986
113 1.8023 4.7603 5.7985
113 1.8027 4.7616 5.7996
113 1.8031 4.7609 5.7991
113 1.8028 4.7598 5.7976
113 1.8028 4.7599 5.7975
113 1.8032 4.7611 5.7991
113 1.8030 4.7619 5.8003
113 1.8027 4.7613 5.7992
113 1.8024 4.7602 5.7977
114 1.8024 4.7613 5.7993
114 1.8030 4.7616 5.8005
114 1.8030 4.7628 5.8019
114 1.8027 4.7621 5.8013
114 1.8024 4.7610 5.7997
114 1.8024 4.7611 5.7996
114 1.8021 4.7615 5.8000
114 1.8018 4.7608 5.7989
114 1.8015 4.7597 5.7974
114 1.8015 4.7606 5.7979
114 1.8022 4.7614 5.7997
114 1.8028 4.7618 5.8009
114 1.8034 4.7612 5.8011
114 1.8032 4.7601 5.7996
114 1.8031 4.7608 5.8002
114 1.8031 4.7609 5.8001
114 1.8035 4.7614 5.8006
114 1.8032 4.7616 5.8012
114 1.8030 4.7610 5.8001
114 1.8027 4.7599 5.7985
114 1.8026 4.7603 5.7991
114 1.8026 4.7608 5.7997
115 1.8023 4.7602 5.7990
115 1.8021 4.7591 5.7975
115 1.8018 4.7584 5.7964
115 1.8015 4.7574 5.7948
115 1.8019 4.7580 5.7964
115 1.8024 4.7574 5.7960
115 1.8021 4.7563 5.7944
115 1.8020 4.7566 5.7946
115 1.8027 4.7567 5.7960
115 1.8024 4.7560 5.7949
115 1.8021 4.7550 5.7934
115 1.8021 4.7554 5.7939
115 1.8025 4.7568 5.7957
115 1.8029 4.7583 5.7971
116 1.8027 4.7577 5.7964
116 1.8024 4.7566 5.7949
116 1.8028 4.7569 5.7963
116 1.8032 4.7574 5.7967
116 1.8029 4.7567 5.7956
116 1.8027 4.7557 5.7941
116 1.8026 4.7565 5.7946
116 1.8033 4.7576 5.7976
116 1.8037 4.7577 5.7993
116 1.8041 4.7584 5.8007
116 1.8041 4.7595 5.8020
116 1.8038 4.7599 5.8034
116 1.8035 4.7614 5.8063
116 1.8039 4.7607 5.8059
116 1.8037 4.7597 5.8044
116 1.8036 4.7610 5.8055
116 1.8033 4.7611 5.8060
116 1.8031 4.7613 5.8066
116 1.8028 4.7619 5.8077
116 1.8025 4.7613 5.8066
116 1.8022 4.7602 5.8051
116 1.8022 4.7607 5.8054
116 1.8022 4.7611 5.8059
116 1.8021 4.7625 5.8080
116 1.8028 4.7635 5.8095
117 1.8025 4.7629 5.8089
117 1.8022 4.7618 5.8074
117 1.8020 4.7612 5.8063
117 1.8017 4.7601 5.8048
117 1.8021 4.7610 5.8059
117 1.8025 4.7603 5.8055
117 1.8022 4.7593 5.8040
117 1.8026 4.7596 5.8050
117 1.8031 4.7605 5.8059
117 1.8028 4.7605 5.8064
117 1.8025 4.7598 5.8054
117 1.8022 4.7588 5.8039
117 1.8022 4.7591 5.8042
117 1.8022 4.7599 5.8050
118 1.8026 4.7601 5.8068
118 1.8030 4.7604 5.8081
118 1.8034 4.7609 5.8094
118 1.8031 4.7603 5.8088
118 1.8028 4.7592 5.8073
118 1.8026 4.7586 5.8066
118 1.8023 4.7580 5.8055
118 1.8020 4.7569 5.8040
118 1.8020 4.7572 5.8043
118 1.8024 4.7578 5.8057
118 1.8028 4.7577 5.8074
118 1.8032 4.7581 5.8084
118 1.8036 4.7606 5.8114
118 1.8033 4.7595 5.8099
118 1.8033 4.7605 5.8110
118 1.8030 4.7613 5.8125
118 1.8027 4.7607 5.8115
118 1.8025 4.7596 5.8100
119 1.8022 4.7590 5.8093
119 1.8019 4.7579 5.8078
119 1.8026 4.7578 5.8082
119 1.8030 4.7586 5.8097
119 1.8027 4.7580 5.8086
119 1.8024 4.7569 5.8072
119 1.8022 4.7568 5.8076
119 1.8028 4.7582 5.8105
119 1.8034 4.7594 5.8119
119 1.8040 4.7588 5.8121
119 1.8038 4.7577 5.8106
119 1.8037 4.7577 5.8105
119 1.8041 4.7588 5.8118
119 1.8039 4.7581 5.8108
119 1.8036 4.7571 5.8093
119 1.8036 4.7585 5.8113
119 1.8035 4.7584 5.8111
119 1.8035 4.7594 5.8121
119 1.8035 4.7605 5.8134
119 1.8032 4.7598 5.8128
119 1.8029 4.7588 5.8113
120 1.8027 4.7601 5.8126
120 1.8024 4.7594 5.8116
120 1.8021 4.7584 5.8101
120 1.8021 4.7604 5.8116
120 1.8027 4.7612 5.8131
120 1.8034 4.7620 5.8143
120 1.8038 4.7614 5.8138
120 1.8035 4.7603 5.8124
120 1.8035 4.7609 5.8130
120 1.8032 4.7627 5.8159
120 1.8029 4.7637 5.8176
120 1.8027 4.7655 5.8197
120 1.8024 4.7649 5.8186
120 1.8021 4.7639 5.8171
120 1.8018 4.7632 5.8165
120 1.8016 4.7622 5.8150
121 1.8016 4.7627 5.8153
121 1.8013 4.7631 5.8161
121 1.8010 4.7634 5.8165
121 1.8007 4.7628 5.8155
121 1.8005 4.7618 5.8140
121 1.8009 4.7624 5.8150
121 1.8013 4.7618 5.8145
121 1.8010 4.7607 5.8131
121 1.8014 4.7618 5.8141
121 1.8018 4.7628 5.8153
121 1.8015 4.7633 5.8161
121 1.8012 4.7627 5.8151
121 1.8010 4.7616 5.8136
121 1.8010 4.7622 5.8141
121 1.8016 4.7625 5.8151
121 1.8022 4.7630 5.8158
121 1.8022 4.7640 5.8169
121 1.8019 4.7633 5.8162
121 1.8016 4.7623 5.8148
122 1.8016 4.7628 5.8151
122 1.8013 4.7635 5.8166
122 1.8011 4.7637 5.8169
122 1.8008 4.7648 5.8198
122 1.8005 4.7642 5.8187
122 1.8003 4.7632 5.8173
122 1.8007 4.7637 5.8182
122 1.8010 4.7631 5.8177
122 1.8008 4.7621 5.8163
122 1.8008 4.7625 5.8166
122 1.8011 4.7635 5.8175
122 1.8011 4.7642 5.8181
122 1.8011 4.7645 5.8186
122 1.8008 4.7664 5.8201
122 1.8006 4.7658 5.8191
122 1.8003 4.7648 5.8176
122 1.8003 4.7656 5.8183
122 1.8003 4.7656 5.8182
122 1.8000 4.7659 5.8185
122 1.7997 4.7652 5.8178
122 1.7995 4.7642 5.8164
123 1.7992 4.7636 5.8154
123 1.7989 4.7626 5.8139
123 1.7989 4.7632 5.8145
123 1.7993 4.7626 5.8141
123 1.7990 4.7615 5.8126
123 1.7990 4.7624 5.8131
123 1.7990 4.7626 5.8132
123 1.7994 4.7640 5.8149
123 1.7998 4.7643 5.8158
123 1.8001 4.7654 5.8171
123 1.7999 4.7657 5.8174
123 1.7996 4.7651 5.8163
123 1.7993 4.7641 5.8149
123 1.7993 4.7646 5.8155
123 1.7993 4.7656 5.8167
123 1.7990 4.7650 5.8160
123 1.7988 4.7640 5.8146
124 1.7988 4.7648 5.8150
124 1.7987 4.7651 5.8152
124 1.7985 4.7653 5.8155
124 1.7982 4.7647 5.8144
124 1.7979 4.7637 5.8130
124 1.7979 4.7642 5.8135
124 1.7985 4.7645 5.8143
124 1.7991 4.7659 5.8160
124 1.7998 4.7666 5.8169
124 1.8004 4.7660 5.8171
124 1.8001 4.7650 5.8157
124 1.8001 4.7663 5.8170
124 1.8001 4.7665 5.8171
124 1.8000 4.7668 5.8174
124 1.8000 4.7676 5.8178
124 1.7998 4.7678 5.8181
124 1.8004 4.7688 5.8194
124 1.8001 4.7682 5.8184
124 1.7998 4.7672 5.8170
124 1.7998 4.7677 5.8175
124 1.7995 4.7671 5.8168
124 1.7993 4.7661 5.8154
124 1.7993 4.7664 5.8157
124 1.7992 4.7668 5.8160
124 1.7992 4.7675 5.8165
125 1.7990 4.7679 5.8172
125 1.7987 4.7678 5.8177
125 1.7984 4.7681 5.8182
125 1.7982 4.7675 5.8172
125 1.7979 4.7665 5.8157
125 1.7979 4.7674 5.8163
125 1.7985 4.7675 5.8173
125 1.7989 4.7678 5.8178
125 1.7993 4.7684 5.8185
125 1.7996 4.7678 5.8181
125 1.7994 4.7668 5.8167
125 1.7994 4.7669 5.8168
125 1.7993 4.7668 5.8166
125 1.7993 4.7669 5.8165
125 1.7997 4.7674 5.8172
125 1.7994 4.7668 5.8162
125 1.7992 4.7658 5.8148
125 1.7992 4.7661 5.8151
125 1.7991 4.7666 5.8155
125 1.7991 4.7670 5.8161
125 1.7989 4.7671 5.8165
125 1.7986 4.7666 5.8159
125 1.7983 4.7656 5.8145
125 1.7989 4.7655 5.8149
126 1.7993 4.7656 5.8157
126 1.7991 4.7650 5.8147
126 1.7988 4.7641 5.8133
126 1.7988 4.7649 5.8138
126 1.7992 4.7658 5.8146
126 1.7995 4.7652 5.8142
126 1.7993 4.7642 5.8128
126 1.7993 4.7643 5.8129
126 1.7992 4.7642 5.8127
126 1.7992 4.7645 5.8128
126 1.7996 4.7652 5.8139
126 1.7993 4.7646 5.8129
126 1.7991 4.7636 5.8115
126 1.7990 4.7644 5.8125
126 1.7990 4.7651 5.8133
126 1.7988 4.7645 5.8127
126 1.7985 4.7635 5.8113
127 1.7983 4.7638 5.8117
127 1.7980 4.7632 5.8107
127 1.7977 4.7622 5.8093
127 1.7977 4.7630 5.8098
127 1.7983 4.7629 5.8102
127 1.7989 4.7634 5.8111
127 1.7995 4.7634 5.8116
127 1.8001 4.7638 5.8128
127 1.8007 4.7632 5.8129
127 1.8004 4.7622 5.8115
127 1.8004 4.7627 5.8118
127 1.8004 4.7627 5.8117
127 1.8004 4.7628 5.8116
127 1.8003 4.7627 5.8115
127 1.8007 4.7631 5.8119
127 1.8005 4.7625 5.8109
127 1.8002 4.7616 5.8095
127 1.8000 4.7617 5.8100
127 1.7997 4.7616 5.8105
127 1.7994 4.7611 5.8099
127 1.7992 4.7601 5.8085
127 1.7998 4.7605 5.8094
128 1.8002 4.7604 5.8108
128 1.7999 4.7598 5.8098
128 1.7996 4.7589 5.8084
128 1.7996 4.7597 5.8089
128 1.8000 4.7601 5.8095
128 1.8004 4.7595 5.8091
128 1.8001 4.7585 5.8077
128 1.8001 4.7589 5.8080
128 1.8001 4.7589 5.8078
128 1.8004 4.7593 5.8082
128 1.8002 4.7595 5.8087
128 1.7999 4.7589 5.8077
128 1.7997 4.7579 5.8063
128 1.7997 4.7583 5.8068
128 1.7996 4.7587 5.8073
128 1.7994 4.7582 5.8067
128 1.7991 4.7572 5.8053
129 1.7989 4.7566 5.8044
129 1.7986 4.7557 5.8030
129 1.7986 4.7564 5.8034
129 1.7992 4.7566 5.8045
129 1.7998 4.7565 5.8049
129 1.8004 4.7570 5.8055
129 1.8009 4.7571 5.8065
129 1.8015 4.7576 5.8078
129 1.8021 4.7579 5.8089
129 1.8027 4.7583 5.8098
129 1.8032 4.7578 5.8100
129 1.8030 4.7568 5.8086
129 1.8029 4.7570 5.8087
129 1.8029 4.7569 5.8085
129 1.8029 4.7570 5.8085
129 1.8027 4.7564 5.8075
129 1.8024 4.7554 5.8061
129 1.8024 4.7557 5.8064
129 1.8024 4.7562 5.8069
129 1.8023 4.7566 5.8074
129 1.8021 4.7567 5.8078
129 1.8018 4.7561 5.8072
129 1.8016 4.7552 5.8058
129 1.8021 4.7551 5.8061
129 1.8025 4.7552 5.8069
129 1.8023 4.7547 5.8059
129 1.8020 4.7537 5.8046
130 1.8020 4.7545 5.8050
130 1.8024 4.7551 5.8059
130 1.8027 4.7546 5.8055
130 1.8025 4.7536 5.8042
130 1.8025 4.7535 5.8040
130 1.8024 4.7537 5.8041
130 1.8028 4.7544 5.8048
130 1.8026 4.7546 5.8053
130 1.8023 4.7541 5.8043
130 1.8021 4.7531 5.8029
130 1.8020 4.7539 5.8039
130 1.8020 4.7545 5.8046
130 1.8018 4.7540 5.8040
130 1.8015 4.7530 5.8027
130 1.8015 4.7529 5.8025
130 1.8012 4.7531 5.8029
130 1.8010 4.7525 5.8019
130 1.8008 4.7516 5.8006
131 1.8007 4.7523 5.8010
131 1.8013 4.7523 5.8015
131 1.8019 4.7528 5.8023
131 1.8022 4.7531 5.8029
131 1.8026 4.7526 5.8025
131 1.8023 4.7516 5.8011
131 1.8023 4.7520 5.8014
131 1.8023 4.7521 5.8013
131 1.8023 4.7520 5.8011
131 1.8022 4.7520 5.8010
131 1.8026 4.7524 5.8014
131 1.8024 4.7519 5.8005
131 1.8021 4.7509 5.7991
131 1.8021 4.7513 5.7996
131 1.8021 4.7513 5.7995
131 1.8018 4.7507 5.7989
131 1.8016 4.7498 5.7975
131 1.8021 4.7497 5.7978
131 1.8027 4.7501 5.7985
131 1.8033 4.7502 5.7997
131 1.8030 4.7496 5.7988
131 1.8028 4.7487 5.7974
132 1.8027 4.7490 5.7977
132 1.8027 4.7498 5.7981
132 1.8031 4.7501 5.7984
132 1.8036 4.7505 5.7994
132 1.8042 4.7500 5.7996
132 1.8039 4.7490 5.7983
132 1.8039 4.7494 5.7985
132 1.8039 4.7496 5.7986
132 1.8039 4.7495 5.7984
132 1.8036 4.7489 5.7975
132 1.8034 4.7480 5.7962
132 1.8034 4.7483 5.7966
132 1.8039 4.7487 5.7979
132 1.8037 4.7482 5.7973
132 1.8034 4.7472 5.7960
132 1.8032 4.7467 5.7950
132 1.8029 4.7457 5.7937
133 1.8035 4.7460 5.7944
133 1.8038 4.7468 5.7951
133 1.8042 4.7462 5.7948
133 1.8040 4.7453 5.7934
133 1.8039 4.7456 5.7937
133 1.8039 4.7455 5.7936
133 1.8043 4.7461 5.7944
133 1.8040 4.7465 5.7952
133 1.8038 4.7467 5.7959
133 1.8036 4.7461 5.7949
133 1.8033 4.7452 5.7936
133 1.8033 4.7451 5.7934
133 1.8033 4.7458 5.7943
133 1.8032 4.7461 5.7946
133 1.8032 4.7467 5.7953
133 1.8030 4.7462 5.7947
133 1.8027 4.7453 5.7934
133 1.8025 4.7462 5.7948
133 1.8022 4.7456 5.7939
133 1.8020 4.7447 5.7925
134 1.8020 4.7446 5.7924
134 1.8025 4.7462 5.7942
134 1.8023 4.7465 5.7969
134 1.8027 4.7481 5.7985
134 1.8030 4.7475 5.7981
134 1.8028 4.7466 5.7968
134 1.8027 4.7475 5.7976
134 1.8033 4.7481 5.7991
134 1.8030 4.7476 5.7981
134 1.8028 4.7467 5.7968
134 1.8028 4.7482 5.7984
134 1.8028 4.7496 5.8011
134 1.8025 4.7491 5.8005
134 1.8023 4.7482 5.7992
134 1.8028 4.7487 5.8003
134 1.8026 4.7482 5.7994
134 1.8023 4.7473 5.7981
134 1.8029 4.7482 5.8000
135 1.8026 4.7482 5.8005
135 1.8024 4.7490 5.8017
135 1.8028 4.7484 5.8013
135 1.8025 4.7475 5.8000
135 1.8025 4.7481 5.8005
135 1.8029 4.7490 5.8016
135 1.8026 4.7485 5.8006
135 1.8024 4.7475 5.7993
135 1.8024 4.7485 5.8003
135 1.8023 4.7494 5.8013
135 1.8021 4.7488 5.8007
135 1.8019 4.7479 5.7994
135 1.8018 4.7487 5.8001
135 1.8018 4.7490 5.8004
135 1.8018 4.7493 5.8006
135 1.8018 4.7506 5.8017
135 1.8017 4.7523 5.8030
135 1.8015 4.7529 5.8043
135 1.8013 4.7524 5.8034
135 1.8010 4.7515 5.8020
135 1.8016 4.7527 5.8039
135 1.8015 4.7543 5.8051
136 1.8013 4.7534 5.8038
136 1.8013 4.7541 5.8044
136 1.8013 4.7544 5.8047
136 1.8012 4.7550 5.8052
136 1.8012 4.7563 5.8063
136 1.8012 4.7566 5.8065
136 1.8012 4.7583 5.8078
136 1.8015 4.7577 5.8074
136 1.8013 4.7572 5.8065
136 1.8010 4.7563 5.8052
136 1.8016 4.7575 5.8068
136 1.8016 4.7590 5.8079
136 1.8013 4.7581 5.8066
136 1.8013 4.7593 5.8078
136 1.8013 4.7598 5.8082
136 1.8012 4.7600 5.8085
136 1.8012 4.7599 5.8083
136 1.8012 4.7601 5.8083
136 1.8012 4.7603 5.8086
136 1.8011 4.7615 5.8100
136 1.8011 4.7630 5.8110
136 1.8009 4.7624 5.8101
137 1.8014 4.7619 5.8103
